Items,DateTime,Daypart,DayType
Bread,2016-10-30 09:58:11,Morning,Weekend
Scandinavian,2016-10-30 10:05:34,Morning,Weekend
Scandinavian,2016-10-30 10:05:34,Morning,Weekend
Hot chocolate,2016-10-30 10:07:57,Morning,Weekend
Jam,2016-10-30 10:07:57,Morning,Weekend
Cookies,2016-10-30 10:07:57,Morning,Weekend
Muffin,2016-10-30 10:08:41,Morning,Weekend
Coffee,2016-10-30 10:13:03,Morning,Weekend
Pastry,2016-10-30 10:13:03,Morning,Weekend
Bread,2016-10-30 10:13:03,Morning,Weekend
Medialuna,2016-10-30 10:16:55,Morning,Weekend
Pastry,2016-10-30 10:16:55,Morning,Weekend
Muffin,2016-10-30 10:16:55,Morning,Weekend
Medialuna,2016-10-30 10:19:12,Morning,Weekend
Pastry,2016-10-30 10:19:12,Morning,Weekend
Coffee,2016-10-30 10:19:12,Morning,Weekend
Tea,2016-10-30 10:19:12,Morning,Weekend
Pastry,2016-10-30 10:20:51,Morning,Weekend
Bread,2016-10-30 10:20:51,Morning,Weekend
Bread,2016-10-30 10:21:59,Morning,Weekend
Muffin,2016-10-30 10:21:59,Morning,Weekend
Scandinavian,2016-10-30 10:25:58,Morning,Weekend
Medialuna,2016-10-30 10:25:58,Morning,Weekend
Bread,2016-10-30 10:27:21,Morning,Weekend
Medialuna,2016-10-30 10:27:21,Morning,Weekend
Bread,2016-10-30 10:27:21,Morning,Weekend
Jam,2016-10-30 10:30:14,Morning,Weekend
Coffee,2016-10-30 10:30:14,Morning,Weekend
Tartine,2016-10-30 10:30:14,Morning,Weekend
Pastry,2016-10-30 10:30:14,Morning,Weekend
Tea,2016-10-30 10:30:14,Morning,Weekend
Basket,2016-10-30 10:31:24,Morning,Weekend
Bread,2016-10-30 10:31:24,Morning,Weekend
Coffee,2016-10-30 10:31:24,Morning,Weekend
Bread,2016-10-30 10:32:46,Morning,Weekend
Medialuna,2016-10-30 10:32:46,Morning,Weekend
Pastry,2016-10-30 10:32:46,Morning,Weekend
Mineral water,2016-10-30 10:34:36,Morning,Weekend
Scandinavian,2016-10-30 10:34:36,Morning,Weekend
Bread,2016-10-30 10:37:08,Morning,Weekend
Medialuna,2016-10-30 10:37:08,Morning,Weekend
Coffee,2016-10-30 10:37:08,Morning,Weekend
Hot chocolate,2016-10-30 10:38:04,Morning,Weekend
Farm House,2016-10-30 10:41:56,Morning,Weekend
Farm House,2016-10-30 10:43:08,Morning,Weekend
Bread,2016-10-30 10:43:08,Morning,Weekend
Bread,2016-10-30 10:45:22,Morning,Weekend
Medialuna,2016-10-30 10:45:22,Morning,Weekend
Coffee,2016-10-30 10:49:29,Morning,Weekend
Coffee,2016-10-30 10:49:29,Morning,Weekend
Medialuna,2016-10-30 10:49:29,Morning,Weekend
Bread,2016-10-30 10:49:29,Morning,Weekend
Jam,2016-10-30 10:52:15,Morning,Weekend
Scandinavian,2016-10-30 10:53:49,Morning,Weekend
Muffin,2016-10-30 10:53:49,Morning,Weekend
Bread,2016-10-30 10:54:33,Morning,Weekend
Scandinavian,2016-10-30 10:55:22,Morning,Weekend
Fudge,2016-10-30 10:56:08,Morning,Weekend
Scandinavian,2016-10-30 11:02:19,Morning,Weekend
Coffee,2016-10-30 11:03:24,Morning,Weekend
Bread,2016-10-30 11:03:24,Morning,Weekend
Bread,2016-10-30 11:05:30,Morning,Weekend
Jam,2016-10-30 11:05:30,Morning,Weekend
Bread,2016-10-30 11:07:19,Morning,Weekend
Basket,2016-10-30 11:12:56,Morning,Weekend
Scandinavian,2016-10-30 11:16:15,Morning,Weekend
Muffin,2016-10-30 11:16:15,Morning,Weekend
Coffee,2016-10-30 11:22:49,Morning,Weekend
Coffee,2016-10-30 11:25:45,Morning,Weekend
Muffin,2016-10-30 11:25:45,Morning,Weekend
Muffin,2016-10-30 11:27:34,Morning,Weekend
Scandinavian,2016-10-30 11:27:34,Morning,Weekend
Tea,2016-10-30 11:33:08,Morning,Weekend
Bread,2016-10-30 11:33:08,Morning,Weekend
Coffee,2016-10-30 11:37:10,Morning,Weekend
Bread,2016-10-30 11:37:10,Morning,Weekend
Bread,2016-10-30 11:42:40,Morning,Weekend
Tea,2016-10-30 11:42:40,Morning,Weekend
Scandinavian,2016-10-30 11:44:31,Morning,Weekend
Juice,2016-10-30 11:55:51,Morning,Weekend
Tartine,2016-10-30 11:55:51,Morning,Weekend
Coffee,2016-10-30 11:55:51,Morning,Weekend
Muffin,2016-10-30 11:55:51,Morning,Weekend
Scandinavian,2016-10-30 11:57:06,Morning,Weekend
Bread,2016-10-30 11:57:45,Morning,Weekend
Tea,2016-10-30 11:57:45,Morning,Weekend
Scandinavian,2016-10-30 12:00:22,Afternoon,Weekend
Fudge,2016-10-30 12:00:22,Afternoon,Weekend
Coffee,2016-10-30 12:05:47,Afternoon,Weekend
Medialuna,2016-10-30 12:05:47,Afternoon,Weekend
Coffee,2016-10-30 12:08:36,Afternoon,Weekend
Hot chocolate,2016-10-30 12:08:36,Afternoon,Weekend
Medialuna,2016-10-30 12:08:36,Afternoon,Weekend
Coffee,2016-10-30 12:09:04,Afternoon,Weekend
Ella's Kitchen Pouches,2016-10-30 12:15:29,Afternoon,Weekend
Juice,2016-10-30 12:15:29,Afternoon,Weekend
Bread,2016-10-30 12:15:29,Afternoon,Weekend
Muffin,2016-10-30 12:15:29,Afternoon,Weekend
Jam,2016-10-30 12:15:29,Afternoon,Weekend
Coffee,2016-10-30 12:17:02,Afternoon,Weekend
Coffee,2016-10-30 12:23:01,Afternoon,Weekend
Coffee,2016-10-30 12:23:01,Afternoon,Weekend
Medialuna,2016-10-30 12:23:01,Afternoon,Weekend
Bread,2016-10-30 12:25:11,Afternoon,Weekend
Victorian Sponge,2016-10-30 12:25:11,Afternoon,Weekend
Bread,2016-10-30 12:26:58,Afternoon,Weekend
Scandinavian,2016-10-30 12:28:07,Afternoon,Weekend
Bread,2016-10-30 12:33:08,Afternoon,Weekend
Frittata,2016-10-30 12:38:06,Afternoon,Weekend
Coffee,2016-10-30 12:38:06,Afternoon,Weekend
Tea,2016-10-30 12:38:06,Afternoon,Weekend
Hearty & Seasonal,2016-10-30 12:38:06,Afternoon,Weekend
Coffee,2016-10-30 12:39:27,Afternoon,Weekend
Frittata,2016-10-30 12:39:27,Afternoon,Weekend
Scandinavian,2016-10-30 12:45:48,Afternoon,Weekend
Victorian Sponge,2016-10-30 12:59:29,Afternoon,Weekend
Hot chocolate,2016-10-30 12:59:29,Afternoon,Weekend
Tea,2016-10-30 12:59:29,Afternoon,Weekend
Soup,2016-10-30 12:59:29,Afternoon,Weekend
Tea,2016-10-30 13:02:04,Afternoon,Weekend
Cookies,2016-10-30 13:14:04,Afternoon,Weekend
Coffee,2016-10-30 13:14:04,Afternoon,Weekend
Juice,2016-10-30 13:14:04,Afternoon,Weekend
Coffee,2016-10-30 13:14:04,Afternoon,Weekend
Coffee,2016-10-30 13:15:38,Afternoon,Weekend
Pick and Mix Bowls,2016-10-30 13:24:00,Afternoon,Weekend
Hearty & Seasonal,2016-10-30 13:24:00,Afternoon,Weekend
Hearty & Seasonal,2016-10-30 13:24:00,Afternoon,Weekend
Coffee,2016-10-30 13:24:00,Afternoon,Weekend
Smoothies,2016-10-30 13:24:00,Afternoon,Weekend
Coffee,2016-10-30 13:24:00,Afternoon,Weekend
Coffee,2016-10-30 13:33:12,Afternoon,Weekend
Cake,2016-10-30 13:34:07,Afternoon,Weekend
Tartine,2016-10-30 13:37:25,Afternoon,Weekend
Mighty Protein,2016-10-30 13:37:25,Afternoon,Weekend
Tea,2016-10-30 13:37:25,Afternoon,Weekend
Coffee,2016-10-30 13:37:25,Afternoon,Weekend
Hearty & Seasonal,2016-10-30 13:40:20,Afternoon,Weekend
Frittata,2016-10-30 13:40:20,Afternoon,Weekend
Mineral water,2016-10-30 13:40:20,Afternoon,Weekend
Hearty & Seasonal,2016-10-30 13:46:48,Afternoon,Weekend
Mineral water,2016-10-30 13:46:48,Afternoon,Weekend
Muffin,2016-10-30 13:46:48,Afternoon,Weekend
Frittata,2016-10-30 13:49:36,Afternoon,Weekend
Coffee,2016-10-30 13:49:36,Afternoon,Weekend
Tea,2016-10-30 13:49:36,Afternoon,Weekend
Scandinavian,2016-10-30 13:49:36,Afternoon,Weekend
Chicken sand,2016-10-30 13:49:36,Afternoon,Weekend
Bread,2016-10-30 13:51:49,Afternoon,Weekend
Tea,2016-10-30 13:51:49,Afternoon,Weekend
Victorian Sponge,2016-10-30 13:51:49,Afternoon,Weekend
Fudge,2016-10-30 13:54:42,Afternoon,Weekend
Muffin,2016-10-30 13:56:08,Afternoon,Weekend
Coffee,2016-10-30 14:21:38,Afternoon,Weekend
Bread,2016-10-30 14:21:38,Afternoon,Weekend
Bread,2016-10-30 14:22:39,Afternoon,Weekend
Coffee,2016-10-30 14:24:03,Afternoon,Weekend
Bread,2016-10-30 14:24:03,Afternoon,Weekend
Jam,2016-10-30 14:32:26,Afternoon,Weekend
Frittata,2016-10-30 14:32:26,Afternoon,Weekend
Coffee,2016-10-30 14:32:49,Afternoon,Weekend
Scandinavian,2016-10-30 14:35:36,Afternoon,Weekend
Fudge,2016-10-30 14:42:29,Afternoon,Weekend
Fudge,2016-10-30 14:45:44,Afternoon,Weekend
Tea,2016-10-30 14:45:44,Afternoon,Weekend
Coffee,2016-10-30 14:45:44,Afternoon,Weekend
Muffin,2016-10-30 14:45:44,Afternoon,Weekend
Frittata,2016-10-30 14:48:40,Afternoon,Weekend
Bread,2016-10-30 14:48:40,Afternoon,Weekend
Coffee,2016-10-30 14:48:40,Afternoon,Weekend
Coffee,2016-10-31 08:28:31,Morning,Weekday
Cake,2016-10-31 08:28:31,Morning,Weekday
Tartine,2016-10-31 08:47:05,Morning,Weekday
Bread,2016-10-31 08:47:05,Morning,Weekday
Coffee,2016-10-31 08:57:47,Morning,Weekday
Bread,2016-10-31 08:57:47,Morning,Weekday
Bread,2016-10-31 09:04:06,Morning,Weekday
Coffee,2016-10-31 09:10:09,Morning,Weekday
Coffee,2016-10-31 09:10:09,Morning,Weekday
Pastry,2016-10-31 09:10:09,Morning,Weekday
Medialuna,2016-10-31 09:10:09,Morning,Weekday
Juice,2016-10-31 09:11:08,Morning,Weekday
Bread,2016-10-31 09:12:56,Morning,Weekday
Coffee,2016-10-31 09:16:01,Morning,Weekday
Coffee,2016-10-31 09:16:01,Morning,Weekday
Jam,2016-10-31 09:16:01,Morning,Weekday
Bread,2016-10-31 09:19:41,Morning,Weekday
Bread,2016-10-31 09:20:12,Morning,Weekday
Coffee,2016-10-31 09:20:12,Morning,Weekday
Tea,2016-10-31 09:22:48,Morning,Weekday
Coffee,2016-10-31 09:27:11,Morning,Weekday
Bread,2016-10-31 09:29:23,Morning,Weekday
Coke,2016-10-31 09:29:23,Morning,Weekday
Coffee,2016-10-31 09:39:09,Morning,Weekday
Coffee,2016-10-31 09:39:09,Morning,Weekday
Tea,2016-10-31 09:43:37,Morning,Weekday
Pastry,2016-10-31 09:43:37,Morning,Weekday
Farm House,2016-10-31 09:43:37,Morning,Weekday
Pastry,2016-10-31 09:46:48,Morning,Weekday
Pastry,2016-10-31 09:46:48,Morning,Weekday
Coffee,2016-10-31 09:46:48,Morning,Weekday
Juice,2016-10-31 09:46:48,Morning,Weekday
Coffee,2016-10-31 09:51:11,Morning,Weekday
Pastry,2016-10-31 09:51:11,Morning,Weekday
Juice,2016-10-31 09:51:11,Morning,Weekday
Farm House,2016-10-31 09:52:22,Morning,Weekday
Pastry,2016-10-31 09:56:37,Morning,Weekday
Pastry,2016-10-31 09:56:37,Morning,Weekday
Coffee,2016-10-31 09:56:37,Morning,Weekday
Bread,2016-10-31 09:56:37,Morning,Weekday
Bread,2016-10-31 09:58:06,Morning,Weekday
Coffee,2016-10-31 10:04:02,Morning,Weekday
Pastry,2016-10-31 10:04:02,Morning,Weekday
Farm House,2016-10-31 10:04:44,Morning,Weekday
Bread,2016-10-31 10:07:40,Morning,Weekday
Coffee,2016-10-31 10:12:48,Morning,Weekday
Coffee,2016-10-31 10:12:48,Morning,Weekday
Medialuna,2016-10-31 10:12:48,Morning,Weekday
Muffin,2016-10-31 10:12:48,Morning,Weekday
Coffee,2016-10-31 10:12:48,Morning,Weekday
Coffee,2016-10-31 10:21:29,Morning,Weekday
Tea,2016-10-31 10:21:29,Morning,Weekday
Cake,2016-10-31 10:21:29,Morning,Weekday
Coffee,2016-10-31 10:24:21,Morning,Weekday
Coffee,2016-10-31 10:24:21,Morning,Weekday
Pastry,2016-10-31 10:24:21,Morning,Weekday
Pastry,2016-10-31 10:24:21,Morning,Weekday
Coffee,2016-10-31 10:27:30,Morning,Weekday
Tea,2016-10-31 10:27:30,Morning,Weekday
Farm House,2016-10-31 10:31:05,Morning,Weekday
Muffin,2016-10-31 10:31:05,Morning,Weekday
Bread,2016-10-31 10:35:23,Morning,Weekday
Muffin,2016-10-31 10:35:23,Morning,Weekday
Pastry,2016-10-31 10:35:23,Morning,Weekday
Pastry,2016-10-31 10:36:37,Morning,Weekday
Coffee,2016-10-31 10:38:09,Morning,Weekday
Coffee,2016-10-31 10:59:17,Morning,Weekday
Coffee,2016-10-31 11:02:37,Morning,Weekday
Cake,2016-10-31 11:02:37,Morning,Weekday
Farm House,2016-10-31 11:05:45,Morning,Weekday
Bread,2016-10-31 11:08:53,Morning,Weekday
Coffee,2016-10-31 11:11:01,Morning,Weekday
Cookies,2016-10-31 11:13:08,Morning,Weekday
Cake,2016-10-31 11:13:08,Morning,Weekday
Coffee,2016-10-31 11:13:08,Morning,Weekday
My-5 Fruit Shoot,2016-10-31 11:13:08,Morning,Weekday
Cookies,2016-10-31 11:18:29,Morning,Weekday
Cookies,2016-10-31 11:18:29,Morning,Weekday
Tea,2016-10-31 11:18:29,Morning,Weekday
Pastry,2016-10-31 11:18:29,Morning,Weekday
Coffee,2016-10-31 11:25:56,Morning,Weekday
Coffee,2016-10-31 11:25:56,Morning,Weekday
Muffin,2016-10-31 11:25:56,Morning,Weekday
Farm House,2016-10-31 11:29:01,Morning,Weekday
Coffee,2016-10-31 11:30:59,Morning,Weekday
Bread,2016-10-31 11:30:59,Morning,Weekday
Cookies,2016-10-31 11:37:30,Morning,Weekday
Jam,2016-10-31 11:42:05,Morning,Weekday
Coffee,2016-10-31 11:42:05,Morning,Weekday
Coffee,2016-10-31 11:42:05,Morning,Weekday
Juice,2016-10-31 11:42:05,Morning,Weekday
Coffee,2016-10-31 11:43:10,Morning,Weekday
Soup,2016-10-31 11:43:10,Morning,Weekday
Tea,2016-10-31 11:47:18,Morning,Weekday
Coffee,2016-10-31 11:52:43,Morning,Weekday
Jam,2016-10-31 11:52:43,Morning,Weekday
Farm House,2016-10-31 11:53:11,Morning,Weekday
Tartine,2016-10-31 11:55:00,Morning,Weekday
Coffee,2016-10-31 11:55:00,Morning,Weekday
Tea,2016-10-31 11:55:00,Morning,Weekday
Coffee,2016-10-31 11:59:23,Morning,Weekday
Coffee,2016-10-31 11:59:23,Morning,Weekday
Cake,2016-10-31 11:59:23,Morning,Weekday
Coffee,2016-10-31 12:03:12,Afternoon,Weekday
Coffee,2016-10-31 12:03:12,Afternoon,Weekday
Muffin,2016-10-31 12:03:12,Afternoon,Weekday
Bread,2016-10-31 12:08:28,Afternoon,Weekday
Coffee,2016-10-31 12:08:28,Afternoon,Weekday
Tea,2016-10-31 12:14:20,Afternoon,Weekday
Juice,2016-10-31 12:14:20,Afternoon,Weekday
Pick and Mix Bowls,2016-10-31 12:14:20,Afternoon,Weekday
Cookies,2016-10-31 12:14:20,Afternoon,Weekday
Hearty & Seasonal,2016-10-31 12:16:32,Afternoon,Weekday
Soup,2016-10-31 12:16:32,Afternoon,Weekday
Hearty & Seasonal,2016-10-31 12:19:37,Afternoon,Weekday
Tea,2016-10-31 12:19:37,Afternoon,Weekday
Farm House,2016-10-31 12:19:37,Afternoon,Weekday
Bread,2016-10-31 12:20:21,Afternoon,Weekday
Tea,2016-10-31 12:27:41,Afternoon,Weekday
Soup,2016-10-31 12:27:41,Afternoon,Weekday
Farm House,2016-10-31 12:37:07,Afternoon,Weekday
Soup,2016-10-31 12:43:35,Afternoon,Weekday
Hearty & Seasonal,2016-10-31 12:43:35,Afternoon,Weekday
Coffee,2016-10-31 12:43:35,Afternoon,Weekday
Bread,2016-10-31 12:50:57,Afternoon,Weekday
Muffin,2016-10-31 12:50:57,Afternoon,Weekday
Hearty & Seasonal,2016-10-31 12:50:57,Afternoon,Weekday
Coffee,2016-10-31 12:53:33,Afternoon,Weekday
Coffee,2016-10-31 12:53:33,Afternoon,Weekday
Cookies,2016-10-31 12:53:33,Afternoon,Weekday
Bread,2016-10-31 12:54:28,Afternoon,Weekday
Tea,2016-10-31 12:56:47,Afternoon,Weekday
Muffin,2016-10-31 12:56:47,Afternoon,Weekday
Tea,2016-10-31 12:59:08,Afternoon,Weekday
Soup,2016-10-31 13:02:11,Afternoon,Weekday
Hearty & Seasonal,2016-10-31 13:02:11,Afternoon,Weekday
Coffee,2016-10-31 13:05:49,Afternoon,Weekday
Tea,2016-10-31 13:05:49,Afternoon,Weekday
Focaccia,2016-10-31 13:05:49,Afternoon,Weekday
Sandwich,2016-10-31 13:08:30,Afternoon,Weekday
Tartine,2016-10-31 13:09:31,Afternoon,Weekday
Coffee,2016-10-31 13:09:31,Afternoon,Weekday
Fudge,2016-10-31 13:21:17,Afternoon,Weekday
Coffee,2016-10-31 13:21:17,Afternoon,Weekday
Coffee,2016-10-31 13:21:17,Afternoon,Weekday
Coffee,2016-10-31 13:26:03,Afternoon,Weekday
Bread,2016-10-31 13:31:33,Afternoon,Weekday
Coke,2016-10-31 13:50:17,Afternoon,Weekday
Soup,2016-10-31 13:50:17,Afternoon,Weekday
Muffin,2016-10-31 13:51:18,Afternoon,Weekday
Tea,2016-10-31 13:55:22,Afternoon,Weekday
Coffee,2016-10-31 13:55:22,Afternoon,Weekday
Cookies,2016-10-31 13:55:22,Afternoon,Weekday
Muffin,2016-10-31 13:55:22,Afternoon,Weekday
Mighty Protein,2016-10-31 14:00:21,Afternoon,Weekday
Hearty & Seasonal,2016-10-31 14:00:21,Afternoon,Weekday
Coffee,2016-10-31 14:00:21,Afternoon,Weekday
Coke,2016-10-31 14:00:21,Afternoon,Weekday
Tea,2016-10-31 14:01:30,Afternoon,Weekday
Muffin,2016-10-31 14:01:30,Afternoon,Weekday
Sandwich,2016-10-31 14:01:30,Afternoon,Weekday
Coffee,2016-10-31 14:04:16,Afternoon,Weekday
Muffin,2016-10-31 14:04:16,Afternoon,Weekday
Coffee,2016-10-31 14:05:07,Afternoon,Weekday
Bread,2016-10-31 14:05:07,Afternoon,Weekday
Coffee,2016-10-31 14:20:29,Afternoon,Weekday
Muffin,2016-10-31 14:20:29,Afternoon,Weekday
Bread,2016-10-31 14:22:31,Afternoon,Weekday
Hot chocolate,2016-10-31 14:22:31,Afternoon,Weekday
Cookies,2016-10-31 14:22:31,Afternoon,Weekday
Mineral water,2016-10-31 14:35:27,Afternoon,Weekday
Muffin,2016-10-31 14:35:27,Afternoon,Weekday
Tea,2016-10-31 14:42:34,Afternoon,Weekday
Muffin,2016-10-31 14:44:48,Afternoon,Weekday
Coffee,2016-10-31 14:47:16,Afternoon,Weekday
Juice,2016-10-31 14:47:16,Afternoon,Weekday
Coffee,2016-10-31 14:47:36,Afternoon,Weekday
Muffin,2016-10-31 14:47:36,Afternoon,Weekday
Tea,2016-10-31 14:48:49,Afternoon,Weekday
Coffee,2016-10-31 14:49:28,Afternoon,Weekday
Muffin,2016-10-31 14:49:28,Afternoon,Weekday
Sandwich,2016-10-31 14:50:42,Afternoon,Weekday
Hearty & Seasonal,2016-10-31 14:50:42,Afternoon,Weekday
Bread,2016-10-31 14:50:42,Afternoon,Weekday
Mineral water,2016-10-31 14:50:42,Afternoon,Weekday
Tea,2016-10-31 14:56:25,Afternoon,Weekday
Coffee,2016-10-31 14:56:25,Afternoon,Weekday
Mineral water,2016-10-31 15:05:17,Afternoon,Weekday
Coffee,2016-10-31 15:16:49,Afternoon,Weekday
Soup,2016-10-31 15:20:16,Afternoon,Weekday
Tea,2016-10-31 15:20:16,Afternoon,Weekday
Bread,2016-10-31 17:06:47,Evening,Weekday
Coffee,2016-10-31 17:06:47,Evening,Weekday
Bread,2016-10-31 17:08:09,Evening,Weekday
Muffin,2016-10-31 17:08:09,Evening,Weekday
Coffee,2016-10-31 17:40:21,Evening,Weekday
Bread,2016-10-31 17:49:42,Evening,Weekday
Cookies,2016-10-31 18:22:24,Evening,Weekday
Coffee,2016-10-31 18:22:24,Evening,Weekday
Coffee,2016-01-11 07:51:20,Morning,Weekday
Pastry,2016-01-11 07:51:20,Morning,Weekday
Coffee,2016-01-11 08:20:50,Morning,Weekday
Pastry,2016-01-11 08:20:50,Morning,Weekday
Jam,2016-01-11 08:22:28,Morning,Weekday
Tea,2016-01-11 08:22:28,Morning,Weekday
Tea,2016-01-11 08:45:20,Morning,Weekday
Tea,2016-01-11 08:45:20,Morning,Weekday
Pastry,2016-01-11 09:07:47,Morning,Weekday
Pastry,2016-01-11 09:07:47,Morning,Weekday
Ella's Kitchen Pouches,2016-01-11 09:07:47,Morning,Weekday
Pastry,2016-01-11 09:09:26,Morning,Weekday
Farm House,2016-01-11 09:26:03,Morning,Weekday
Tea,2016-01-11 09:26:03,Morning,Weekday
Tea,2016-01-11 09:29:25,Morning,Weekday
Victorian Sponge,2016-01-11 09:29:25,Morning,Weekday
Tea,2016-01-11 09:43:13,Morning,Weekday
Pastry,2016-01-11 09:43:13,Morning,Weekday
Bread,2016-01-11 10:02:27,Morning,Weekday
Coffee,2016-01-11 10:04:05,Morning,Weekday
Bread,2016-01-11 10:29:02,Morning,Weekday
Coffee,2016-01-11 10:29:02,Morning,Weekday
Coffee,2016-01-11 10:34:53,Morning,Weekday
Pastry,2016-01-11 10:34:53,Morning,Weekday
Pastry,2016-01-11 10:34:53,Morning,Weekday
Soup,2016-01-11 10:50:50,Morning,Weekday
Tea,2016-01-11 10:50:50,Morning,Weekday
Bread,2016-01-11 10:56:08,Morning,Weekday
Coffee,2016-01-11 11:00:48,Morning,Weekday
Bread,2016-01-11 11:04:36,Morning,Weekday
Bread,2016-01-11 11:04:36,Morning,Weekday
Bread,2016-01-11 11:06:09,Morning,Weekday
Scandinavian,2016-01-11 11:06:09,Morning,Weekday
Bread,2016-01-11 11:08:18,Morning,Weekday
Cake,2016-01-11 11:08:18,Morning,Weekday
Cookies,2016-01-11 11:08:18,Morning,Weekday
Coffee,2016-01-11 11:10:11,Morning,Weekday
Coffee,2016-01-11 11:10:11,Morning,Weekday
Tea,2016-01-11 11:10:11,Morning,Weekday
Coffee,2016-01-11 11:11:58,Morning,Weekday
Cookies,2016-01-11 11:11:58,Morning,Weekday
Coffee,2016-01-11 11:13:20,Morning,Weekday
Bread,2016-01-11 11:16:30,Morning,Weekday
Coffee,2016-01-11 11:22:36,Morning,Weekday
Pastry,2016-01-11 11:22:36,Morning,Weekday
Coffee,2016-01-11 11:23:19,Morning,Weekday
Coffee,2016-01-11 11:23:19,Morning,Weekday
Coffee,2016-01-11 11:25:53,Morning,Weekday
Scandinavian,2016-01-11 11:30:00,Morning,Weekday
Bread,2016-01-11 11:30:00,Morning,Weekday
Coffee,2016-01-11 11:49:31,Morning,Weekday
Coffee,2016-01-11 11:49:31,Morning,Weekday
Pastry,2016-01-11 11:49:31,Morning,Weekday
Scandinavian,2016-01-11 11:54:17,Morning,Weekday
Coffee,2016-01-11 11:54:17,Morning,Weekday
Pastry,2016-01-11 11:54:17,Morning,Weekday
Hearty & Seasonal,2016-01-11 12:03:37,Afternoon,Weekday
Coffee,2016-01-11 12:03:37,Afternoon,Weekday
Muffin,2016-01-11 12:03:37,Afternoon,Weekday
Bread,2016-01-11 12:10:09,Afternoon,Weekday
Coffee,2016-01-11 12:10:38,Afternoon,Weekday
Scandinavian,2016-01-11 12:12:26,Afternoon,Weekday
Soup,2016-01-11 12:15:36,Afternoon,Weekday
Coffee,2016-01-11 12:15:36,Afternoon,Weekday
Coffee,2016-01-11 12:20:30,Afternoon,Weekday
Cookies,2016-01-11 12:20:30,Afternoon,Weekday
Tartine,2016-01-11 12:20:30,Afternoon,Weekday
Bread,2016-01-11 12:22:04,Afternoon,Weekday
Bread,2016-01-11 12:26:43,Afternoon,Weekday
Tea,2016-01-11 12:26:43,Afternoon,Weekday
Tea,2016-01-11 12:26:43,Afternoon,Weekday
Pastry,2016-01-11 12:30:30,Afternoon,Weekday
Coffee,2016-01-11 12:30:30,Afternoon,Weekday
Tartine,2016-01-11 12:31:30,Afternoon,Weekday
Coffee,2016-01-11 12:31:30,Afternoon,Weekday
Bread,2016-01-11 12:33:31,Afternoon,Weekday
Cookies,2016-01-11 12:33:31,Afternoon,Weekday
Sandwich,2016-01-11 12:37:29,Afternoon,Weekday
Tartine,2016-01-11 12:41:16,Afternoon,Weekday
Bread,2016-01-11 12:49:16,Afternoon,Weekday
Pastry,2016-01-11 12:49:16,Afternoon,Weekday
Bread,2016-01-11 12:53:18,Afternoon,Weekday
Scandinavian,2016-01-11 12:53:18,Afternoon,Weekday
Scandinavian,2016-01-11 13:08:46,Afternoon,Weekday
Alfajores,2016-01-11 13:11:34,Afternoon,Weekday
Coffee,2016-01-11 13:11:34,Afternoon,Weekday
Coffee,2016-01-11 13:15:08,Afternoon,Weekday
Coffee,2016-01-11 13:19:00,Afternoon,Weekday
Coke,2016-01-11 13:19:00,Afternoon,Weekday
Soup,2016-01-11 13:19:00,Afternoon,Weekday
Cake,2016-01-11 13:21:52,Afternoon,Weekday
Tea,2016-01-11 13:31:35,Afternoon,Weekday
Sandwich,2016-01-11 13:31:35,Afternoon,Weekday
Soup,2016-01-11 13:31:35,Afternoon,Weekday
Coffee,2016-01-11 13:33:54,Afternoon,Weekday
Hearty & Seasonal,2016-01-11 13:37:48,Afternoon,Weekday
Bread,2016-01-11 13:37:48,Afternoon,Weekday
Alfajores,2016-01-11 13:41:53,Afternoon,Weekday
Cake,2016-01-11 13:45:21,Afternoon,Weekday
Tea,2016-01-11 14:10:03,Afternoon,Weekday
Tea,2016-01-11 14:10:03,Afternoon,Weekday
Bread,2016-01-11 14:10:03,Afternoon,Weekday
Coffee,2016-01-11 14:13:26,Afternoon,Weekday
Tea,2016-01-11 14:13:26,Afternoon,Weekday
Bread,2016-01-11 14:13:26,Afternoon,Weekday
Soup,2016-01-11 14:13:26,Afternoon,Weekday
Coffee,2016-01-11 14:14:01,Afternoon,Weekday
Coffee,2016-01-11 14:14:01,Afternoon,Weekday
Scandinavian,2016-01-11 14:18:52,Afternoon,Weekday
Fudge,2016-01-11 14:22:07,Afternoon,Weekday
Coffee,2016-01-11 14:25:14,Afternoon,Weekday
Sandwich,2016-01-11 14:25:14,Afternoon,Weekday
Tea,2016-01-11 14:37:16,Afternoon,Weekday
Bread,2016-01-11 14:37:16,Afternoon,Weekday
Cookies,2016-01-11 14:37:16,Afternoon,Weekday
Pastry,2016-01-11 14:37:16,Afternoon,Weekday
Muffin,2016-01-11 14:37:26,Afternoon,Weekday
Scandinavian,2016-01-11 14:42:31,Afternoon,Weekday
Jam,2016-01-11 14:54:33,Afternoon,Weekday
Tea,2016-01-11 14:54:33,Afternoon,Weekday
Juice,2016-01-11 15:02:23,Afternoon,Weekday
Tea,2016-01-11 15:02:23,Afternoon,Weekday
Alfajores,2016-01-11 15:02:23,Afternoon,Weekday
Cake,2016-01-11 15:18:43,Afternoon,Weekday
Muffin,2016-01-11 15:18:43,Afternoon,Weekday
Coffee,2016-01-11 15:18:43,Afternoon,Weekday
Soup,2016-01-11 15:18:43,Afternoon,Weekday
Hot chocolate,2016-01-11 15:33:18,Afternoon,Weekday
Cake,2016-01-11 15:33:18,Afternoon,Weekday
Coffee,2016-01-11 15:33:18,Afternoon,Weekday
Cake,2016-01-11 15:37:30,Afternoon,Weekday
Cookies,2016-01-11 15:37:30,Afternoon,Weekday
Tea,2016-01-11 15:48:44,Afternoon,Weekday
Bread,2016-01-11 15:48:44,Afternoon,Weekday
Alfajores,2016-01-11 16:07:11,Afternoon,Weekday
Coffee,2016-01-11 16:07:11,Afternoon,Weekday
Coffee,2016-01-11 16:07:11,Afternoon,Weekday
Coffee,2016-01-11 16:07:11,Afternoon,Weekday
Juice,2016-01-11 16:07:11,Afternoon,Weekday
Coffee,2016-01-11 16:08:22,Afternoon,Weekday
Tea,2016-01-11 16:08:22,Afternoon,Weekday
Soup,2016-01-11 16:08:22,Afternoon,Weekday
Hot chocolate,2016-01-11 16:10:03,Afternoon,Weekday
Cookies,2016-01-11 16:10:42,Afternoon,Weekday
Coffee,2016-01-11 16:26:55,Afternoon,Weekday
Medialuna,2016-01-11 16:26:55,Afternoon,Weekday
Bread,2016-01-11 16:28:57,Afternoon,Weekday
Eggs,2016-01-11 16:28:57,Afternoon,Weekday
Scandinavian,2016-01-11 17:46:13,Evening,Weekday
Medialuna,2016-01-11 18:43:55,Evening,Weekday
Coffee,2016-02-11 08:02:20,Morning,Weekday
Coffee,2016-02-11 08:02:20,Morning,Weekday
Pastry,2016-02-11 08:02:20,Morning,Weekday
Coffee,2016-02-11 08:05:03,Morning,Weekday
Bread,2016-02-11 08:05:03,Morning,Weekday
Bread,2016-02-11 08:07:05,Morning,Weekday
Coffee,2016-02-11 08:07:05,Morning,Weekday
Pastry,2016-02-11 08:07:05,Morning,Weekday
Coffee,2016-02-11 08:08:45,Morning,Weekday
Pastry,2016-02-11 08:08:45,Morning,Weekday
Pastry,2016-02-11 08:11:35,Morning,Weekday
Coffee,2016-02-11 08:12:03,Morning,Weekday
Coffee,2016-02-11 08:12:51,Morning,Weekday
Coffee,2016-02-11 08:29:04,Morning,Weekday
Hot chocolate,2016-02-11 08:29:04,Morning,Weekday
Pastry,2016-02-11 08:29:04,Morning,Weekday
Coke,2016-02-11 08:53:32,Morning,Weekday
Coffee,2016-02-11 09:02:24,Morning,Weekday
Jam,2016-02-11 09:02:24,Morning,Weekday
Tea,2016-02-11 09:03:13,Morning,Weekday
Bread,2016-02-11 09:05:25,Morning,Weekday
Pastry,2016-02-11 09:05:25,Morning,Weekday
Coffee,2016-02-11 09:18:53,Morning,Weekday
Alfajores,2016-02-11 09:18:53,Morning,Weekday
Farm House,2016-02-11 09:18:53,Morning,Weekday
Tea,2016-02-11 09:22:47,Morning,Weekday
Pastry,2016-02-11 09:22:47,Morning,Weekday
Bread,2016-02-11 09:25:31,Morning,Weekday
Coffee,2016-02-11 09:27:58,Morning,Weekday
Jam,2016-02-11 09:27:58,Morning,Weekday
Coffee,2016-02-11 09:33:47,Morning,Weekday
Tea,2016-02-11 09:33:47,Morning,Weekday
Coffee,2016-02-11 09:33:47,Morning,Weekday
Pastry,2016-02-11 09:33:47,Morning,Weekday
Farm House,2016-02-11 09:35:10,Morning,Weekday
Coffee,2016-02-11 09:52:58,Morning,Weekday
Bread,2016-02-11 09:52:58,Morning,Weekday
Pastry,2016-02-11 09:52:58,Morning,Weekday
Farm House,2016-02-11 09:53:28,Morning,Weekday
Coffee,2016-02-11 09:54:47,Morning,Weekday
Coffee,2016-02-11 09:54:47,Morning,Weekday
Pastry,2016-02-11 09:54:47,Morning,Weekday
Farm House,2016-02-11 10:12:15,Morning,Weekday
Coffee,2016-02-11 10:13:27,Morning,Weekday
Pastry,2016-02-11 10:13:27,Morning,Weekday
Coffee,2016-02-11 10:15:48,Morning,Weekday
Coffee,2016-02-11 10:17:22,Morning,Weekday
Pastry,2016-02-11 10:17:22,Morning,Weekday
Bread,2016-02-11 10:29:56,Morning,Weekday
Bread,2016-02-11 10:29:56,Morning,Weekday
Bread,2016-02-11 10:37:45,Morning,Weekday
Coffee,2016-02-11 10:37:45,Morning,Weekday
Pastry,2016-02-11 10:37:45,Morning,Weekday
Pastry,2016-02-11 10:44:50,Morning,Weekday
Coffee,2016-02-11 10:44:50,Morning,Weekday
Coffee,2016-02-11 10:48:08,Morning,Weekday
Farm House,2016-02-11 10:48:08,Morning,Weekday
Farm House,2016-02-11 10:52:20,Morning,Weekday
Farm House,2016-02-11 10:52:20,Morning,Weekday
Pastry,2016-02-11 10:52:20,Morning,Weekday
Bread,2016-02-11 10:53:48,Morning,Weekday
Juice,2016-02-11 10:53:48,Morning,Weekday
Alfajores,2016-02-11 10:53:48,Morning,Weekday
Coffee,2016-02-11 10:56:40,Morning,Weekday
Pastry,2016-02-11 10:56:40,Morning,Weekday
Bread,2016-02-11 10:59:16,Morning,Weekday
Alfajores,2016-02-11 10:59:16,Morning,Weekday
Bread,2016-02-11 11:00:57,Morning,Weekday
Coffee,2016-02-11 11:03:49,Morning,Weekday
Cookies,2016-02-11 11:03:49,Morning,Weekday
Coffee,2016-02-11 11:04:47,Morning,Weekday
Cookies,2016-02-11 11:15:13,Morning,Weekday
Hearty & Seasonal,2016-02-11 11:29:15,Morning,Weekday
Coffee,2016-02-11 11:35:36,Morning,Weekday
Jam,2016-02-11 11:39:45,Morning,Weekday
Tartine,2016-02-11 11:39:45,Morning,Weekday
Bread,2016-02-11 11:39:45,Morning,Weekday
Farm House,2016-02-11 11:58:42,Morning,Weekday
Scandinavian,2016-02-11 11:58:42,Morning,Weekday
Hearty & Seasonal,2016-02-11 12:06:51,Afternoon,Weekday
Coffee,2016-02-11 12:06:51,Afternoon,Weekday
Muffin,2016-02-11 12:06:51,Afternoon,Weekday
Scandinavian,2016-02-11 12:06:51,Afternoon,Weekday
Tartine,2016-02-11 12:11:56,Afternoon,Weekday
Pick and Mix Bowls,2016-02-11 12:11:56,Afternoon,Weekday
Coffee,2016-02-11 12:11:56,Afternoon,Weekday
Coke,2016-02-11 12:11:56,Afternoon,Weekday
Bread,2016-02-11 12:14:15,Afternoon,Weekday
Scandinavian,2016-02-11 12:18:15,Afternoon,Weekday
Farm House,2016-02-11 12:18:15,Afternoon,Weekday
Alfajores,2016-02-11 12:18:15,Afternoon,Weekday
Coffee,2016-02-11 12:18:15,Afternoon,Weekday
Coffee,2016-02-11 12:18:15,Afternoon,Weekday
Juice,2016-02-11 12:24:06,Afternoon,Weekday
Mineral water,2016-02-11 12:24:06,Afternoon,Weekday
Soup,2016-02-11 12:24:06,Afternoon,Weekday
Soup,2016-02-11 12:27:31,Afternoon,Weekday
Tea,2016-02-11 12:27:31,Afternoon,Weekday
Juice,2016-02-11 12:30:42,Afternoon,Weekday
Tea,2016-02-11 12:30:42,Afternoon,Weekday
Cookies,2016-02-11 12:30:42,Afternoon,Weekday
Soup,2016-02-11 12:30:42,Afternoon,Weekday
Hearty & Seasonal,2016-02-11 12:33:51,Afternoon,Weekday
Tea,2016-02-11 12:33:51,Afternoon,Weekday
Fudge,2016-02-11 12:35:41,Afternoon,Weekday
Coffee,2016-02-11 12:39:02,Afternoon,Weekday
Mineral water,2016-02-11 12:39:02,Afternoon,Weekday
Juice,2016-02-11 12:39:02,Afternoon,Weekday
Soup,2016-02-11 12:39:02,Afternoon,Weekday
Hearty & Seasonal,2016-02-11 12:52:44,Afternoon,Weekday
Hearty & Seasonal,2016-02-11 12:54:49,Afternoon,Weekday
Smoothies,2016-02-11 12:54:49,Afternoon,Weekday
Hearty & Seasonal,2016-02-11 12:56:40,Afternoon,Weekday
Tea,2016-02-11 12:56:40,Afternoon,Weekday
Coffee,2016-02-11 13:02:57,Afternoon,Weekday
Sandwich,2016-02-11 13:02:57,Afternoon,Weekday
Sandwich,2016-02-11 13:02:57,Afternoon,Weekday
Cookies,2016-02-11 13:09:40,Afternoon,Weekday
Farm House,2016-02-11 13:09:40,Afternoon,Weekday
Soup,2016-02-11 13:11:57,Afternoon,Weekday
Tea,2016-02-11 13:11:57,Afternoon,Weekday
Juice,2016-02-11 13:11:57,Afternoon,Weekday
Soup,2016-02-11 13:12:44,Afternoon,Weekday
Coffee,2016-02-11 13:16:48,Afternoon,Weekday
Bread,2016-02-11 13:23:56,Afternoon,Weekday
Cookies,2016-02-11 13:42:15,Afternoon,Weekday
Tea,2016-02-11 13:42:15,Afternoon,Weekday
Soup,2016-02-11 13:46:42,Afternoon,Weekday
Hearty & Seasonal,2016-02-11 13:46:42,Afternoon,Weekday
Bread,2016-02-11 13:46:42,Afternoon,Weekday
Coffee,2016-02-11 13:50:59,Afternoon,Weekday
Coffee,2016-02-11 13:58:39,Afternoon,Weekday
Coffee,2016-02-11 14:00:37,Afternoon,Weekday
Tea,2016-02-11 14:00:37,Afternoon,Weekday
Bread,2016-02-11 14:01:20,Afternoon,Weekday
Tea,2016-02-11 14:05:20,Afternoon,Weekday
Coffee,2016-02-11 14:11:14,Afternoon,Weekday
Tea,2016-02-11 14:11:14,Afternoon,Weekday
Coffee,2016-02-11 14:11:50,Afternoon,Weekday
Fudge,2016-02-11 14:34:44,Afternoon,Weekday
Tea,2016-02-11 15:03:25,Afternoon,Weekday
Soup,2016-02-11 15:25:57,Afternoon,Weekday
Tea,2016-02-11 15:25:57,Afternoon,Weekday
Juice,2016-02-11 15:33:54,Afternoon,Weekday
Alfajores,2016-02-11 15:46:22,Afternoon,Weekday
Bread,2016-02-11 15:57:42,Afternoon,Weekday
Coffee,2016-02-11 16:25:49,Afternoon,Weekday
Alfajores,2016-02-11 16:25:49,Afternoon,Weekday
Juice,2016-02-11 16:54:35,Afternoon,Weekday
Alfajores,2016-02-11 16:54:35,Afternoon,Weekday
Cookies,2016-02-11 16:54:35,Afternoon,Weekday
Pick and Mix Bowls,2016-02-11 16:54:35,Afternoon,Weekday
Mineral water,2016-02-11 16:54:35,Afternoon,Weekday
Coffee,2016-02-11 17:01:56,Evening,Weekday
Alfajores,2016-02-11 17:01:56,Evening,Weekday
Fudge,2016-02-11 17:41:01,Evening,Weekday
Mighty Protein,2016-02-11 18:08:40,Evening,Weekday
Juice,2016-02-11 18:08:40,Evening,Weekday
Coffee,2016-02-11 18:13:04,Evening,Weekday
Mineral water,2016-02-11 18:13:04,Evening,Weekday
Alfajores,2016-02-11 18:13:04,Evening,Weekday
Mighty Protein,2016-02-11 18:19:43,Evening,Weekday
Coffee,2016-02-11 18:19:43,Evening,Weekday
Alfajores,2016-02-11 18:40:02,Evening,Weekday
Coffee,2016-03-11 07:46:50,Morning,Weekday
Bread,2016-03-11 07:46:50,Morning,Weekday
Medialuna,2016-03-11 07:50:50,Morning,Weekday
Medialuna,2016-03-11 07:50:50,Morning,Weekday
Medialuna,2016-03-11 08:01:08,Morning,Weekday
Bread,2016-03-11 08:01:08,Morning,Weekday
Farm House,2016-03-11 08:07:16,Morning,Weekday
Coffee,2016-03-11 08:08:26,Morning,Weekday
Pastry,2016-03-11 08:08:26,Morning,Weekday
Farm House,2016-03-11 08:09:59,Morning,Weekday
Coffee,2016-03-11 08:15:21,Morning,Weekday
Coffee,2016-03-11 08:15:21,Morning,Weekday
Pastry,2016-03-11 08:15:21,Morning,Weekday
Pastry,2016-03-11 08:15:21,Morning,Weekday
Coffee,2016-03-11 08:15:21,Morning,Weekday
Medialuna,2016-03-11 08:40:43,Morning,Weekday
Bread,2016-03-11 08:49:23,Morning,Weekday
Tea,2016-03-11 08:49:23,Morning,Weekday
Sandwich,2016-03-11 08:49:23,Morning,Weekday
Bread,2016-03-11 08:54:40,Morning,Weekday
Jam,2016-03-11 09:00:24,Morning,Weekday
Coffee,2016-03-11 09:00:24,Morning,Weekday
Farm House,2016-03-11 09:00:24,Morning,Weekday
Focaccia,2016-03-11 09:02:32,Morning,Weekday
Bread,2016-03-11 09:06:17,Morning,Weekday
Tartine,2016-03-11 09:08:32,Morning,Weekday
Pastry,2016-03-11 09:08:32,Morning,Weekday
Bread,2016-03-11 09:08:32,Morning,Weekday
My-5 Fruit Shoot,2016-03-11 09:08:32,Morning,Weekday
Farm House,2016-03-11 09:13:37,Morning,Weekday
Pastry,2016-03-11 09:13:37,Morning,Weekday
Bread,2016-03-11 09:19:54,Morning,Weekday
Pastry,2016-03-11 09:19:54,Morning,Weekday
Pastry,2016-03-11 09:24:38,Morning,Weekday
Bread,2016-03-11 09:24:38,Morning,Weekday
Jam,2016-03-11 09:31:19,Morning,Weekday
Coffee,2016-03-11 09:31:19,Morning,Weekday
Farm House,2016-03-11 09:34:00,Morning,Weekday
Bread,2016-03-11 09:34:56,Morning,Weekday
Pastry,2016-03-11 09:34:56,Morning,Weekday
Coffee,2016-03-11 09:44:36,Morning,Weekday
Tea,2016-03-11 09:44:36,Morning,Weekday
Bread,2016-03-11 09:44:36,Morning,Weekday
Jam,2016-03-11 09:45:20,Morning,Weekday
Pastry,2016-03-11 09:57:55,Morning,Weekday
Medialuna,2016-03-11 09:57:55,Morning,Weekday
Medialuna,2016-03-11 09:57:55,Morning,Weekday
Coffee,2016-03-11 09:59:18,Morning,Weekday
Tea,2016-03-11 10:01:12,Morning,Weekday
Bread,2016-03-11 10:04:37,Morning,Weekday
Bread,2016-03-11 10:10:26,Morning,Weekday
Pastry,2016-03-11 10:10:26,Morning,Weekday
Pastry,2016-03-11 10:13:05,Morning,Weekday
Farm House,2016-03-11 10:26:03,Morning,Weekday
Tea,2016-03-11 10:27:05,Morning,Weekday
Coffee,2016-03-11 10:39:12,Morning,Weekday
Brownie,2016-03-11 10:39:12,Morning,Weekday
Alfajores,2016-03-11 10:39:12,Morning,Weekday
Fudge,2016-03-11 10:39:12,Morning,Weekday
Bread,2016-03-11 10:48:46,Morning,Weekday
Fudge,2016-03-11 10:48:46,Morning,Weekday
Cookies,2016-03-11 10:48:46,Morning,Weekday
Coffee,2016-03-11 11:03:49,Morning,Weekday
Bread,2016-03-11 11:05:44,Morning,Weekday
Coffee,2016-03-11 11:15:14,Morning,Weekday
Coffee,2016-03-11 11:15:14,Morning,Weekday
Jam,2016-03-11 11:15:14,Morning,Weekday
Pastry,2016-03-11 11:15:14,Morning,Weekday
Soup,2016-03-11 11:20:31,Morning,Weekday
Coffee,2016-03-11 11:20:31,Morning,Weekday
Smoothies,2016-03-11 11:23:16,Morning,Weekday
Soup,2016-03-11 11:23:16,Morning,Weekday
Hearty & Seasonal,2016-03-11 11:23:16,Morning,Weekday
Pastry,2016-03-11 11:23:16,Morning,Weekday
Pastry,2016-03-11 11:31:01,Morning,Weekday
Bread,2016-03-11 11:31:01,Morning,Weekday
Pastry,2016-03-11 11:47:18,Morning,Weekday
Medialuna,2016-03-11 11:47:18,Morning,Weekday
Tea,2016-03-11 11:51:52,Morning,Weekday
Coffee,2016-03-11 11:51:52,Morning,Weekday
Bread,2016-03-11 11:53:09,Morning,Weekday
Cookies,2016-03-11 11:53:09,Morning,Weekday
Coffee,2016-03-11 12:01:18,Afternoon,Weekday
Coffee,2016-03-11 12:01:18,Afternoon,Weekday
Bread,2016-03-11 12:01:18,Afternoon,Weekday
Hearty & Seasonal,2016-03-11 12:01:18,Afternoon,Weekday
Pick and Mix Bowls,2016-03-11 12:01:18,Afternoon,Weekday
Sandwich,2016-03-11 12:01:18,Afternoon,Weekday
Focaccia,2016-03-11 12:01:18,Afternoon,Weekday
Coffee,2016-03-11 12:02:49,Afternoon,Weekday
Coffee,2016-03-11 12:05:25,Afternoon,Weekday
Sandwich,2016-03-11 12:05:25,Afternoon,Weekday
Brownie,2016-03-11 12:05:25,Afternoon,Weekday
Brownie,2016-03-11 12:07:24,Afternoon,Weekday
Cookies,2016-03-11 12:07:24,Afternoon,Weekday
Coffee,2016-03-11 12:12:03,Afternoon,Weekday
Coffee,2016-03-11 12:16:15,Afternoon,Weekday
Sandwich,2016-03-11 12:23:47,Afternoon,Weekday
Bread,2016-03-11 12:23:47,Afternoon,Weekday
Coffee,2016-03-11 12:23:47,Afternoon,Weekday
Coffee,2016-03-11 12:37:58,Afternoon,Weekday
Hot chocolate,2016-03-11 12:37:58,Afternoon,Weekday
Tea,2016-03-11 12:47:09,Afternoon,Weekday
Sandwich,2016-03-11 13:02:37,Afternoon,Weekday
Coffee,2016-03-11 13:02:37,Afternoon,Weekday
Brownie,2016-03-11 13:02:37,Afternoon,Weekday
Brownie,2016-03-11 13:19:57,Afternoon,Weekday
Pastry,2016-03-11 13:19:57,Afternoon,Weekday
Focaccia,2016-03-11 13:19:57,Afternoon,Weekday
Farm House,2016-03-11 13:19:57,Afternoon,Weekday
Cake,2016-03-11 13:30:57,Afternoon,Weekday
Focaccia,2016-03-11 13:30:57,Afternoon,Weekday
Soup,2016-03-11 13:35:48,Afternoon,Weekday
Hearty & Seasonal,2016-03-11 13:35:48,Afternoon,Weekday
Mineral water,2016-03-11 13:35:48,Afternoon,Weekday
Hearty & Seasonal,2016-03-11 13:36:09,Afternoon,Weekday
Hearty & Seasonal,2016-03-11 13:37:53,Afternoon,Weekday
Coffee,2016-03-11 13:41:42,Afternoon,Weekday
Coffee,2016-03-11 13:41:42,Afternoon,Weekday
Pastry,2016-03-11 13:41:42,Afternoon,Weekday
Coffee,2016-03-11 14:00:26,Afternoon,Weekday
Tea,2016-03-11 14:03:07,Afternoon,Weekday
Cake,2016-03-11 14:03:07,Afternoon,Weekday
Coffee,2016-03-11 14:09:44,Afternoon,Weekday
Soup,2016-03-11 14:09:44,Afternoon,Weekday
Bread,2016-03-11 14:14:56,Afternoon,Weekday
Focaccia,2016-03-11 14:14:56,Afternoon,Weekday
Fudge,2016-03-11 14:14:56,Afternoon,Weekday
Hot chocolate,2016-03-11 14:16:50,Afternoon,Weekday
Coffee,2016-03-11 14:16:50,Afternoon,Weekday
Alfajores,2016-03-11 14:16:50,Afternoon,Weekday
Brownie,2016-03-11 14:26:27,Afternoon,Weekday
Pastry,2016-03-11 14:26:27,Afternoon,Weekday
Cake,2016-03-11 14:26:27,Afternoon,Weekday
Medialuna,2016-03-11 14:40:15,Afternoon,Weekday
Alfajores,2016-03-11 14:40:15,Afternoon,Weekday
Dulce de Leche,2016-03-11 14:40:15,Afternoon,Weekday
Dulce de Leche,2016-03-11 14:41:13,Afternoon,Weekday
Alfajores,2016-03-11 14:41:13,Afternoon,Weekday
Bread,2016-03-11 14:48:35,Afternoon,Weekday
Cake,2016-03-11 14:48:35,Afternoon,Weekday
Cake,2016-03-11 14:51:45,Afternoon,Weekday
Coffee,2016-03-11 14:51:45,Afternoon,Weekday
Bread,2016-03-11 15:00:24,Afternoon,Weekday
Sandwich,2016-03-11 15:01:52,Afternoon,Weekday
Bread,2016-03-11 15:06:48,Afternoon,Weekday
Coffee,2016-03-11 15:06:48,Afternoon,Weekday
Alfajores,2016-03-11 15:06:48,Afternoon,Weekday
Medialuna,2016-03-11 15:06:48,Afternoon,Weekday
Coffee,2016-03-11 15:19:41,Afternoon,Weekday
Bread,2016-03-11 15:23:33,Afternoon,Weekday
Alfajores,2016-03-11 15:23:33,Afternoon,Weekday
Tea,2016-03-11 15:27:03,Afternoon,Weekday
Coffee,2016-03-11 15:27:03,Afternoon,Weekday
Bread,2016-03-11 15:33:17,Afternoon,Weekday
Dulce de Leche,2016-03-11 15:33:40,Afternoon,Weekday
Farm House,2016-03-11 15:40:11,Afternoon,Weekday
Fudge,2016-03-11 15:41:18,Afternoon,Weekday
Coffee,2016-03-11 15:42:41,Afternoon,Weekday
Coffee,2016-03-11 15:55:46,Afternoon,Weekday
Alfajores,2016-03-11 15:55:46,Afternoon,Weekday
Juice,2016-03-11 15:55:46,Afternoon,Weekday
Ella's Kitchen Pouches,2016-03-11 15:55:46,Afternoon,Weekday
Brownie,2016-03-11 15:55:46,Afternoon,Weekday
Alfajores,2016-03-11 15:59:29,Afternoon,Weekday
Alfajores,2016-03-11 16:06:19,Afternoon,Weekday
Brownie,2016-03-11 16:06:19,Afternoon,Weekday
Cookies,2016-03-11 16:06:19,Afternoon,Weekday
Bread,2016-03-11 16:06:19,Afternoon,Weekday
Juice,2016-03-11 16:06:19,Afternoon,Weekday
Cake,2016-03-11 16:10:01,Afternoon,Weekday
Cookies,2016-03-11 16:10:01,Afternoon,Weekday
Pick and Mix Bowls,2016-03-11 16:17:24,Afternoon,Weekday
Coffee,2016-03-11 16:28:32,Afternoon,Weekday
Farm House,2016-03-11 16:42:40,Afternoon,Weekday
Tea,2016-03-11 17:15:20,Evening,Weekday
Coffee,2016-03-11 17:25:09,Evening,Weekday
Focaccia,2016-03-11 17:29:00,Evening,Weekday
Farm House,2016-03-11 17:29:00,Evening,Weekday
Dulce de Leche,2016-03-11 17:32:25,Evening,Weekday
Juice,2016-03-11 17:40:05,Evening,Weekday
My-5 Fruit Shoot,2016-03-11 17:40:05,Evening,Weekday
Ella's Kitchen Pouches,2016-03-11 17:40:05,Evening,Weekday
Cookies,2016-03-11 17:40:05,Evening,Weekday
Bread,2016-03-11 17:45:07,Evening,Weekday
Hot chocolate,2016-03-11 18:07:31,Evening,Weekday
Coffee,2016-03-11 18:08:19,Evening,Weekday
Coffee,2016-03-11 18:51:13,Evening,Weekday
Coffee,2016-03-11 19:00:19,Evening,Weekday
Medialuna,2016-04-11 07:32:33,Morning,Weekday
Bread,2016-04-11 08:34:28,Morning,Weekday
Tea,2016-04-11 08:34:28,Morning,Weekday
Jam,2016-04-11 08:34:28,Morning,Weekday
Farm House,2016-04-11 08:36:49,Morning,Weekday
Bread,2016-04-11 08:40:07,Morning,Weekday
Coffee,2016-04-11 08:45:42,Morning,Weekday
Medialuna,2016-04-11 08:53:11,Morning,Weekday
Coffee,2016-04-11 08:53:11,Morning,Weekday
Bread,2016-04-11 09:02:15,Morning,Weekday
Medialuna,2016-04-11 09:05:15,Morning,Weekday
Pastry,2016-04-11 09:05:15,Morning,Weekday
Medialuna,2016-04-11 09:05:15,Morning,Weekday
Coffee,2016-04-11 09:07:34,Morning,Weekday
Coffee,2016-04-11 09:07:34,Morning,Weekday
Jam,2016-04-11 09:07:34,Morning,Weekday
Bread,2016-04-11 09:08:17,Morning,Weekday
Coffee,2016-04-11 09:08:17,Morning,Weekday
Coffee,2016-04-11 09:09:54,Morning,Weekday
Coffee,2016-04-11 09:09:54,Morning,Weekday
Bread,2016-04-11 09:11:33,Morning,Weekday
Hot chocolate,2016-04-11 09:13:17,Morning,Weekday
Bread,2016-04-11 09:14:38,Morning,Weekday
Medialuna,2016-04-11 09:14:38,Morning,Weekday
Bread,2016-04-11 09:22:21,Morning,Weekday
Jam,2016-04-11 09:22:21,Morning,Weekday
Jam,2016-04-11 09:23:35,Morning,Weekday
Bread,2016-04-11 09:23:35,Morning,Weekday
Coffee,2016-04-11 09:24:29,Morning,Weekday
Bread,2016-04-11 09:24:29,Morning,Weekday
Bread,2016-04-11 09:29:16,Morning,Weekday
Farm House,2016-04-11 09:29:16,Morning,Weekday
Bread,2016-04-11 09:30:11,Morning,Weekday
Coffee,2016-04-11 09:30:11,Morning,Weekday
Coffee,2016-04-11 09:30:11,Morning,Weekday
Tea,2016-04-11 09:38:45,Morning,Weekday
Pastry,2016-04-11 09:38:45,Morning,Weekday
Coffee,2016-04-11 09:40:56,Morning,Weekday
Coffee,2016-04-11 09:40:56,Morning,Weekday
Bread,2016-04-11 09:52:19,Morning,Weekday
Pastry,2016-04-11 09:55:18,Morning,Weekday
Brownie,2016-04-11 09:55:18,Morning,Weekday
Farm House,2016-04-11 10:01:40,Morning,Weekday
Coffee,2016-04-11 10:01:57,Morning,Weekday
Tea,2016-04-11 10:10:37,Morning,Weekday
Coffee,2016-04-11 10:10:37,Morning,Weekday
Honey,2016-04-11 10:10:37,Morning,Weekday
Cookies,2016-04-11 10:10:37,Morning,Weekday
Tea,2016-04-11 10:14:10,Morning,Weekday
Bread,2016-04-11 10:24:15,Morning,Weekday
Brownie,2016-04-11 10:25:24,Morning,Weekday
Bread,2016-04-11 10:35:23,Morning,Weekday
Coffee,2016-04-11 10:35:23,Morning,Weekday
Bread,2016-04-11 10:36:59,Morning,Weekday
Coffee,2016-04-11 10:41:46,Morning,Weekday
Tea,2016-04-11 10:48:39,Morning,Weekday
Tea,2016-04-11 10:48:39,Morning,Weekday
Tea,2016-04-11 10:51:01,Morning,Weekday
Coffee,2016-04-11 10:54:43,Morning,Weekday
Coffee,2016-04-11 10:54:43,Morning,Weekday
Bread,2016-04-11 11:00:57,Morning,Weekday
Coffee,2016-04-11 11:00:57,Morning,Weekday
Bread,2016-04-11 11:06:54,Morning,Weekday
Bread,2016-04-11 11:06:54,Morning,Weekday
Bread,2016-04-11 11:10:13,Morning,Weekday
The BART,2016-04-11 11:10:13,Morning,Weekday
Coffee,2016-04-11 11:12:22,Morning,Weekday
Brownie,2016-04-11 11:12:22,Morning,Weekday
Coffee,2016-04-11 11:13:28,Morning,Weekday
Coffee,2016-04-11 11:17:35,Morning,Weekday
Brownie,2016-04-11 11:17:35,Morning,Weekday
Mineral water,2016-04-11 11:25:41,Morning,Weekday
Coffee,2016-04-11 11:25:41,Morning,Weekday
Coffee,2016-04-11 11:25:41,Morning,Weekday
Tartine,2016-04-11 11:25:41,Morning,Weekday
Brownie,2016-04-11 11:33:11,Morning,Weekday
Coffee,2016-04-11 11:33:11,Morning,Weekday
Brownie,2016-04-11 11:36:07,Morning,Weekday
Juice,2016-04-11 11:36:07,Morning,Weekday
Coffee,2016-04-11 11:42:12,Morning,Weekday
Coffee,2016-04-11 11:42:12,Morning,Weekday
Bread,2016-04-11 11:42:12,Morning,Weekday
Tea,2016-04-11 11:42:12,Morning,Weekday
Alfajores,2016-04-11 11:42:12,Morning,Weekday
Medialuna,2016-04-11 11:42:12,Morning,Weekday
Pastry,2016-04-11 11:42:12,Morning,Weekday
Jam,2016-04-11 11:42:12,Morning,Weekday
Bread,2016-04-11 12:09:05,Afternoon,Weekday
Fudge,2016-04-11 12:13:14,Afternoon,Weekday
Fudge,2016-04-11 12:13:14,Afternoon,Weekday
Coffee,2016-04-11 12:17:15,Afternoon,Weekday
Pick and Mix Bowls,2016-04-11 12:17:15,Afternoon,Weekday
Pastry,2016-04-11 12:34:45,Afternoon,Weekday
Bread,2016-04-11 12:34:45,Afternoon,Weekday
Soup,2016-04-11 12:45:42,Afternoon,Weekday
Scandinavian,2016-04-11 12:45:42,Afternoon,Weekday
Coffee,2016-04-11 12:45:42,Afternoon,Weekday
Mineral water,2016-04-11 12:45:42,Afternoon,Weekday
Juice,2016-04-11 12:51:54,Afternoon,Weekday
Mineral water,2016-04-11 12:51:54,Afternoon,Weekday
Sandwich,2016-04-11 12:51:54,Afternoon,Weekday
Pick and Mix Bowls,2016-04-11 12:51:54,Afternoon,Weekday
Bread,2016-04-11 12:54:15,Afternoon,Weekday
Pastry,2016-04-11 12:54:15,Afternoon,Weekday
Bread,2016-04-11 12:54:15,Afternoon,Weekday
Hearty & Seasonal,2016-04-11 12:56:51,Afternoon,Weekday
Hearty & Seasonal,2016-04-11 12:56:51,Afternoon,Weekday
Coffee,2016-04-11 12:56:51,Afternoon,Weekday
Coffee,2016-04-11 12:56:51,Afternoon,Weekday
Bread,2016-04-11 13:01:38,Afternoon,Weekday
Hearty & Seasonal,2016-04-11 13:01:38,Afternoon,Weekday
Coffee,2016-04-11 13:01:38,Afternoon,Weekday
Mineral water,2016-04-11 13:01:38,Afternoon,Weekday
Coffee,2016-04-11 13:04:40,Afternoon,Weekday
Tartine,2016-04-11 13:04:40,Afternoon,Weekday
Sandwich,2016-04-11 13:04:40,Afternoon,Weekday
Brownie,2016-04-11 13:04:40,Afternoon,Weekday
Coffee,2016-04-11 13:15:24,Afternoon,Weekday
Brownie,2016-04-11 13:15:24,Afternoon,Weekday
Alfajores,2016-04-11 13:39:44,Afternoon,Weekday
Coffee,2016-04-11 13:39:44,Afternoon,Weekday
Tartine,2016-04-11 13:39:44,Afternoon,Weekday
Mighty Protein,2016-04-11 13:55:51,Afternoon,Weekday
Coffee,2016-04-11 13:55:51,Afternoon,Weekday
Coffee,2016-04-11 14:04:31,Afternoon,Weekday
Hot chocolate,2016-04-11 14:04:31,Afternoon,Weekday
Soup,2016-04-11 14:16:07,Afternoon,Weekday
Jam,2016-04-11 14:16:07,Afternoon,Weekday
Coffee,2016-04-11 14:16:07,Afternoon,Weekday
Coffee,2016-04-11 14:16:07,Afternoon,Weekday
Mineral water,2016-04-11 14:17:39,Afternoon,Weekday
Brownie,2016-04-11 14:17:39,Afternoon,Weekday
Scandinavian,2016-04-11 14:24:36,Afternoon,Weekday
Coffee,2016-04-11 14:24:36,Afternoon,Weekday
Scandinavian,2016-04-11 14:30:08,Afternoon,Weekday
Coffee,2016-04-11 14:30:08,Afternoon,Weekday
Coffee,2016-04-11 14:49:02,Afternoon,Weekday
Coffee,2016-04-11 14:49:02,Afternoon,Weekday
Coffee,2016-04-11 14:51:22,Afternoon,Weekday
Coffee,2016-04-11 14:51:22,Afternoon,Weekday
Hot chocolate,2016-04-11 14:51:22,Afternoon,Weekday
Brownie,2016-04-11 14:51:22,Afternoon,Weekday
Hearty & Seasonal,2016-04-11 14:51:22,Afternoon,Weekday
Tea,2016-04-11 15:18:24,Afternoon,Weekday
Cake,2016-04-11 15:18:24,Afternoon,Weekday
Medialuna,2016-04-11 15:20:23,Afternoon,Weekday
Alfajores,2016-04-11 15:31:51,Afternoon,Weekday
Tea,2016-04-11 15:31:51,Afternoon,Weekday
Coffee,2016-04-11 15:31:51,Afternoon,Weekday
Coffee,2016-04-11 15:35:06,Afternoon,Weekday
Juice,2016-04-11 15:35:06,Afternoon,Weekday
Brownie,2016-04-11 15:35:06,Afternoon,Weekday
Alfajores,2016-04-11 15:35:06,Afternoon,Weekday
Coffee,2016-04-11 15:35:49,Afternoon,Weekday
Sandwich,2016-04-11 15:35:49,Afternoon,Weekday
Bread,2016-04-11 15:36:38,Afternoon,Weekday
Soup,2016-04-11 15:36:38,Afternoon,Weekday
Soup,2016-04-11 15:37:02,Afternoon,Weekday
Bread,2016-04-11 15:37:02,Afternoon,Weekday
Bread,2016-04-11 15:38:27,Afternoon,Weekday
Tea,2016-04-11 15:39:57,Afternoon,Weekday
Brownie,2016-04-11 15:39:57,Afternoon,Weekday
Cookies,2016-04-11 15:39:57,Afternoon,Weekday
Coffee,2016-04-11 15:41:06,Afternoon,Weekday
Bread,2016-04-11 15:41:06,Afternoon,Weekday
Brownie,2016-04-11 15:41:06,Afternoon,Weekday
Brownie,2016-04-11 15:51:24,Afternoon,Weekday
Cookies,2016-04-11 15:57:56,Afternoon,Weekday
Bread,2016-04-11 15:57:56,Afternoon,Weekday
Jam,2016-04-11 15:57:56,Afternoon,Weekday
Coffee,2016-04-11 16:04:23,Afternoon,Weekday
Tea,2016-04-11 16:14:01,Afternoon,Weekday
Brownie,2016-04-11 16:14:01,Afternoon,Weekday
Tea,2016-04-11 16:14:01,Afternoon,Weekday
Alfajores,2016-04-11 16:56:18,Afternoon,Weekday
Medialuna,2016-04-11 16:56:18,Afternoon,Weekday
Scandinavian,2016-04-11 16:56:18,Afternoon,Weekday
Hot chocolate,2016-04-11 17:52:34,Evening,Weekday
Coffee,2016-04-11 17:52:34,Evening,Weekday
Alfajores,2016-04-11 17:52:34,Evening,Weekday
Cookies,2016-04-11 17:52:34,Evening,Weekday
Brownie,2016-04-11 17:58:43,Evening,Weekday
Fudge,2016-04-11 18:48:37,Evening,Weekday
Tea,2016-04-11 19:02:45,Evening,Weekday
Brownie,2016-04-11 19:02:45,Evening,Weekday
Dulce de Leche,2016-04-11 20:00:47,Evening,Weekday
Fudge,2016-04-11 20:00:47,Evening,Weekday
Bread,2016-05-11 08:29:32,Morning,Weekend
Scandinavian,2016-05-11 08:29:32,Morning,Weekend
Fudge,2016-05-11 08:29:32,Morning,Weekend
Granola,2016-05-11 08:29:32,Morning,Weekend
Pastry,2016-05-11 08:29:32,Morning,Weekend
Coffee,2016-05-11 08:29:32,Morning,Weekend
Bread,2016-05-11 08:32:12,Morning,Weekend
Fudge,2016-05-11 08:32:12,Morning,Weekend
Hot chocolate,2016-05-11 08:36:10,Morning,Weekend
Coffee,2016-05-11 08:36:10,Morning,Weekend
Medialuna,2016-05-11 08:36:10,Morning,Weekend
Medialuna,2016-05-11 08:36:10,Morning,Weekend
Bread,2016-05-11 08:39:13,Morning,Weekend
Bread,2016-05-11 08:42:16,Morning,Weekend
Medialuna,2016-05-11 08:42:16,Morning,Weekend
Bread,2016-05-11 08:50:09,Morning,Weekend
Coffee,2016-05-11 08:50:09,Morning,Weekend
Medialuna,2016-05-11 08:50:09,Morning,Weekend
Jam,2016-05-11 08:50:09,Morning,Weekend
Jam,2016-05-11 08:51:08,Morning,Weekend
Coffee,2016-05-11 08:51:08,Morning,Weekend
Brownie,2016-05-11 08:51:08,Morning,Weekend
Bread,2016-05-11 08:53:55,Morning,Weekend
Coffee,2016-05-11 08:53:55,Morning,Weekend
Jam,2016-05-11 08:53:55,Morning,Weekend
Scandinavian,2016-05-11 08:57:49,Morning,Weekend
Coffee,2016-05-11 09:00:47,Morning,Weekend
Cookies,2016-05-11 09:00:47,Morning,Weekend
Coffee,2016-05-11 09:03:58,Morning,Weekend
Coffee,2016-05-11 09:03:58,Morning,Weekend
Scandinavian,2016-05-11 09:03:58,Morning,Weekend
Bread,2016-05-11 09:09:16,Morning,Weekend
Bread,2016-05-11 09:10:36,Morning,Weekend
Jam,2016-05-11 09:18:53,Morning,Weekend
Brownie,2016-05-11 09:18:53,Morning,Weekend
Coffee,2016-05-11 09:18:53,Morning,Weekend
Coffee,2016-05-11 09:18:53,Morning,Weekend
Coffee,2016-05-11 09:19:59,Morning,Weekend
Brownie,2016-05-11 09:26:27,Morning,Weekend
Hot chocolate,2016-05-11 09:26:27,Morning,Weekend
Bread,2016-05-11 09:27:36,Morning,Weekend
Bread,2016-05-11 09:33:49,Morning,Weekend
Bread,2016-05-11 09:33:49,Morning,Weekend
Medialuna,2016-05-11 09:33:49,Morning,Weekend
Coffee,2016-05-11 09:34:43,Morning,Weekend
Hot chocolate,2016-05-11 09:34:43,Morning,Weekend
Brownie,2016-05-11 09:34:43,Morning,Weekend
Scandinavian,2016-05-11 09:36:48,Morning,Weekend
Basket,2016-05-11 09:40:12,Morning,Weekend
Bread,2016-05-11 09:40:12,Morning,Weekend
Coffee,2016-05-11 09:41:44,Morning,Weekend
Bread,2016-05-11 09:41:44,Morning,Weekend
Brownie,2016-05-11 09:41:44,Morning,Weekend
Cake,2016-05-11 09:43:52,Morning,Weekend
Fudge,2016-05-11 09:43:52,Morning,Weekend
Coffee,2016-05-11 09:47:53,Morning,Weekend
Hot chocolate,2016-05-11 09:47:53,Morning,Weekend
Coffee,2016-05-11 09:47:53,Morning,Weekend
Basket,2016-05-11 09:47:53,Morning,Weekend
Scandinavian,2016-05-11 10:01:24,Morning,Weekend
Scandinavian,2016-05-11 10:07:32,Morning,Weekend
Coffee,2016-05-11 10:14:02,Morning,Weekend
Bread,2016-05-11 10:14:02,Morning,Weekend
Coffee,2016-05-11 10:14:02,Morning,Weekend
Cake,2016-05-11 10:14:02,Morning,Weekend
Medialuna,2016-05-11 10:14:02,Morning,Weekend
Coffee,2016-05-11 10:17:23,Morning,Weekend
Coffee,2016-05-11 10:17:23,Morning,Weekend
Medialuna,2016-05-11 10:17:23,Morning,Weekend
Bread,2016-05-11 10:19:59,Morning,Weekend
Pastry,2016-05-11 10:19:59,Morning,Weekend
Bread,2016-05-11 10:20:46,Morning,Weekend
Brownie,2016-05-11 10:20:46,Morning,Weekend
Medialuna,2016-05-11 10:23:02,Morning,Weekend
Farm House,2016-05-11 10:23:02,Morning,Weekend
Bread,2016-05-11 10:24:34,Morning,Weekend
Medialuna,2016-05-11 10:24:34,Morning,Weekend
Brownie,2016-05-11 10:26:16,Morning,Weekend
Medialuna,2016-05-11 10:26:16,Morning,Weekend
Hot chocolate,2016-05-11 10:26:16,Morning,Weekend
Smoothies,2016-05-11 10:26:16,Morning,Weekend
Coffee,2016-05-11 10:26:16,Morning,Weekend
Bread,2016-05-11 10:29:41,Morning,Weekend
Tea,2016-05-11 10:29:41,Morning,Weekend
Coffee,2016-05-11 10:29:41,Morning,Weekend
Brownie,2016-05-11 10:29:41,Morning,Weekend
Medialuna,2016-05-11 10:29:41,Morning,Weekend
Medialuna,2016-05-11 10:32:09,Morning,Weekend
Medialuna,2016-05-11 10:32:09,Morning,Weekend
Cookies,2016-05-11 10:32:09,Morning,Weekend
Coffee,2016-05-11 10:33:20,Morning,Weekend
Medialuna,2016-05-11 10:33:20,Morning,Weekend
Bread,2016-05-11 10:35:12,Morning,Weekend
Fudge,2016-05-11 10:35:12,Morning,Weekend
Coffee,2016-05-11 10:38:58,Morning,Weekend
Tea,2016-05-11 10:38:58,Morning,Weekend
Coffee,2016-05-11 10:40:35,Morning,Weekend
Cookies,2016-05-11 10:40:35,Morning,Weekend
Pastry,2016-05-11 10:43:10,Morning,Weekend
Bread,2016-05-11 10:43:10,Morning,Weekend
Brownie,2016-05-11 10:43:10,Morning,Weekend
Bread,2016-05-11 10:44:58,Morning,Weekend
Coffee,2016-05-11 10:44:58,Morning,Weekend
Bread,2016-05-11 10:44:58,Morning,Weekend
Coffee,2016-05-11 10:52:09,Morning,Weekend
Coffee,2016-05-11 10:52:09,Morning,Weekend
Tea,2016-05-11 10:52:09,Morning,Weekend
Bread,2016-05-11 10:53:49,Morning,Weekend
Medialuna,2016-05-11 10:57:31,Morning,Weekend
Coffee,2016-05-11 10:57:31,Morning,Weekend
My-5 Fruit Shoot,2016-05-11 11:03:33,Morning,Weekend
Coffee,2016-05-11 11:03:33,Morning,Weekend
Brownie,2016-05-11 11:03:33,Morning,Weekend
Coffee,2016-05-11 11:07:57,Morning,Weekend
Fudge,2016-05-11 11:07:57,Morning,Weekend
Coffee,2016-05-11 11:14:43,Morning,Weekend
Coffee,2016-05-11 11:20:07,Morning,Weekend
Basket,2016-05-11 11:20:07,Morning,Weekend
Farm House,2016-05-11 11:20:30,Morning,Weekend
Farm House,2016-05-11 11:21:31,Morning,Weekend
Coffee,2016-05-11 11:22:49,Morning,Weekend
Brownie,2016-05-11 11:22:49,Morning,Weekend
Scandinavian,2016-05-11 11:24:17,Morning,Weekend
Brownie,2016-05-11 11:24:17,Morning,Weekend
My-5 Fruit Shoot,2016-05-11 11:24:17,Morning,Weekend
Tartine,2016-05-11 11:26:56,Morning,Weekend
Coffee,2016-05-11 11:26:56,Morning,Weekend
Hot chocolate,2016-05-11 11:26:56,Morning,Weekend
Brownie,2016-05-11 11:26:56,Morning,Weekend
Brownie,2016-05-11 11:31:33,Morning,Weekend
Bread,2016-05-11 11:31:33,Morning,Weekend
Hot chocolate,2016-05-11 11:31:33,Morning,Weekend
Jam,2016-05-11 11:34:15,Morning,Weekend
Fudge,2016-05-11 11:34:15,Morning,Weekend
Coffee,2016-05-11 11:35:46,Morning,Weekend
Fudge,2016-05-11 11:37:53,Morning,Weekend
Mighty Protein,2016-05-11 11:49:10,Morning,Weekend
Hearty & Seasonal,2016-05-11 11:49:10,Morning,Weekend
Coffee,2016-05-11 11:49:10,Morning,Weekend
Tea,2016-05-11 11:49:10,Morning,Weekend
Cake,2016-05-11 11:49:10,Morning,Weekend
Coffee,2016-05-11 11:49:56,Morning,Weekend
Scandinavian,2016-05-11 11:50:54,Morning,Weekend
Cake,2016-05-11 11:53:38,Morning,Weekend
Victorian Sponge,2016-05-11 11:53:38,Morning,Weekend
Scandinavian,2016-05-11 11:53:38,Morning,Weekend
Tea,2016-05-11 11:56:57,Morning,Weekend
Cake,2016-05-11 11:56:57,Morning,Weekend
Coffee,2016-05-11 11:58:21,Morning,Weekend
Coffee,2016-05-11 11:58:21,Morning,Weekend
Coffee,2016-05-11 12:14:47,Afternoon,Weekend
Coffee,2016-05-11 12:14:47,Afternoon,Weekend
Bread,2016-05-11 12:15:45,Afternoon,Weekend
Frittata,2016-05-11 12:18:04,Afternoon,Weekend
Coffee,2016-05-11 12:19:48,Afternoon,Weekend
Coffee,2016-05-11 12:19:48,Afternoon,Weekend
My-5 Fruit Shoot,2016-05-11 12:19:48,Afternoon,Weekend
Brownie,2016-05-11 12:19:48,Afternoon,Weekend
Focaccia,2016-05-11 12:22:00,Afternoon,Weekend
Fairy Doors,2016-05-11 12:22:00,Afternoon,Weekend
Tea,2016-05-11 12:27:50,Afternoon,Weekend
Coffee,2016-05-11 12:27:50,Afternoon,Weekend
Coffee,2016-05-11 12:27:50,Afternoon,Weekend
Hot chocolate,2016-05-11 12:31:46,Afternoon,Weekend
Hearty & Seasonal,2016-05-11 12:31:46,Afternoon,Weekend
Pick and Mix Bowls,2016-05-11 12:31:46,Afternoon,Weekend
Brownie,2016-05-11 12:31:46,Afternoon,Weekend
Frittata,2016-05-11 12:35:28,Afternoon,Weekend
Coffee,2016-05-11 12:35:28,Afternoon,Weekend
Bread,2016-05-11 12:37:20,Afternoon,Weekend
Brownie,2016-05-11 12:37:20,Afternoon,Weekend
Frittata,2016-05-11 12:44:11,Afternoon,Weekend
Scandinavian,2016-05-11 12:46:04,Afternoon,Weekend
Bread,2016-05-11 12:52:29,Afternoon,Weekend
Farm House,2016-05-11 12:57:51,Afternoon,Weekend
Pick and Mix Bowls,2016-05-11 12:58:46,Afternoon,Weekend
Jam,2016-05-11 12:58:46,Afternoon,Weekend
Soup,2016-05-11 12:58:46,Afternoon,Weekend
Brownie,2016-05-11 12:58:46,Afternoon,Weekend
Hearty & Seasonal,2016-05-11 13:01:28,Afternoon,Weekend
Coffee,2016-05-11 13:01:28,Afternoon,Weekend
Tea,2016-05-11 13:01:28,Afternoon,Weekend
Bread,2016-05-11 13:03:55,Afternoon,Weekend
Bread,2016-05-11 13:05:23,Afternoon,Weekend
Frittata,2016-05-11 13:05:23,Afternoon,Weekend
Scandinavian,2016-05-11 13:12:16,Afternoon,Weekend
Tartine,2016-05-11 13:23:34,Afternoon,Weekend
Hot chocolate,2016-05-11 13:23:34,Afternoon,Weekend
Coffee,2016-05-11 13:23:34,Afternoon,Weekend
Coffee,2016-05-11 13:25:20,Afternoon,Weekend
Mighty Protein,2016-05-11 13:25:20,Afternoon,Weekend
Frittata,2016-05-11 13:27:11,Afternoon,Weekend
Coffee,2016-05-11 13:27:11,Afternoon,Weekend
Scandinavian,2016-05-11 13:29:26,Afternoon,Weekend
Hearty & Seasonal,2016-05-11 13:31:32,Afternoon,Weekend
Coffee,2016-05-11 13:31:32,Afternoon,Weekend
Mineral water,2016-05-11 13:31:32,Afternoon,Weekend
Scandinavian,2016-05-11 13:43:24,Afternoon,Weekend
Bread,2016-05-11 13:45:35,Afternoon,Weekend
Coffee,2016-05-11 13:45:35,Afternoon,Weekend
Hearty & Seasonal,2016-05-11 13:57:58,Afternoon,Weekend
Soup,2016-05-11 13:57:58,Afternoon,Weekend
Bread,2016-05-11 13:57:58,Afternoon,Weekend
Coffee,2016-05-11 13:57:58,Afternoon,Weekend
Brownie,2016-05-11 14:03:14,Afternoon,Weekend
Cake,2016-05-11 14:03:14,Afternoon,Weekend
Tea,2016-05-11 14:03:14,Afternoon,Weekend
Mighty Protein,2016-05-11 14:08:03,Afternoon,Weekend
Coffee,2016-05-11 14:08:03,Afternoon,Weekend
Coffee,2016-05-11 14:12:41,Afternoon,Weekend
Tea,2016-05-11 14:12:41,Afternoon,Weekend
Brownie,2016-05-11 14:12:41,Afternoon,Weekend
Soup,2016-05-11 14:12:41,Afternoon,Weekend
Cake,2016-05-11 14:14:11,Afternoon,Weekend
Hot chocolate,2016-05-11 14:32:52,Afternoon,Weekend
Coffee,2016-05-11 14:32:52,Afternoon,Weekend
Cake,2016-05-11 14:32:52,Afternoon,Weekend
Hearty & Seasonal,2016-05-11 14:48:55,Afternoon,Weekend
Coffee,2016-05-11 14:48:55,Afternoon,Weekend
Coffee,2016-05-11 14:49:57,Afternoon,Weekend
Frittata,2016-05-11 15:14:47,Afternoon,Weekend
Coffee,2016-05-11 15:14:47,Afternoon,Weekend
Brownie,2016-05-11 15:14:47,Afternoon,Weekend
Sandwich,2016-05-11 15:17:20,Afternoon,Weekend
Frittata,2016-05-11 15:17:20,Afternoon,Weekend
Coke,2016-05-11 15:17:20,Afternoon,Weekend
Mineral water,2016-05-11 15:17:20,Afternoon,Weekend
Brownie,2016-05-11 15:17:20,Afternoon,Weekend
Granola,2016-05-11 15:18:59,Afternoon,Weekend
Scandinavian,2016-05-11 15:18:59,Afternoon,Weekend
Coffee,2016-05-11 15:21:16,Afternoon,Weekend
Coke,2016-05-11 15:21:16,Afternoon,Weekend
Coffee,2016-05-11 15:21:16,Afternoon,Weekend
Tea,2016-05-11 15:24:18,Afternoon,Weekend
Tea,2016-05-11 15:24:18,Afternoon,Weekend
Brownie,2016-05-11 15:24:18,Afternoon,Weekend
Cake,2016-05-11 15:24:18,Afternoon,Weekend
Fudge,2016-05-11 15:36:57,Afternoon,Weekend
Coffee,2016-05-11 15:40:12,Afternoon,Weekend
Brownie,2016-05-11 15:43:51,Afternoon,Weekend
Cake,2016-05-11 15:45:29,Afternoon,Weekend
Tea,2016-05-11 15:46:54,Afternoon,Weekend
Coffee,2016-05-11 15:53:52,Afternoon,Weekend
Coffee,2016-05-11 15:53:52,Afternoon,Weekend
Coffee,2016-05-11 15:53:52,Afternoon,Weekend
Soup,2016-05-11 15:53:52,Afternoon,Weekend
Sandwich,2016-05-11 15:53:52,Afternoon,Weekend
Cake,2016-05-11 15:53:52,Afternoon,Weekend
Coffee,2016-05-11 15:56:06,Afternoon,Weekend
Bread,2016-05-11 15:56:06,Afternoon,Weekend
Brownie,2016-05-11 15:56:06,Afternoon,Weekend
Bread,2016-05-11 16:00:53,Afternoon,Weekend
Coffee,2016-05-11 16:00:53,Afternoon,Weekend
Brownie,2016-05-11 16:00:53,Afternoon,Weekend
Coffee,2016-05-11 16:04:24,Afternoon,Weekend
Bread,2016-05-11 16:04:24,Afternoon,Weekend
Brownie,2016-05-11 16:04:24,Afternoon,Weekend
Brownie,2016-05-11 16:05:47,Afternoon,Weekend
Coffee,2016-05-11 16:05:47,Afternoon,Weekend
Coffee,2016-05-11 16:12:04,Afternoon,Weekend
Soup,2016-05-11 16:12:04,Afternoon,Weekend
Brownie,2016-05-11 16:12:04,Afternoon,Weekend
Fudge,2016-05-11 16:20:37,Afternoon,Weekend
Bread,2016-05-11 16:20:45,Afternoon,Weekend
Focaccia,2016-05-11 16:20:45,Afternoon,Weekend
Bread,2016-05-11 16:33:28,Afternoon,Weekend
Farm House,2016-05-11 16:33:28,Afternoon,Weekend
Jam,2016-05-11 16:33:28,Afternoon,Weekend
Hot chocolate,2016-05-11 16:37:10,Afternoon,Weekend
Brownie,2016-05-11 16:37:10,Afternoon,Weekend
Hot chocolate,2016-05-11 16:43:30,Afternoon,Weekend
Coffee,2016-05-11 16:45:21,Afternoon,Weekend
Brownie,2016-05-11 16:45:21,Afternoon,Weekend
Medialuna,2016-05-11 18:45:24,Evening,Weekend
Pastry,2016-05-11 18:45:24,Evening,Weekend
Bread,2016-06-11 09:17:36,Morning,Weekend
Coffee,2016-06-11 09:42:55,Morning,Weekend
Pastry,2016-06-11 09:42:55,Morning,Weekend
Bread,2016-06-11 09:42:55,Morning,Weekend
Coffee,2016-06-11 09:56:06,Morning,Weekend
Mineral water,2016-06-11 09:56:06,Morning,Weekend
Pastry,2016-06-11 10:09:41,Morning,Weekend
Bread,2016-06-11 10:09:41,Morning,Weekend
Hot chocolate,2016-06-11 10:09:41,Morning,Weekend
Bread,2016-06-11 10:11:49,Morning,Weekend
Bread,2016-06-11 10:12:09,Morning,Weekend
Jam,2016-06-11 10:14:22,Morning,Weekend
Coffee,2016-06-11 10:14:22,Morning,Weekend
Coffee,2016-06-11 10:14:22,Morning,Weekend
Bread,2016-06-11 10:14:22,Morning,Weekend
Coffee,2016-06-11 10:15:14,Morning,Weekend
Coffee,2016-06-11 10:15:14,Morning,Weekend
Pastry,2016-06-11 10:15:14,Morning,Weekend
Medialuna,2016-06-11 10:18:08,Morning,Weekend
Coffee,2016-06-11 10:18:08,Morning,Weekend
Coffee,2016-06-11 10:18:08,Morning,Weekend
Focaccia,2016-06-11 10:18:08,Morning,Weekend
Hearty & Seasonal,2016-06-11 10:18:08,Morning,Weekend
Bread,2016-06-11 10:21:51,Morning,Weekend
Farm House,2016-06-11 10:21:51,Morning,Weekend
Coffee,2016-06-11 10:21:51,Morning,Weekend
Jam,2016-06-11 10:21:51,Morning,Weekend
Farm House,2016-06-11 10:24:23,Morning,Weekend
Coffee,2016-06-11 10:43:58,Morning,Weekend
Tea,2016-06-11 10:43:58,Morning,Weekend
Pastry,2016-06-11 10:43:58,Morning,Weekend
Medialuna,2016-06-11 10:43:58,Morning,Weekend
Pastry,2016-06-11 10:45:59,Morning,Weekend
Medialuna,2016-06-11 10:45:59,Morning,Weekend
Coffee,2016-06-11 10:45:59,Morning,Weekend
Coffee,2016-06-11 10:49:53,Morning,Weekend
Hot chocolate,2016-06-11 10:49:53,Morning,Weekend
Basket,2016-06-11 10:49:53,Morning,Weekend
Farm House,2016-06-11 10:49:53,Morning,Weekend
Pastry,2016-06-11 10:54:06,Morning,Weekend
Farm House,2016-06-11 10:54:06,Morning,Weekend
Hot chocolate,2016-06-11 10:56:49,Morning,Weekend
Coffee,2016-06-11 10:56:49,Morning,Weekend
My-5 Fruit Shoot,2016-06-11 10:56:49,Morning,Weekend
Pastry,2016-06-11 10:58:14,Morning,Weekend
Medialuna,2016-06-11 10:58:14,Morning,Weekend
Muffin,2016-06-11 10:58:14,Morning,Weekend
Farm House,2016-06-11 11:02:43,Morning,Weekend
Muffin,2016-06-11 11:06:26,Morning,Weekend
Pastry,2016-06-11 11:06:26,Morning,Weekend
Focaccia,2016-06-11 11:06:26,Morning,Weekend
Coffee,2016-06-11 11:07:51,Morning,Weekend
Tea,2016-06-11 11:07:51,Morning,Weekend
Bread,2016-06-11 11:09:23,Morning,Weekend
Focaccia,2016-06-11 11:11:13,Morning,Weekend
Coffee,2016-06-11 11:14:18,Morning,Weekend
Hot chocolate,2016-06-11 11:14:18,Morning,Weekend
Pastry,2016-06-11 11:14:18,Morning,Weekend
Jam,2016-06-11 11:14:18,Morning,Weekend
Bread,2016-06-11 11:16:02,Morning,Weekend
Coffee,2016-06-11 11:17:47,Morning,Weekend
Pastry,2016-06-11 11:17:47,Morning,Weekend
Bread,2016-06-11 11:17:47,Morning,Weekend
Tea,2016-06-11 11:19:02,Morning,Weekend
Hot chocolate,2016-06-11 11:20:27,Morning,Weekend
Coffee,2016-06-11 11:20:27,Morning,Weekend
Mineral water,2016-06-11 11:20:27,Morning,Weekend
Coffee,2016-06-11 11:21:18,Morning,Weekend
Coffee,2016-06-11 11:21:18,Morning,Weekend
Coffee,2016-06-11 11:22:40,Morning,Weekend
Jam,2016-06-11 11:24:38,Morning,Weekend
Coffee,2016-06-11 11:24:38,Morning,Weekend
Coffee,2016-06-11 11:24:38,Morning,Weekend
Muffin,2016-06-11 11:33:18,Morning,Weekend
Bread,2016-06-11 11:35:49,Morning,Weekend
Bread,2016-06-11 11:42:26,Morning,Weekend
Bread,2016-06-11 11:43:40,Morning,Weekend
Muffin,2016-06-11 11:47:12,Morning,Weekend
Hot chocolate,2016-06-11 11:47:12,Morning,Weekend
Coffee,2016-06-11 11:47:12,Morning,Weekend
Muffin,2016-06-11 11:55:10,Morning,Weekend
Fudge,2016-06-11 11:55:10,Morning,Weekend
Bread,2016-06-11 11:57:28,Morning,Weekend
Bread,2016-06-11 12:04:08,Afternoon,Weekend
Farm House,2016-06-11 12:07:19,Afternoon,Weekend
Coffee,2016-06-11 12:11:20,Afternoon,Weekend
Muffin,2016-06-11 12:11:20,Afternoon,Weekend
Focaccia,2016-06-11 12:19:31,Afternoon,Weekend
Bread,2016-06-11 12:22:28,Afternoon,Weekend
Tea,2016-06-11 12:22:28,Afternoon,Weekend
Coffee,2016-06-11 12:23:34,Afternoon,Weekend
Hot chocolate,2016-06-11 12:23:34,Afternoon,Weekend
Coffee,2016-06-11 12:31:44,Afternoon,Weekend
Tartine,2016-06-11 12:31:44,Afternoon,Weekend
Coffee,2016-06-11 12:31:44,Afternoon,Weekend
Pick and Mix Bowls,2016-06-11 12:31:44,Afternoon,Weekend
Jam,2016-06-11 12:31:44,Afternoon,Weekend
Jam,2016-06-11 12:38:33,Afternoon,Weekend
Tartine,2016-06-11 12:39:03,Afternoon,Weekend
Bread,2016-06-11 12:39:57,Afternoon,Weekend
Coffee,2016-06-11 12:39:57,Afternoon,Weekend
Coffee,2016-06-11 12:42:42,Afternoon,Weekend
Coffee,2016-06-11 12:42:42,Afternoon,Weekend
Mineral water,2016-06-11 12:42:42,Afternoon,Weekend
Juice,2016-06-11 12:42:42,Afternoon,Weekend
Tartine,2016-06-11 12:42:42,Afternoon,Weekend
Pick and Mix Bowls,2016-06-11 12:42:42,Afternoon,Weekend
Bread,2016-06-11 12:50:29,Afternoon,Weekend
Tea,2016-06-11 12:50:29,Afternoon,Weekend
Juice,2016-06-11 12:50:29,Afternoon,Weekend
Coffee,2016-06-11 12:53:15,Afternoon,Weekend
Coffee,2016-06-11 12:53:15,Afternoon,Weekend
Cake,2016-06-11 12:53:15,Afternoon,Weekend
Farm House,2016-06-11 12:57:40,Afternoon,Weekend
Farm House,2016-06-11 12:58:12,Afternoon,Weekend
Cake,2016-06-11 13:14:44,Afternoon,Weekend
Brownie,2016-06-11 13:14:44,Afternoon,Weekend
Coffee,2016-06-11 13:14:44,Afternoon,Weekend
Coffee,2016-06-11 13:14:44,Afternoon,Weekend
Focaccia,2016-06-11 13:28:44,Afternoon,Weekend
Coffee,2016-06-11 13:28:44,Afternoon,Weekend
Tea,2016-06-11 13:29:28,Afternoon,Weekend
Coffee,2016-06-11 13:29:28,Afternoon,Weekend
Muffin,2016-06-11 13:29:28,Afternoon,Weekend
Coffee,2016-06-11 13:31:34,Afternoon,Weekend
Tea,2016-06-11 13:45:10,Afternoon,Weekend
Coffee,2016-06-11 13:45:10,Afternoon,Weekend
Hearty & Seasonal,2016-06-11 13:47:12,Afternoon,Weekend
Cake,2016-06-11 13:47:12,Afternoon,Weekend
Coffee,2016-06-11 13:47:12,Afternoon,Weekend
Bread,2016-06-11 13:50:28,Afternoon,Weekend
Tea,2016-06-11 13:50:28,Afternoon,Weekend
Cake,2016-06-11 13:50:28,Afternoon,Weekend
Mighty Protein,2016-06-11 13:57:57,Afternoon,Weekend
Coffee,2016-06-11 13:57:57,Afternoon,Weekend
Hot chocolate,2016-06-11 14:00:33,Afternoon,Weekend
Muffin,2016-06-11 14:00:33,Afternoon,Weekend
Coffee,2016-06-11 14:10:19,Afternoon,Weekend
Coffee,2016-06-11 14:10:19,Afternoon,Weekend
Soup,2016-06-11 14:10:19,Afternoon,Weekend
Mighty Protein,2016-06-11 14:10:19,Afternoon,Weekend
Jam,2016-06-11 14:17:10,Afternoon,Weekend
Coffee,2016-06-11 14:37:39,Afternoon,Weekend
Alfajores,2016-06-11 14:37:39,Afternoon,Weekend
Cake,2016-06-11 14:44:24,Afternoon,Weekend
Hot chocolate,2016-06-11 14:44:24,Afternoon,Weekend
Alfajores,2016-06-11 14:44:24,Afternoon,Weekend
Hot chocolate,2016-06-11 14:50:44,Afternoon,Weekend
Tea,2016-06-11 14:50:44,Afternoon,Weekend
Muffin,2016-06-11 14:50:44,Afternoon,Weekend
Brownie,2016-06-11 14:53:44,Afternoon,Weekend
Cake,2016-06-11 14:54:24,Afternoon,Weekend
Coffee,2016-06-11 14:54:24,Afternoon,Weekend
Victorian Sponge,2016-06-11 14:55:50,Afternoon,Weekend
Alfajores,2016-06-11 14:55:50,Afternoon,Weekend
Tea,2016-06-11 14:55:50,Afternoon,Weekend
Bread,2016-06-11 14:56:49,Afternoon,Weekend
Tartine,2016-06-11 15:04:15,Afternoon,Weekend
Tea,2016-06-11 15:04:15,Afternoon,Weekend
Tartine,2016-06-11 15:04:15,Afternoon,Weekend
Mighty Protein,2016-06-11 15:12:51,Afternoon,Weekend
Tea,2016-06-11 15:12:51,Afternoon,Weekend
Bread,2016-06-11 15:15:18,Afternoon,Weekend
Fudge,2016-06-11 15:15:18,Afternoon,Weekend
Medialuna,2016-06-11 15:32:12,Afternoon,Weekend
Tartine,2016-06-11 15:32:12,Afternoon,Weekend
Coffee,2016-06-11 15:32:12,Afternoon,Weekend
Pastry,2016-06-11 15:42:40,Afternoon,Weekend
Bread,2016-06-11 15:42:40,Afternoon,Weekend
Pastry,2016-06-11 15:44:21,Afternoon,Weekend
Bread,2016-06-11 15:44:21,Afternoon,Weekend
Coffee,2016-06-11 15:47:13,Afternoon,Weekend
Tea,2016-06-11 15:47:13,Afternoon,Weekend
Alfajores,2016-06-11 15:47:13,Afternoon,Weekend
Alfajores,2016-06-11 15:47:13,Afternoon,Weekend
Alfajores,2016-06-11 15:50:44,Afternoon,Weekend
Alfajores,2016-06-11 15:50:44,Afternoon,Weekend
Coffee,2016-06-11 15:50:44,Afternoon,Weekend
Coffee,2016-06-11 15:52:34,Afternoon,Weekend
Alfajores,2016-06-11 15:52:34,Afternoon,Weekend
Alfajores,2016-06-11 15:56:59,Afternoon,Weekend
Pastry,2016-06-11 15:56:59,Afternoon,Weekend
Alfajores,2016-06-11 16:11:45,Afternoon,Weekend
Pastry,2016-06-11 16:15:53,Afternoon,Weekend
Tea,2016-06-11 16:15:53,Afternoon,Weekend
Alfajores,2016-06-11 16:15:53,Afternoon,Weekend
Hearty & Seasonal,2016-06-11 16:15:53,Afternoon,Weekend
Tea,2016-06-11 16:23:01,Afternoon,Weekend
Sandwich,2016-06-11 16:23:01,Afternoon,Weekend
Empanadas,2016-06-11 16:29:15,Afternoon,Weekend
Tea,2016-06-11 16:29:15,Afternoon,Weekend
Alfajores,2016-06-11 16:51:30,Afternoon,Weekend
Alfajores,2016-06-11 16:51:30,Afternoon,Weekend
Tea,2016-06-11 16:51:30,Afternoon,Weekend
Alfajores,2016-06-11 17:15:54,Evening,Weekend
Pastry,2016-06-11 17:19:48,Evening,Weekend
Dulce de Leche,2016-06-11 17:19:48,Evening,Weekend
Coffee,2016-07-11 08:13:03,Morning,Weekday
Pastry,2016-07-11 08:13:03,Morning,Weekday
Farm House,2016-07-11 09:04:36,Morning,Weekday
Coffee,2016-07-11 09:04:36,Morning,Weekday
Bread,2016-07-11 09:14:07,Morning,Weekday
Scandinavian,2016-07-11 09:14:07,Morning,Weekday
Medialuna,2016-07-11 09:14:07,Morning,Weekday
Bread,2016-07-11 09:16:13,Morning,Weekday
Pastry,2016-07-11 09:29:14,Morning,Weekday
Tea,2016-07-11 09:29:14,Morning,Weekday
Alfajores,2016-07-11 09:29:14,Morning,Weekday
Pastry,2016-07-11 09:31:03,Morning,Weekday
Coffee,2016-07-11 09:31:03,Morning,Weekday
Bread,2016-07-11 09:34:03,Morning,Weekday
Pastry,2016-07-11 09:34:03,Morning,Weekday
Muffin,2016-07-11 09:34:03,Morning,Weekday
Farm House,2016-07-11 09:34:03,Morning,Weekday
Medialuna,2016-07-11 09:50:01,Morning,Weekday
Tea,2016-07-11 09:50:01,Morning,Weekday
Alfajores,2016-07-11 09:52:43,Morning,Weekday
Sandwich,2016-07-11 09:57:09,Morning,Weekday
Tea,2016-07-11 09:57:09,Morning,Weekday
Tea,2016-07-11 10:04:23,Morning,Weekday
Bread,2016-07-11 10:04:23,Morning,Weekday
Bread,2016-07-11 10:14:15,Morning,Weekday
Coffee,2016-07-11 10:14:15,Morning,Weekday
Pastry,2016-07-11 10:14:15,Morning,Weekday
Coffee,2016-07-11 10:25:13,Morning,Weekday
Coffee,2016-07-11 10:25:13,Morning,Weekday
Muffin,2016-07-11 10:25:13,Morning,Weekday
Alfajores,2016-07-11 10:25:13,Morning,Weekday
Empanadas,2016-07-11 10:25:13,Morning,Weekday
Coffee,2016-07-11 10:29:47,Morning,Weekday
Bread,2016-07-11 10:30:06,Morning,Weekday
Coffee,2016-07-11 10:34:25,Morning,Weekday
Coffee,2016-07-11 10:40:42,Morning,Weekday
Bread,2016-07-11 10:43:30,Morning,Weekday
Bread,2016-07-11 10:45:13,Morning,Weekday
Pastry,2016-07-11 10:45:13,Morning,Weekday
Medialuna,2016-07-11 10:45:13,Morning,Weekday
Tea,2016-07-11 10:45:13,Morning,Weekday
Tea,2016-07-11 10:49:31,Morning,Weekday
Bread,2016-07-11 10:49:31,Morning,Weekday
Muffin,2016-07-11 10:57:41,Morning,Weekday
Coffee,2016-07-11 10:59:55,Morning,Weekday
Muffin,2016-07-11 10:59:55,Morning,Weekday
Coffee,2016-07-11 11:00:44,Morning,Weekday
Bread,2016-07-11 11:00:44,Morning,Weekday
Pastry,2016-07-11 11:00:44,Morning,Weekday
Medialuna,2016-07-11 11:00:44,Morning,Weekday
Coffee,2016-07-11 11:06:44,Morning,Weekday
Coffee,2016-07-11 11:06:44,Morning,Weekday
Muffin,2016-07-11 11:06:44,Morning,Weekday
Muffin,2016-07-11 11:14:01,Morning,Weekday
Hot chocolate,2016-07-11 11:14:01,Morning,Weekday
Scandinavian,2016-07-11 11:14:01,Morning,Weekday
Bread,2016-07-11 11:14:01,Morning,Weekday
Farm House,2016-07-11 11:17:55,Morning,Weekday
Muffin,2016-07-11 11:22:48,Morning,Weekday
Coffee,2016-07-11 11:24:12,Morning,Weekday
Bread,2016-07-11 11:28:29,Morning,Weekday
Coffee,2016-07-11 11:29:47,Morning,Weekday
Coffee,2016-07-11 11:29:47,Morning,Weekday
Cookies,2016-07-11 11:29:47,Morning,Weekday
Coffee,2016-07-11 11:31:35,Morning,Weekday
Coffee,2016-07-11 11:31:35,Morning,Weekday
Muffin,2016-07-11 11:33:55,Morning,Weekday
Coffee,2016-07-11 11:34:39,Morning,Weekday
Tea,2016-07-11 11:34:39,Morning,Weekday
Keeping It Local,2016-07-11 11:34:39,Morning,Weekday
Coffee,2016-07-11 11:40:01,Morning,Weekday
Medialuna,2016-07-11 11:40:01,Morning,Weekday
Bread,2016-07-11 11:44:36,Morning,Weekday
Tartine,2016-07-11 11:59:40,Morning,Weekday
Scandinavian,2016-07-11 11:59:40,Morning,Weekday
Coffee,2016-07-11 12:04:33,Afternoon,Weekday
Tea,2016-07-11 12:04:33,Afternoon,Weekday
Bread,2016-07-11 12:16:19,Afternoon,Weekday
Coffee,2016-07-11 12:18:13,Afternoon,Weekday
Coke,2016-07-11 12:18:13,Afternoon,Weekday
Coffee,2016-07-11 12:19:39,Afternoon,Weekday
Muffin,2016-07-11 12:19:39,Afternoon,Weekday
Coffee,2016-07-11 12:37:54,Afternoon,Weekday
Bread,2016-07-11 12:37:54,Afternoon,Weekday
Coffee,2016-07-11 12:37:54,Afternoon,Weekday
Medialuna,2016-07-11 12:37:54,Afternoon,Weekday
Muffin,2016-07-11 12:37:54,Afternoon,Weekday
Scandinavian,2016-07-11 12:37:54,Afternoon,Weekday
Bread,2016-07-11 12:44:18,Afternoon,Weekday
Coke,2016-07-11 12:52:52,Afternoon,Weekday
Bread,2016-07-11 13:00:03,Afternoon,Weekday
Scandinavian,2016-07-11 13:00:03,Afternoon,Weekday
Coffee,2016-07-11 13:01:39,Afternoon,Weekday
Bread,2016-07-11 13:09:02,Afternoon,Weekday
Scandinavian,2016-07-11 13:12:51,Afternoon,Weekday
Bread,2016-07-11 13:12:51,Afternoon,Weekday
Fudge,2016-07-11 13:28:28,Afternoon,Weekday
Fudge,2016-07-11 13:28:28,Afternoon,Weekday
Soup,2016-07-11 13:36:49,Afternoon,Weekday
Hearty & Seasonal,2016-07-11 13:36:49,Afternoon,Weekday
Coffee,2016-07-11 13:36:49,Afternoon,Weekday
Coke,2016-07-11 13:42:36,Afternoon,Weekday
Coffee,2016-07-11 13:45:52,Afternoon,Weekday
Cookies,2016-07-11 13:45:52,Afternoon,Weekday
Tea,2016-07-11 13:45:52,Afternoon,Weekday
Pastry,2016-07-11 13:57:34,Afternoon,Weekday
Tea,2016-07-11 13:57:34,Afternoon,Weekday
Coffee,2016-07-11 13:57:34,Afternoon,Weekday
Bread,2016-07-11 14:00:32,Afternoon,Weekday
Coffee,2016-07-11 14:08:35,Afternoon,Weekday
Medialuna,2016-07-11 14:08:35,Afternoon,Weekday
Coffee,2016-07-11 14:15:29,Afternoon,Weekday
Coffee,2016-07-11 14:15:29,Afternoon,Weekday
Muffin,2016-07-11 14:15:29,Afternoon,Weekday
Sandwich,2016-07-11 14:15:29,Afternoon,Weekday
Soup,2016-07-11 14:15:29,Afternoon,Weekday
Tea,2016-07-11 14:19:36,Afternoon,Weekday
Coffee,2016-07-11 14:19:36,Afternoon,Weekday
Muffin,2016-07-11 14:19:36,Afternoon,Weekday
Alfajores,2016-07-11 14:30:37,Afternoon,Weekday
Bread,2016-07-11 14:35:18,Afternoon,Weekday
Coffee,2016-07-11 14:36:10,Afternoon,Weekday
Medialuna,2016-07-11 14:36:10,Afternoon,Weekday
Coffee,2016-07-11 14:37:40,Afternoon,Weekday
Coffee,2016-07-11 14:40:37,Afternoon,Weekday
Medialuna,2016-07-11 14:41:38,Afternoon,Weekday
Empanadas,2016-07-11 14:54:34,Afternoon,Weekday
Bread,2016-07-11 14:54:34,Afternoon,Weekday
Scandinavian,2016-07-11 14:54:34,Afternoon,Weekday
Coffee,2016-07-11 15:08:12,Afternoon,Weekday
Tartine,2016-07-11 15:08:12,Afternoon,Weekday
Tea,2016-07-11 15:08:55,Afternoon,Weekday
Scandinavian,2016-07-11 15:11:04,Afternoon,Weekday
Muffin,2016-07-11 15:29:01,Afternoon,Weekday
Scandinavian,2016-07-11 15:40:48,Afternoon,Weekday
Bread,2016-07-11 15:40:48,Afternoon,Weekday
Bread,2016-07-11 15:55:35,Afternoon,Weekday
Coffee,2016-07-11 16:01:38,Afternoon,Weekday
Bread,2016-07-11 16:33:17,Afternoon,Weekday
Bread,2016-07-11 16:40:12,Afternoon,Weekday
Coffee,2016-07-11 17:04:07,Evening,Weekday
Coffee,2016-07-11 17:04:07,Evening,Weekday
Cookies,2016-07-11 17:18:06,Evening,Weekday
Scandinavian,2016-07-11 17:18:06,Evening,Weekday
Coffee,2016-07-11 18:28:32,Evening,Weekday
Bread,2016-07-11 18:28:32,Evening,Weekday
Empanadas,2016-07-11 18:28:32,Evening,Weekday
Medialuna,2016-07-11 18:28:32,Evening,Weekday
Coffee,2016-08-11 08:17:58,Morning,Weekday
Pastry,2016-08-11 08:17:58,Morning,Weekday
Bread,2016-08-11 08:37:02,Morning,Weekday
Pastry,2016-08-11 09:07:18,Morning,Weekday
Tea,2016-08-11 09:07:18,Morning,Weekday
Coffee,2016-08-11 09:08:37,Morning,Weekday
Coffee,2016-08-11 09:08:37,Morning,Weekday
Pastry,2016-08-11 09:08:37,Morning,Weekday
Coffee,2016-08-11 09:15:49,Morning,Weekday
Bread,2016-08-11 09:15:49,Morning,Weekday
Coffee,2016-08-11 09:21:52,Morning,Weekday
Keeping It Local,2016-08-11 09:21:52,Morning,Weekday
Fudge,2016-08-11 09:23:54,Morning,Weekday
Tartine,2016-08-11 09:47:08,Morning,Weekday
Coffee,2016-08-11 09:47:08,Morning,Weekday
Coffee,2016-08-11 09:47:08,Morning,Weekday
Hot chocolate,2016-08-11 09:55:36,Morning,Weekday
Coffee,2016-08-11 09:55:36,Morning,Weekday
Pastry,2016-08-11 09:55:36,Morning,Weekday
Medialuna,2016-08-11 09:55:36,Morning,Weekday
Alfajores,2016-08-11 10:07:31,Morning,Weekday
Coffee,2016-08-11 10:07:31,Morning,Weekday
Coffee,2016-08-11 10:09:35,Morning,Weekday
Coffee,2016-08-11 10:31:58,Morning,Weekday
Coffee,2016-08-11 10:31:58,Morning,Weekday
Medialuna,2016-08-11 10:31:58,Morning,Weekday
Coke,2016-08-11 10:39:29,Morning,Weekday
Coffee,2016-08-11 10:43:03,Morning,Weekday
Coffee,2016-08-11 10:43:03,Morning,Weekday
Alfajores,2016-08-11 10:43:03,Morning,Weekday
Muffin,2016-08-11 10:45:21,Morning,Weekday
Farm House,2016-08-11 10:50:47,Morning,Weekday
Brownie,2016-08-11 10:50:47,Morning,Weekday
Fudge,2016-08-11 10:50:47,Morning,Weekday
Coffee,2016-08-11 10:59:58,Morning,Weekday
Coffee,2016-08-11 10:59:58,Morning,Weekday
Tea,2016-08-11 11:02:32,Morning,Weekday
Muffin,2016-08-11 11:02:32,Morning,Weekday
Farm House,2016-08-11 11:02:32,Morning,Weekday
Coffee,2016-08-11 11:09:29,Morning,Weekday
Pastry,2016-08-11 11:09:29,Morning,Weekday
Pastry,2016-08-11 11:11:42,Morning,Weekday
Brownie,2016-08-11 11:11:42,Morning,Weekday
Medialuna,2016-08-11 11:17:11,Morning,Weekday
Coffee,2016-08-11 11:19:09,Morning,Weekday
Pastry,2016-08-11 11:22:27,Morning,Weekday
Coffee,2016-08-11 11:22:27,Morning,Weekday
Juice,2016-08-11 11:22:27,Morning,Weekday
Coffee,2016-08-11 11:26:43,Morning,Weekday
Bread,2016-08-11 11:26:43,Morning,Weekday
Tea,2016-08-11 11:33:27,Morning,Weekday
Coffee,2016-08-11 11:33:27,Morning,Weekday
Tea,2016-08-11 11:35:23,Morning,Weekday
Alfajores,2016-08-11 11:35:23,Morning,Weekday
Alfajores,2016-08-11 11:36:17,Morning,Weekday
Coffee,2016-08-11 11:36:17,Morning,Weekday
Scandinavian,2016-08-11 11:47:50,Morning,Weekday
Pastry,2016-08-11 12:10:13,Afternoon,Weekday
Medialuna,2016-08-11 12:10:13,Afternoon,Weekday
Brownie,2016-08-11 12:13:34,Afternoon,Weekday
Farm House,2016-08-11 12:15:10,Afternoon,Weekday
Coffee,2016-08-11 12:17:33,Afternoon,Weekday
Cookies,2016-08-11 12:17:33,Afternoon,Weekday
Soup,2016-08-11 12:18:29,Afternoon,Weekday
Art Tray,2016-08-11 12:23:11,Afternoon,Weekday
Coffee,2016-08-11 12:23:11,Afternoon,Weekday
Coffee,2016-08-11 12:23:11,Afternoon,Weekday
Brownie,2016-08-11 12:23:11,Afternoon,Weekday
Coffee,2016-08-11 12:24:24,Afternoon,Weekday
Farm House,2016-08-11 12:27:23,Afternoon,Weekday
Soup,2016-08-11 12:33:17,Afternoon,Weekday
Art Tray,2016-08-11 12:33:17,Afternoon,Weekday
Alfajores,2016-08-11 12:33:17,Afternoon,Weekday
Frittata,2016-08-11 12:33:17,Afternoon,Weekday
Sandwich,2016-08-11 12:34:38,Afternoon,Weekday
Coffee,2016-08-11 12:34:38,Afternoon,Weekday
Tea,2016-08-11 12:35:35,Afternoon,Weekday
Farm House,2016-08-11 12:40:50,Afternoon,Weekday
Scandinavian,2016-08-11 12:48:45,Afternoon,Weekday
Muffin,2016-08-11 12:48:45,Afternoon,Weekday
Farm House,2016-08-11 13:00:04,Afternoon,Weekday
Scandinavian,2016-08-11 13:04:05,Afternoon,Weekday
Soup,2016-08-11 13:16:55,Afternoon,Weekday
Hearty & Seasonal,2016-08-11 13:25:27,Afternoon,Weekday
Tea,2016-08-11 13:25:27,Afternoon,Weekday
Bread,2016-08-11 13:25:27,Afternoon,Weekday
Hot chocolate,2016-08-11 13:28:15,Afternoon,Weekday
Coffee,2016-08-11 13:29:47,Afternoon,Weekday
Sandwich,2016-08-11 13:29:47,Afternoon,Weekday
Hearty & Seasonal,2016-08-11 13:29:47,Afternoon,Weekday
Brownie,2016-08-11 13:37:01,Afternoon,Weekday
Hearty & Seasonal,2016-08-11 13:37:01,Afternoon,Weekday
Sandwich,2016-08-11 13:37:01,Afternoon,Weekday
Coffee,2016-08-11 13:37:01,Afternoon,Weekday
Medialuna,2016-08-11 14:01:59,Afternoon,Weekday
Coffee,2016-08-11 14:01:59,Afternoon,Weekday
Coffee,2016-08-11 14:06:22,Afternoon,Weekday
Brownie,2016-08-11 14:06:22,Afternoon,Weekday
Soup,2016-08-11 14:06:22,Afternoon,Weekday
Sandwich,2016-08-11 14:16:07,Afternoon,Weekday
Sandwich,2016-08-11 14:16:07,Afternoon,Weekday
Alfajores,2016-08-11 14:16:07,Afternoon,Weekday
Alfajores,2016-08-11 14:16:07,Afternoon,Weekday
Focaccia,2016-08-11 14:16:07,Afternoon,Weekday
Farm House,2016-08-11 14:22:20,Afternoon,Weekday
Tartine,2016-08-11 14:22:20,Afternoon,Weekday
Bread,2016-08-11 14:22:59,Afternoon,Weekday
Coffee,2016-08-11 14:26:51,Afternoon,Weekday
Hot chocolate,2016-08-11 14:28:30,Afternoon,Weekday
Tea,2016-08-11 14:28:30,Afternoon,Weekday
Muffin,2016-08-11 14:28:30,Afternoon,Weekday
Pastry,2016-08-11 14:31:31,Afternoon,Weekday
Coffee,2016-08-11 14:36:39,Afternoon,Weekday
Brownie,2016-08-11 14:36:39,Afternoon,Weekday
Hearty & Seasonal,2016-08-11 14:36:39,Afternoon,Weekday
Soup,2016-08-11 14:36:39,Afternoon,Weekday
Bowl Nic Pitt,2016-08-11 14:36:39,Afternoon,Weekday
Coffee,2016-08-11 14:45:38,Afternoon,Weekday
Alfajores,2016-08-11 14:51:53,Afternoon,Weekday
Medialuna,2016-08-11 14:51:53,Afternoon,Weekday
Scandinavian,2016-08-11 14:51:53,Afternoon,Weekday
Farm House,2016-08-11 14:51:53,Afternoon,Weekday
Soup,2016-08-11 14:56:14,Afternoon,Weekday
Coffee,2016-08-11 14:56:14,Afternoon,Weekday
Tea,2016-08-11 15:04:45,Afternoon,Weekday
Tea,2016-08-11 15:04:45,Afternoon,Weekday
Coffee,2016-08-11 15:08:34,Afternoon,Weekday
Tea,2016-08-11 15:08:34,Afternoon,Weekday
Cookies,2016-08-11 15:08:34,Afternoon,Weekday
Tea,2016-08-11 15:34:42,Afternoon,Weekday
Muffin,2016-08-11 15:34:42,Afternoon,Weekday
Coffee,2016-08-11 15:50:56,Afternoon,Weekday
Coffee,2016-08-11 15:50:56,Afternoon,Weekday
Brownie,2016-08-11 15:50:56,Afternoon,Weekday
Coffee,2016-08-11 16:00:32,Afternoon,Weekday
Coffee,2016-08-11 16:02:27,Afternoon,Weekday
Coffee,2016-08-11 16:03:43,Afternoon,Weekday
Farm House,2016-08-11 16:05:45,Afternoon,Weekday
Coffee,2016-08-11 16:35:19,Afternoon,Weekday
Bread Pudding,2016-08-11 16:35:19,Afternoon,Weekday
Coffee,2016-08-11 17:01:15,Evening,Weekday
Medialuna,2016-08-11 17:01:15,Evening,Weekday
Hot chocolate,2016-08-11 17:04:46,Evening,Weekday
Coffee,2016-08-11 17:10:06,Evening,Weekday
Hot chocolate,2016-08-11 17:10:06,Evening,Weekday
Farm House,2016-08-11 17:10:06,Evening,Weekday
Pastry,2016-09-11 08:07:12,Morning,Weekday
Coffee,2016-09-11 08:07:12,Morning,Weekday
Bread,2016-09-11 08:37:48,Morning,Weekday
Pastry,2016-09-11 09:24:38,Morning,Weekday
Coffee,2016-09-11 09:24:38,Morning,Weekday
Coffee,2016-09-11 09:40:29,Morning,Weekday
Coffee,2016-09-11 09:40:29,Morning,Weekday
Coffee,2016-09-11 10:07:40,Morning,Weekday
Pastry,2016-09-11 10:07:40,Morning,Weekday
Farm House,2016-09-11 10:15:09,Morning,Weekday
Bread,2016-09-11 10:36:01,Morning,Weekday
Coffee,2016-09-11 10:56:53,Morning,Weekday
Hot chocolate,2016-09-11 10:56:53,Morning,Weekday
Bread,2016-09-11 11:00:54,Morning,Weekday
Coffee,2016-09-11 11:03:38,Morning,Weekday
Focaccia,2016-09-11 11:03:38,Morning,Weekday
Coffee,2016-09-11 11:03:38,Morning,Weekday
Medialuna,2016-09-11 11:03:38,Morning,Weekday
Bread,2016-09-11 11:03:38,Morning,Weekday
Coffee,2016-09-11 11:12:22,Morning,Weekday
Bread,2016-09-11 11:15:12,Morning,Weekday
Keeping It Local,2016-09-11 11:15:12,Morning,Weekday
Bread,2016-09-11 11:20:01,Morning,Weekday
Coffee,2016-09-11 11:20:01,Morning,Weekday
Bread,2016-09-11 11:23:55,Morning,Weekday
Bread,2016-09-11 11:28:39,Morning,Weekday
Medialuna,2016-09-11 11:28:39,Morning,Weekday
Coffee,2016-09-11 11:31:04,Morning,Weekday
Coffee,2016-09-11 11:32:50,Morning,Weekday
Coffee,2016-09-11 11:32:50,Morning,Weekday
Medialuna,2016-09-11 11:32:50,Morning,Weekday
Coffee,2016-09-11 11:35:07,Morning,Weekday
Cookies,2016-09-11 11:35:07,Morning,Weekday
Tartine,2016-09-11 11:35:07,Morning,Weekday
Tea,2016-09-11 11:58:20,Morning,Weekday
Bread,2016-09-11 11:58:20,Morning,Weekday
Bread,2016-09-11 11:59:56,Morning,Weekday
Keeping It Local,2016-09-11 11:59:56,Morning,Weekday
Coffee,2016-09-11 11:59:56,Morning,Weekday
Coffee,2016-09-11 12:04:03,Afternoon,Weekday
Medialuna,2016-09-11 12:04:03,Afternoon,Weekday
Coffee,2016-09-11 12:06:35,Afternoon,Weekday
Medialuna,2016-09-11 12:06:35,Afternoon,Weekday
Tea,2016-09-11 12:12:31,Afternoon,Weekday
Juice,2016-09-11 12:20:42,Afternoon,Weekday
Coke,2016-09-11 12:20:42,Afternoon,Weekday
Soup,2016-09-11 12:20:42,Afternoon,Weekday
Bread,2016-09-11 12:22:35,Afternoon,Weekday
Brownie,2016-09-11 12:24:49,Afternoon,Weekday
Brownie,2016-09-11 12:33:07,Afternoon,Weekday
Bread,2016-09-11 12:33:07,Afternoon,Weekday
Coffee,2016-09-11 12:33:07,Afternoon,Weekday
Coffee,2016-09-11 12:38:43,Afternoon,Weekday
Pastry,2016-09-11 12:38:43,Afternoon,Weekday
Bread,2016-09-11 12:38:43,Afternoon,Weekday
Hearty & Seasonal,2016-09-11 12:38:43,Afternoon,Weekday
Bread,2016-09-11 12:50:36,Afternoon,Weekday
Coffee,2016-09-11 12:50:36,Afternoon,Weekday
Brownie,2016-09-11 12:50:36,Afternoon,Weekday
Coffee,2016-09-11 13:00:17,Afternoon,Weekday
Bread,2016-09-11 13:02:19,Afternoon,Weekday
Cookies,2016-09-11 13:02:19,Afternoon,Weekday
Fudge,2016-09-11 13:07:56,Afternoon,Weekday
Eggs,2016-09-11 13:07:56,Afternoon,Weekday
Bread,2016-09-11 13:15:01,Afternoon,Weekday
Bread,2016-09-11 13:16:34,Afternoon,Weekday
Muffin,2016-09-11 13:16:34,Afternoon,Weekday
Soup,2016-09-11 13:22:17,Afternoon,Weekday
Coffee,2016-09-11 13:24:11,Afternoon,Weekday
Bread Pudding,2016-09-11 13:24:11,Afternoon,Weekday
Bread,2016-09-11 13:44:09,Afternoon,Weekday
Tartine,2016-09-11 13:44:09,Afternoon,Weekday
Sandwich,2016-09-11 14:15:05,Afternoon,Weekday
Coffee,2016-09-11 14:15:05,Afternoon,Weekday
Fudge,2016-09-11 14:15:05,Afternoon,Weekday
Jam,2016-09-11 14:15:05,Afternoon,Weekday
Bread Pudding,2016-09-11 14:15:05,Afternoon,Weekday
Bread Pudding,2016-09-11 14:16:15,Afternoon,Weekday
Soup,2016-09-11 14:16:15,Afternoon,Weekday
Coffee,2016-09-11 14:16:15,Afternoon,Weekday
Hearty & Seasonal,2016-09-11 14:21:56,Afternoon,Weekday
Bread,2016-09-11 14:21:56,Afternoon,Weekday
Coffee,2016-09-11 14:26:30,Afternoon,Weekday
Coffee,2016-09-11 14:26:30,Afternoon,Weekday
Cookies,2016-09-11 14:26:30,Afternoon,Weekday
Coffee,2016-09-11 14:33:53,Afternoon,Weekday
Bread,2016-09-11 14:45:12,Afternoon,Weekday
Coffee,2016-09-11 15:17:08,Afternoon,Weekday
Bread,2016-09-11 15:17:08,Afternoon,Weekday
Soup,2016-09-11 15:17:08,Afternoon,Weekday
Soup,2016-09-11 15:22:10,Afternoon,Weekday
Tea,2016-09-11 15:22:10,Afternoon,Weekday
Focaccia,2016-09-11 15:22:10,Afternoon,Weekday
Coffee,2016-09-11 16:02:24,Afternoon,Weekday
My-5 Fruit Shoot,2016-09-11 16:02:24,Afternoon,Weekday
Cookies,2016-09-11 16:02:24,Afternoon,Weekday
Coffee,2016-09-11 16:31:15,Afternoon,Weekday
Coffee,2016-09-11 16:31:15,Afternoon,Weekday
Coffee,2016-09-11 18:04:13,Evening,Weekday
Sandwich,2016-09-11 18:04:13,Evening,Weekday
Tea,2016-09-11 18:04:13,Evening,Weekday
Scandinavian,2016-09-11 18:09:59,Evening,Weekday
Adjustment,2016-09-11 19:49:22,Evening,Weekday
Coffee,2016-10-11 08:51:02,Morning,Weekday
Medialuna,2016-10-11 08:52:27,Morning,Weekday
Coffee,2016-10-11 08:52:27,Morning,Weekday
Bread,2016-10-11 08:59:29,Morning,Weekday
Bread,2016-10-11 09:00:15,Morning,Weekday
Coffee,2016-10-11 09:06:46,Morning,Weekday
Pastry,2016-10-11 09:06:46,Morning,Weekday
Farm House,2016-10-11 09:12:14,Morning,Weekday
Medialuna,2016-10-11 09:15:08,Morning,Weekday
Brownie,2016-10-11 09:15:08,Morning,Weekday
Bread,2016-10-11 09:19:23,Morning,Weekday
Pastry,2016-10-11 09:19:23,Morning,Weekday
Brownie,2016-10-11 09:19:23,Morning,Weekday
Pastry,2016-10-11 09:24:34,Morning,Weekday
Bread,2016-10-11 09:24:34,Morning,Weekday
Cookies,2016-10-11 09:24:34,Morning,Weekday
Bread,2016-10-11 09:29:36,Morning,Weekday
Bread,2016-10-11 09:29:36,Morning,Weekday
Cookies,2016-10-11 09:32:14,Morning,Weekday
Pastry,2016-10-11 09:32:14,Morning,Weekday
Coffee,2016-10-11 09:32:14,Morning,Weekday
Juice,2016-10-11 09:32:14,Morning,Weekday
Pastry,2016-10-11 09:37:37,Morning,Weekday
Cookies,2016-10-11 09:37:37,Morning,Weekday
Coffee,2016-10-11 09:37:37,Morning,Weekday
Coffee,2016-10-11 09:38:27,Morning,Weekday
Medialuna,2016-10-11 09:38:27,Morning,Weekday
Bread,2016-10-11 09:48:11,Morning,Weekday
Tartine,2016-10-11 09:53:32,Morning,Weekday
Coffee,2016-10-11 09:53:32,Morning,Weekday
Coffee,2016-10-11 09:54:58,Morning,Weekday
Medialuna,2016-10-11 09:54:58,Morning,Weekday
Bread,2016-10-11 10:00:41,Morning,Weekday
Bread,2016-10-11 10:03:59,Morning,Weekday
Coffee,2016-10-11 10:03:59,Morning,Weekday
Alfajores,2016-10-11 10:03:59,Morning,Weekday
Cookies,2016-10-11 10:03:59,Morning,Weekday
Bread,2016-10-11 10:05:29,Morning,Weekday
Coffee,2016-10-11 10:05:29,Morning,Weekday
Coffee,2016-10-11 10:05:29,Morning,Weekday
Bread,2016-10-11 10:34:41,Morning,Weekday
Bread,2016-10-11 10:50:04,Morning,Weekday
Coffee,2016-10-11 10:50:04,Morning,Weekday
Tea,2016-10-11 10:50:04,Morning,Weekday
Keeping It Local,2016-10-11 10:50:04,Morning,Weekday
Jam,2016-10-11 10:50:04,Morning,Weekday
Cookies,2016-10-11 10:50:04,Morning,Weekday
Pastry,2016-10-11 10:51:27,Morning,Weekday
Coffee,2016-10-11 10:51:27,Morning,Weekday
Juice,2016-10-11 10:51:27,Morning,Weekday
Medialuna,2016-10-11 10:57:11,Morning,Weekday
Bread,2016-10-11 10:57:11,Morning,Weekday
Focaccia,2016-10-11 10:57:11,Morning,Weekday
Pastry,2016-10-11 10:58:34,Morning,Weekday
Medialuna,2016-10-11 10:58:34,Morning,Weekday
Coffee,2016-10-11 10:58:34,Morning,Weekday
Coffee,2016-10-11 11:10:16,Morning,Weekday
Coffee,2016-10-11 11:19:37,Morning,Weekday
Coffee,2016-10-11 11:23:12,Morning,Weekday
Cookies,2016-10-11 11:23:12,Morning,Weekday
Truffles,2016-10-11 11:23:12,Morning,Weekday
Brownie,2016-10-11 11:23:12,Morning,Weekday
Bread,2016-10-11 11:23:12,Morning,Weekday
Art Tray,2016-10-11 11:32:07,Morning,Weekday
Tea,2016-10-11 11:32:07,Morning,Weekday
Bread,2016-10-11 11:34:35,Morning,Weekday
Coffee,2016-10-11 11:46:37,Morning,Weekday
Coffee,2016-10-11 11:54:44,Morning,Weekday
Cookies,2016-10-11 11:54:44,Morning,Weekday
Brownie,2016-10-11 12:01:44,Afternoon,Weekday
Bread,2016-10-11 12:02:40,Afternoon,Weekday
Tea,2016-10-11 12:02:40,Afternoon,Weekday
Empanadas,2016-10-11 12:02:40,Afternoon,Weekday
Bread,2016-10-11 12:06:47,Afternoon,Weekday
Hot chocolate,2016-10-11 12:06:47,Afternoon,Weekday
Coffee,2016-10-11 12:08:23,Afternoon,Weekday
Cookies,2016-10-11 12:08:23,Afternoon,Weekday
Bread,2016-10-11 12:11:14,Afternoon,Weekday
Tartine,2016-10-11 12:35:55,Afternoon,Weekday
Sandwich,2016-10-11 12:35:55,Afternoon,Weekday
Tea,2016-10-11 12:35:55,Afternoon,Weekday
Bread,2016-10-11 12:35:55,Afternoon,Weekday
Soup,2016-10-11 12:38:17,Afternoon,Weekday
Sandwich,2016-10-11 12:38:17,Afternoon,Weekday
Bread,2016-10-11 12:38:17,Afternoon,Weekday
Soup,2016-10-11 12:42:29,Afternoon,Weekday
Bread,2016-10-11 12:42:29,Afternoon,Weekday
Fudge,2016-10-11 12:44:08,Afternoon,Weekday
Coffee,2016-10-11 13:05:54,Afternoon,Weekday
Coffee,2016-10-11 13:10:58,Afternoon,Weekday
Empanadas,2016-10-11 13:10:58,Afternoon,Weekday
Soup,2016-10-11 13:10:58,Afternoon,Weekday
Bread,2016-10-11 13:14:56,Afternoon,Weekday
Coffee,2016-10-11 13:14:56,Afternoon,Weekday
Brownie,2016-10-11 13:14:56,Afternoon,Weekday
Coffee,2016-10-11 13:24:36,Afternoon,Weekday
Smoothies,2016-10-11 13:24:36,Afternoon,Weekday
Juice,2016-10-11 13:24:36,Afternoon,Weekday
Soup,2016-10-11 13:24:36,Afternoon,Weekday
Hearty & Seasonal,2016-10-11 13:24:36,Afternoon,Weekday
Alfajores,2016-10-11 13:43:08,Afternoon,Weekday
Sandwich,2016-10-11 13:43:08,Afternoon,Weekday
Hot chocolate,2016-10-11 13:43:08,Afternoon,Weekday
Coffee,2016-10-11 13:43:08,Afternoon,Weekday
Scandinavian,2016-10-11 13:43:08,Afternoon,Weekday
Cookies,2016-10-11 13:43:08,Afternoon,Weekday
Tea,2016-10-11 13:52:16,Afternoon,Weekday
Coffee,2016-10-11 13:52:16,Afternoon,Weekday
Bread,2016-10-11 13:59:34,Afternoon,Weekday
Cookies,2016-10-11 13:59:34,Afternoon,Weekday
Alfajores,2016-10-11 14:04:40,Afternoon,Weekday
Cookies,2016-10-11 14:04:40,Afternoon,Weekday
Bread,2016-10-11 14:04:40,Afternoon,Weekday
Bread,2016-10-11 14:04:40,Afternoon,Weekday
Tea,2016-10-11 14:06:21,Afternoon,Weekday
Brownie,2016-10-11 14:06:21,Afternoon,Weekday
Tea,2016-10-11 14:08:30,Afternoon,Weekday
Bread,2016-10-11 14:08:30,Afternoon,Weekday
Coffee,2016-10-11 14:09:27,Afternoon,Weekday
Alfajores,2016-10-11 14:09:27,Afternoon,Weekday
Bread,2016-10-11 14:38:58,Afternoon,Weekday
Empanadas,2016-10-11 14:42:20,Afternoon,Weekday
Coffee,2016-10-11 14:42:20,Afternoon,Weekday
Bread,2016-10-11 15:01:19,Afternoon,Weekday
Coffee,2016-10-11 15:03:37,Afternoon,Weekday
Hot chocolate,2016-10-11 15:03:37,Afternoon,Weekday
Coffee,2016-10-11 15:10:08,Afternoon,Weekday
Coffee,2016-10-11 15:14:10,Afternoon,Weekday
Brownie,2016-10-11 15:14:10,Afternoon,Weekday
Tea,2016-10-11 15:22:10,Afternoon,Weekday
Hot chocolate,2016-10-11 15:22:10,Afternoon,Weekday
Brownie,2016-10-11 15:22:10,Afternoon,Weekday
Truffles,2016-10-11 15:22:10,Afternoon,Weekday
Coffee,2016-10-11 15:40:42,Afternoon,Weekday
Keeping It Local,2016-10-11 15:40:42,Afternoon,Weekday
Coffee,2016-10-11 15:54:50,Afternoon,Weekday
Alfajores,2016-10-11 16:04:37,Afternoon,Weekday
Scandinavian,2016-10-11 16:11:49,Afternoon,Weekday
Chimichurri Oil,2016-10-11 16:11:49,Afternoon,Weekday
Bread,2016-10-11 16:14:15,Afternoon,Weekday
Truffles,2016-10-11 16:14:15,Afternoon,Weekday
Brownie,2016-10-11 16:15:33,Afternoon,Weekday
Focaccia,2016-10-11 16:15:33,Afternoon,Weekday
Coffee,2016-10-11 16:17:39,Afternoon,Weekday
Bread,2016-10-11 16:17:39,Afternoon,Weekday
Coffee,2016-10-11 16:21:05,Afternoon,Weekday
Tea,2016-10-11 16:21:05,Afternoon,Weekday
Art Tray,2016-10-11 16:21:05,Afternoon,Weekday
Cookies,2016-10-11 16:21:05,Afternoon,Weekday
Coffee,2016-10-11 16:22:38,Afternoon,Weekday
Bread,2016-10-11 16:31:23,Afternoon,Weekday
Coffee,2016-10-11 17:23:27,Evening,Weekday
Alfajores,2016-10-11 17:23:27,Evening,Weekday
Alfajores,2016-10-11 17:23:27,Evening,Weekday
Coke,2016-10-11 17:23:27,Evening,Weekday
Bread,2016-11-11 08:23:11,Morning,Weekday
Bread,2016-11-11 08:23:36,Morning,Weekday
Bread,2016-11-11 08:26:56,Morning,Weekday
Pastry,2016-11-11 08:26:56,Morning,Weekday
Medialuna,2016-11-11 08:26:56,Morning,Weekday
Coffee,2016-11-11 08:26:56,Morning,Weekday
Coffee,2016-11-11 08:27:39,Morning,Weekday
Bread,2016-11-11 08:40:30,Morning,Weekday
Keeping It Local,2016-11-11 08:40:30,Morning,Weekday
Bread,2016-11-11 08:42:08,Morning,Weekday
Coffee,2016-11-11 08:53:11,Morning,Weekday
Scandinavian,2016-11-11 08:53:11,Morning,Weekday
Bread,2016-11-11 08:56:42,Morning,Weekday
Farm House,2016-11-11 08:56:42,Morning,Weekday
Pastry,2016-11-11 08:56:42,Morning,Weekday
Medialuna,2016-11-11 08:56:42,Morning,Weekday
Medialuna,2016-11-11 08:58:33,Morning,Weekday
Coffee,2016-11-11 09:08:56,Morning,Weekday
Bread,2016-11-11 09:11:49,Morning,Weekday
Farm House,2016-11-11 09:11:49,Morning,Weekday
Bread,2016-11-11 09:13:15,Morning,Weekday
Keeping It Local,2016-11-11 09:16:17,Morning,Weekday
Bread,2016-11-11 09:16:17,Morning,Weekday
Bread,2016-11-11 09:18:02,Morning,Weekday
Medialuna,2016-11-11 09:18:02,Morning,Weekday
Tea,2016-11-11 09:22:39,Morning,Weekday
Coffee,2016-11-11 09:25:15,Morning,Weekday
Coffee,2016-11-11 09:25:15,Morning,Weekday
Pastry,2016-11-11 09:25:15,Morning,Weekday
Keeping It Local,2016-11-11 09:25:15,Morning,Weekday
Coffee,2016-11-11 09:28:49,Morning,Weekday
Tea,2016-11-11 09:29:24,Morning,Weekday
Hot chocolate,2016-11-11 09:33:03,Morning,Weekday
Tea,2016-11-11 09:39:26,Morning,Weekday
Sandwich,2016-11-11 09:39:26,Morning,Weekday
Bread,2016-11-11 09:51:19,Morning,Weekday
Medialuna,2016-11-11 09:57:15,Morning,Weekday
Muffin,2016-11-11 09:57:15,Morning,Weekday
Brownie,2016-11-11 09:57:15,Morning,Weekday
Coffee,2016-11-11 10:03:29,Morning,Weekday
Muffin,2016-11-11 10:03:29,Morning,Weekday
Bread,2016-11-11 10:06:14,Morning,Weekday
Coffee,2016-11-11 10:07:17,Morning,Weekday
Medialuna,2016-11-11 10:07:17,Morning,Weekday
Coffee,2016-11-11 10:09:17,Morning,Weekday
Coffee,2016-11-11 10:09:58,Morning,Weekday
Medialuna,2016-11-11 10:09:58,Morning,Weekday
Coffee,2016-11-11 10:12:35,Morning,Weekday
Coffee,2016-11-11 10:18:22,Morning,Weekday
Hot chocolate,2016-11-11 10:18:22,Morning,Weekday
Brownie,2016-11-11 10:18:22,Morning,Weekday
Bread,2016-11-11 10:18:22,Morning,Weekday
Bread,2016-11-11 10:21:19,Morning,Weekday
Bread,2016-11-11 10:21:19,Morning,Weekday
Bread,2016-11-11 10:24:19,Morning,Weekday
Coffee,2016-11-11 10:31:43,Morning,Weekday
Brownie,2016-11-11 10:31:43,Morning,Weekday
Ella's Kitchen Pouches,2016-11-11 10:34:21,Morning,Weekday
Coffee,2016-11-11 10:34:21,Morning,Weekday
Coffee,2016-11-11 10:34:21,Morning,Weekday
Medialuna,2016-11-11 10:34:21,Morning,Weekday
Pastry,2016-11-11 10:34:21,Morning,Weekday
Jam,2016-11-11 10:35:55,Morning,Weekday
Bread,2016-11-11 10:38:05,Morning,Weekday
Ella's Kitchen Pouches,2016-11-11 10:44:56,Morning,Weekday
Coffee,2016-11-11 10:46:42,Morning,Weekday
Coffee,2016-11-11 10:46:42,Morning,Weekday
Muffin,2016-11-11 10:46:42,Morning,Weekday
Tea,2016-11-11 11:13:24,Morning,Weekday
Coffee,2016-11-11 11:13:24,Morning,Weekday
Truffles,2016-11-11 11:13:24,Morning,Weekday
Coffee,2016-11-11 11:14:57,Morning,Weekday
Pastry,2016-11-11 11:18:38,Morning,Weekday
Brownie,2016-11-11 11:18:38,Morning,Weekday
Brownie,2016-11-11 11:20:04,Morning,Weekday
Bread,2016-11-11 11:20:04,Morning,Weekday
Bread,2016-11-11 11:21:23,Morning,Weekday
Coffee,2016-11-11 11:21:23,Morning,Weekday
Bread,2016-11-11 11:23:36,Morning,Weekday
Pastry,2016-11-11 11:23:36,Morning,Weekday
Alfajores,2016-11-11 11:25:11,Morning,Weekday
Bread,2016-11-11 11:25:11,Morning,Weekday
Brownie,2016-11-11 11:31:09,Morning,Weekday
Muffin,2016-11-11 11:31:09,Morning,Weekday
Scandinavian,2016-11-11 11:31:09,Morning,Weekday
Coffee,2016-11-11 11:32:44,Morning,Weekday
Fudge,2016-11-11 11:34:40,Morning,Weekday
Tea,2016-11-11 11:41:37,Morning,Weekday
Brownie,2016-11-11 11:41:37,Morning,Weekday
Bread,2016-11-11 11:42:49,Morning,Weekday
Bread,2016-11-11 11:45:01,Morning,Weekday
Muffin,2016-11-11 11:45:01,Morning,Weekday
Scandinavian,2016-11-11 11:56:17,Morning,Weekday
Bread,2016-11-11 11:56:35,Morning,Weekday
Coffee,2016-11-11 11:56:57,Morning,Weekday
Bread,2016-11-11 12:02:21,Afternoon,Weekday
Coffee,2016-11-11 12:07:00,Afternoon,Weekday
Soup,2016-11-11 12:07:00,Afternoon,Weekday
Soup,2016-11-11 12:17:23,Afternoon,Weekday
Coffee,2016-11-11 12:19:46,Afternoon,Weekday
Bread,2016-11-11 12:19:46,Afternoon,Weekday
Coffee,2016-11-11 12:19:46,Afternoon,Weekday
Alfajores,2016-11-11 12:19:46,Afternoon,Weekday
Alfajores,2016-11-11 12:19:46,Afternoon,Weekday
Farm House,2016-11-11 12:21:37,Afternoon,Weekday
Farm House,2016-11-11 12:40:32,Afternoon,Weekday
Chimichurri Oil,2016-11-11 12:40:32,Afternoon,Weekday
Farm House,2016-11-11 12:55:18,Afternoon,Weekday
Sandwich,2016-11-11 12:58:54,Afternoon,Weekday
Soup,2016-11-11 13:05:58,Afternoon,Weekday
Bread,2016-11-11 13:05:58,Afternoon,Weekday
Coffee,2016-11-11 13:32:26,Afternoon,Weekday
Art Tray,2016-11-11 13:32:26,Afternoon,Weekday
Frittata,2016-11-11 13:32:26,Afternoon,Weekday
Sandwich,2016-11-11 13:32:26,Afternoon,Weekday
Scandinavian,2016-11-11 13:46:24,Afternoon,Weekday
Fairy Doors,2016-11-11 13:46:24,Afternoon,Weekday
Mineral water,2016-11-11 13:49:12,Afternoon,Weekday
Cookies,2016-11-11 13:49:12,Afternoon,Weekday
Brownie,2016-11-11 13:50:43,Afternoon,Weekday
Coffee,2016-11-11 13:50:43,Afternoon,Weekday
Coffee,2016-11-11 13:50:43,Afternoon,Weekday
Bread,2016-11-11 13:59:45,Afternoon,Weekday
Hearty & Seasonal,2016-11-11 13:59:45,Afternoon,Weekday
Hearty & Seasonal,2016-11-11 14:00:15,Afternoon,Weekday
Bread,2016-11-11 14:00:15,Afternoon,Weekday
Scandinavian,2016-11-11 14:15:49,Afternoon,Weekday
Focaccia,2016-11-11 14:15:49,Afternoon,Weekday
Fudge,2016-11-11 14:17:27,Afternoon,Weekday
Coffee,2016-11-11 14:20:49,Afternoon,Weekday
Tea,2016-11-11 14:20:49,Afternoon,Weekday
Cake,2016-11-11 14:20:49,Afternoon,Weekday
Coffee,2016-11-11 14:34:49,Afternoon,Weekday
Truffles,2016-11-11 14:40:30,Afternoon,Weekday
Coffee,2016-11-11 14:55:51,Afternoon,Weekday
Coffee,2016-11-11 14:55:51,Afternoon,Weekday
Brownie,2016-11-11 14:55:51,Afternoon,Weekday
Scandinavian,2016-11-11 14:56:31,Afternoon,Weekday
Muffin,2016-11-11 14:58:05,Afternoon,Weekday
Coffee,2016-11-11 14:58:05,Afternoon,Weekday
Soup,2016-11-11 15:08:39,Afternoon,Weekday
Coke,2016-11-11 15:08:39,Afternoon,Weekday
Hot chocolate,2016-11-11 15:08:39,Afternoon,Weekday
Fudge,2016-11-11 15:08:39,Afternoon,Weekday
Sandwich,2016-11-11 15:09:27,Afternoon,Weekday
Juice,2016-11-11 15:09:27,Afternoon,Weekday
Alfajores,2016-11-11 15:09:27,Afternoon,Weekday
Coffee,2016-11-11 16:08:37,Afternoon,Weekday
Alfajores,2016-11-11 16:08:37,Afternoon,Weekday
Brownie,2016-11-11 16:20:18,Afternoon,Weekday
Coffee,2016-11-11 16:20:18,Afternoon,Weekday
Hot chocolate,2016-11-11 16:20:18,Afternoon,Weekday
Coffee,2016-11-11 16:20:18,Afternoon,Weekday
Juice,2016-11-11 16:20:18,Afternoon,Weekday
Scandinavian,2016-11-11 16:29:37,Afternoon,Weekday
Coffee,2016-11-11 16:35:27,Afternoon,Weekday
Hot chocolate,2016-11-11 16:37:17,Afternoon,Weekday
My-5 Fruit Shoot,2016-11-11 16:37:17,Afternoon,Weekday
Cake,2016-11-11 16:37:17,Afternoon,Weekday
Soup,2016-11-11 16:39:33,Afternoon,Weekday
Sandwich,2016-11-11 16:39:33,Afternoon,Weekday
Tea,2016-11-11 16:39:33,Afternoon,Weekday
Alfajores,2016-11-11 16:39:33,Afternoon,Weekday
Alfajores,2016-11-11 16:39:33,Afternoon,Weekday
Mineral water,2016-11-11 16:40:34,Afternoon,Weekday
Bread,2016-11-11 16:52:27,Afternoon,Weekday
Scandinavian,2016-11-11 17:03:43,Evening,Weekday
Tea,2016-11-11 17:05:25,Evening,Weekday
Tea,2016-11-11 17:11:10,Evening,Weekday
Fudge,2016-11-11 17:13:33,Evening,Weekday
Scandinavian,2016-11-11 17:24:59,Evening,Weekday
Coffee,2016-11-11 17:33:05,Evening,Weekday
Coffee,2016-11-11 17:33:24,Evening,Weekday
Medialuna,2016-12-11 08:44:48,Morning,Weekend
Coffee,2016-12-11 08:44:48,Morning,Weekend
Bread,2016-12-11 09:03:16,Morning,Weekend
Bread,2016-12-11 09:14:49,Morning,Weekend
Pastry,2016-12-11 09:14:49,Morning,Weekend
Medialuna,2016-12-11 09:14:49,Morning,Weekend
Coffee,2016-12-11 09:14:49,Morning,Weekend
Pastry,2016-12-11 09:25:06,Morning,Weekend
Bread,2016-12-11 09:25:06,Morning,Weekend
Coffee,2016-12-11 09:38:40,Morning,Weekend
Coffee,2016-12-11 09:38:40,Morning,Weekend
Hot chocolate,2016-12-11 09:38:40,Morning,Weekend
Bread,2016-12-11 09:38:40,Morning,Weekend
Pastry,2016-12-11 09:38:40,Morning,Weekend
Medialuna,2016-12-11 09:38:40,Morning,Weekend
Coffee,2016-12-11 09:46:49,Morning,Weekend
Jam,2016-12-11 09:48:28,Morning,Weekend
Bread,2016-12-11 09:48:28,Morning,Weekend
Medialuna,2016-12-11 09:49:58,Morning,Weekend
Medialuna,2016-12-11 09:53:48,Morning,Weekend
Medialuna,2016-12-11 09:53:48,Morning,Weekend
Bread,2016-12-11 09:53:48,Morning,Weekend
Coffee,2016-12-11 09:59:05,Morning,Weekend
Coffee,2016-12-11 10:00:52,Morning,Weekend
Bread,2016-12-11 10:07:20,Morning,Weekend
Coffee,2016-12-11 10:09:57,Morning,Weekend
Muffin,2016-12-11 10:09:57,Morning,Weekend
Medialuna,2016-12-11 10:11:46,Morning,Weekend
Bread,2016-12-11 10:11:46,Morning,Weekend
Bread,2016-12-11 10:12:56,Morning,Weekend
Bread,2016-12-11 10:20:58,Morning,Weekend
Medialuna,2016-12-11 10:20:58,Morning,Weekend
Coffee,2016-12-11 10:23:48,Morning,Weekend
Pastry,2016-12-11 10:23:48,Morning,Weekend
Brownie,2016-12-11 10:23:48,Morning,Weekend
Medialuna,2016-12-11 10:24:36,Morning,Weekend
Scandinavian,2016-12-11 10:24:36,Morning,Weekend
Bread,2016-12-11 10:26:38,Morning,Weekend
Coffee,2016-12-11 10:28:23,Morning,Weekend
Muffin,2016-12-11 10:28:23,Morning,Weekend
Bread,2016-12-11 10:33:21,Morning,Weekend
Coffee,2016-12-11 10:34:04,Morning,Weekend
Medialuna,2016-12-11 10:40:15,Morning,Weekend
Muffin,2016-12-11 10:40:15,Morning,Weekend
Bread,2016-12-11 10:45:49,Morning,Weekend
Coffee,2016-12-11 10:53:19,Morning,Weekend
Alfajores,2016-12-11 10:57:06,Morning,Weekend
Bread,2016-12-11 10:57:06,Morning,Weekend
Scandinavian,2016-12-11 10:57:06,Morning,Weekend
Coffee,2016-12-11 11:01:36,Morning,Weekend
Bread,2016-12-11 11:03:41,Morning,Weekend
Medialuna,2016-12-11 11:05:30,Morning,Weekend
Coffee,2016-12-11 11:12:40,Morning,Weekend
Scandinavian,2016-12-11 11:12:40,Morning,Weekend
Coffee,2016-12-11 11:15:30,Morning,Weekend
Tea,2016-12-11 11:15:30,Morning,Weekend
Brownie,2016-12-11 11:15:30,Morning,Weekend
Truffles,2016-12-11 11:15:30,Morning,Weekend
Muffin,2016-12-11 11:15:30,Morning,Weekend
Tartine,2016-12-11 11:17:06,Morning,Weekend
Coffee,2016-12-11 11:17:06,Morning,Weekend
Coffee,2016-12-11 11:18:45,Morning,Weekend
Coffee,2016-12-11 11:18:45,Morning,Weekend
Alfajores,2016-12-11 11:21:17,Morning,Weekend
Scandinavian,2016-12-11 11:21:17,Morning,Weekend
Coffee,2016-12-11 11:29:49,Morning,Weekend
Medialuna,2016-12-11 11:29:49,Morning,Weekend
Hot chocolate,2016-12-11 11:29:49,Morning,Weekend
Coffee,2016-12-11 11:31:17,Morning,Weekend
Muffin,2016-12-11 11:31:17,Morning,Weekend
Alfajores,2016-12-11 11:31:17,Morning,Weekend
Farm House,2016-12-11 11:38:14,Morning,Weekend
Coffee,2016-12-11 11:38:14,Morning,Weekend
Coffee,2016-12-11 11:38:14,Morning,Weekend
Muffin,2016-12-11 11:38:14,Morning,Weekend
Brownie,2016-12-11 11:38:14,Morning,Weekend
Bread,2016-12-11 11:45:48,Morning,Weekend
Coffee,2016-12-11 11:45:48,Morning,Weekend
Medialuna,2016-12-11 11:45:48,Morning,Weekend
Farm House,2016-12-11 11:45:48,Morning,Weekend
Farm House,2016-12-11 11:47:45,Morning,Weekend
Scandinavian,2016-12-11 11:47:45,Morning,Weekend
Truffles,2016-12-11 11:50:34,Morning,Weekend
Bread,2016-12-11 11:50:34,Morning,Weekend
Coffee,2016-12-11 11:50:34,Morning,Weekend
Frittata,2016-12-11 12:00:46,Afternoon,Weekend
Soup,2016-12-11 12:00:46,Afternoon,Weekend
Coffee,2016-12-11 12:00:46,Afternoon,Weekend
Coffee,2016-12-11 12:00:46,Afternoon,Weekend
Scandinavian,2016-12-11 12:01:37,Afternoon,Weekend
Eggs,2016-12-11 12:01:37,Afternoon,Weekend
Brownie,2016-12-11 12:03:08,Afternoon,Weekend
Truffles,2016-12-11 12:03:08,Afternoon,Weekend
Coffee,2016-12-11 12:03:08,Afternoon,Weekend
Coffee,2016-12-11 12:03:08,Afternoon,Weekend
Scandinavian,2016-12-11 12:09:35,Afternoon,Weekend
Coke,2016-12-11 12:19:47,Afternoon,Weekend
Sandwich,2016-12-11 12:22:37,Afternoon,Weekend
Soup,2016-12-11 12:22:37,Afternoon,Weekend
Coffee,2016-12-11 12:22:37,Afternoon,Weekend
Alfajores,2016-12-11 12:22:37,Afternoon,Weekend
Tea,2016-12-11 12:38:17,Afternoon,Weekend
Juice,2016-12-11 12:38:17,Afternoon,Weekend
Hearty & Seasonal,2016-12-11 12:38:17,Afternoon,Weekend
Hearty & Seasonal,2016-12-11 12:38:17,Afternoon,Weekend
Truffles,2016-12-11 12:40:44,Afternoon,Weekend
Coffee,2016-12-11 12:45:16,Afternoon,Weekend
Coffee,2016-12-11 12:45:16,Afternoon,Weekend
Muffin,2016-12-11 12:45:16,Afternoon,Weekend
Brownie,2016-12-11 12:45:16,Afternoon,Weekend
Bread,2016-12-11 13:00:40,Afternoon,Weekend
Bowl Nic Pitt,2016-12-11 13:05:00,Afternoon,Weekend
Frittata,2016-12-11 13:05:00,Afternoon,Weekend
Muffin,2016-12-11 13:05:00,Afternoon,Weekend
Coffee,2016-12-11 13:05:00,Afternoon,Weekend
Soup,2016-12-11 13:10:34,Afternoon,Weekend
Frittata,2016-12-11 13:10:34,Afternoon,Weekend
Brownie,2016-12-11 13:10:34,Afternoon,Weekend
Coffee,2016-12-11 13:10:34,Afternoon,Weekend
Tea,2016-12-11 13:10:34,Afternoon,Weekend
Hot chocolate,2016-12-11 13:12:14,Afternoon,Weekend
Coffee,2016-12-11 13:12:14,Afternoon,Weekend
Muffin,2016-12-11 13:12:14,Afternoon,Weekend
Alfajores,2016-12-11 13:12:14,Afternoon,Weekend
Scandinavian,2016-12-11 13:16:38,Afternoon,Weekend
Keeping It Local,2016-12-11 13:16:38,Afternoon,Weekend
Tea,2016-12-11 13:16:38,Afternoon,Weekend
Coffee,2016-12-11 13:16:38,Afternoon,Weekend
Alfajores,2016-12-11 13:16:38,Afternoon,Weekend
Bread,2016-12-11 13:19:37,Afternoon,Weekend
Fudge,2016-12-11 13:21:36,Afternoon,Weekend
Farm House,2016-12-11 13:23:34,Afternoon,Weekend
Farm House,2016-12-11 13:29:13,Afternoon,Weekend
Coffee,2016-12-11 13:43:19,Afternoon,Weekend
Coffee,2016-12-11 13:43:19,Afternoon,Weekend
Brownie,2016-12-11 13:43:19,Afternoon,Weekend
Muffin,2016-12-11 13:43:19,Afternoon,Weekend
Soup,2016-12-11 13:55:38,Afternoon,Weekend
Coffee,2016-12-11 13:55:38,Afternoon,Weekend
Bread,2016-12-11 13:55:38,Afternoon,Weekend
Frittata,2016-12-11 13:57:49,Afternoon,Weekend
Bread,2016-12-11 13:57:49,Afternoon,Weekend
Muffin,2016-12-11 13:57:49,Afternoon,Weekend
Farm House,2016-12-11 14:00:25,Afternoon,Weekend
Bread,2016-12-11 14:00:25,Afternoon,Weekend
Muffin,2016-12-11 14:00:25,Afternoon,Weekend
Bread,2016-12-11 14:06:37,Afternoon,Weekend
Bread,2016-12-11 14:07:49,Afternoon,Weekend
Coffee,2016-12-11 14:07:49,Afternoon,Weekend
Bread,2016-12-11 14:07:49,Afternoon,Weekend
Farm House,2016-12-11 14:08:25,Afternoon,Weekend
Bread,2016-12-11 14:18:07,Afternoon,Weekend
Coffee,2016-12-11 14:18:07,Afternoon,Weekend
Muffin,2016-12-11 14:18:07,Afternoon,Weekend
Cookies,2016-12-11 14:18:07,Afternoon,Weekend
Hot chocolate,2016-12-11 14:19:22,Afternoon,Weekend
Coffee,2016-12-11 14:19:22,Afternoon,Weekend
Muffin,2016-12-11 14:20:07,Afternoon,Weekend
Jam,2016-12-11 14:20:07,Afternoon,Weekend
Coffee,2016-12-11 14:22:20,Afternoon,Weekend
Hot chocolate,2016-12-11 14:22:20,Afternoon,Weekend
Tea,2016-12-11 14:22:20,Afternoon,Weekend
Coffee,2016-12-11 14:26:11,Afternoon,Weekend
Coffee,2016-12-11 14:26:11,Afternoon,Weekend
Alfajores,2016-12-11 14:26:11,Afternoon,Weekend
Tea,2016-12-11 14:35:38,Afternoon,Weekend
Hearty & Seasonal,2016-12-11 14:35:38,Afternoon,Weekend
Farm House,2016-12-11 14:35:38,Afternoon,Weekend
Bread,2016-12-11 14:42:31,Afternoon,Weekend
Coffee,2016-12-11 14:42:31,Afternoon,Weekend
Alfajores,2016-12-11 14:42:31,Afternoon,Weekend
Cookies,2016-12-11 14:42:31,Afternoon,Weekend
Hearty & Seasonal,2016-12-11 14:48:20,Afternoon,Weekend
Sandwich,2016-12-11 14:48:20,Afternoon,Weekend
Bread,2016-12-11 14:48:20,Afternoon,Weekend
Muffin,2016-12-11 14:48:20,Afternoon,Weekend
Brownie,2016-12-11 14:48:20,Afternoon,Weekend
Coffee,2016-12-11 15:00:37,Afternoon,Weekend
Truffles,2016-12-11 15:00:37,Afternoon,Weekend
Brownie,2016-12-11 15:00:37,Afternoon,Weekend
Alfajores,2016-12-11 15:00:37,Afternoon,Weekend
Coffee,2016-12-11 15:03:00,Afternoon,Weekend
Tea,2016-12-11 15:03:00,Afternoon,Weekend
Bread,2016-12-11 15:03:00,Afternoon,Weekend
Tea,2016-12-11 15:06:05,Afternoon,Weekend
Coffee,2016-12-11 15:06:05,Afternoon,Weekend
Muffin,2016-12-11 15:06:05,Afternoon,Weekend
Keeping It Local,2016-12-11 15:06:05,Afternoon,Weekend
Coffee,2016-12-11 15:09:52,Afternoon,Weekend
Alfajores,2016-12-11 15:09:52,Afternoon,Weekend
Bread,2016-12-11 15:15:47,Afternoon,Weekend
Tea,2016-12-11 15:20:01,Afternoon,Weekend
Hot chocolate,2016-12-11 15:20:01,Afternoon,Weekend
Alfajores,2016-12-11 15:20:01,Afternoon,Weekend
Bread,2016-12-11 15:25:12,Afternoon,Weekend
Alfajores,2016-12-11 15:29:07,Afternoon,Weekend
Truffles,2016-12-11 15:29:07,Afternoon,Weekend
Bread,2016-12-11 15:31:17,Afternoon,Weekend
Bread,2016-12-11 15:32:29,Afternoon,Weekend
Brownie,2016-12-11 15:32:29,Afternoon,Weekend
Muffin,2016-12-11 15:32:29,Afternoon,Weekend
Coffee,2016-12-11 15:35:24,Afternoon,Weekend
Brownie,2016-12-11 15:35:24,Afternoon,Weekend
Coffee,2016-12-11 15:35:24,Afternoon,Weekend
Bread,2016-12-11 15:37:02,Afternoon,Weekend
Bread,2016-12-11 15:37:02,Afternoon,Weekend
Bread,2016-12-11 15:47:59,Afternoon,Weekend
Alfajores,2016-12-11 15:47:59,Afternoon,Weekend
Muffin,2016-12-11 15:47:59,Afternoon,Weekend
Truffles,2016-12-11 15:53:47,Afternoon,Weekend
Frittata,2016-12-11 15:53:47,Afternoon,Weekend
Coffee,2016-12-11 15:54:58,Afternoon,Weekend
Bread,2016-12-11 16:03:19,Afternoon,Weekend
Coffee,2016-12-11 16:09:16,Afternoon,Weekend
Muffin,2016-12-11 16:09:16,Afternoon,Weekend
Muffin,2016-12-11 16:12:36,Afternoon,Weekend
Juice,2016-12-11 16:13:45,Afternoon,Weekend
Coffee,2016-12-11 16:14:10,Afternoon,Weekend
Muffin,2016-12-11 16:36:12,Afternoon,Weekend
Bread,2016-12-11 16:46:30,Afternoon,Weekend
Coffee,2016-12-11 16:59:00,Afternoon,Weekend
Tartine,2016-11-13 09:32:34,Morning,Weekend
Coffee,2016-11-13 09:32:34,Morning,Weekend
Tea,2016-11-13 09:32:34,Morning,Weekend
Coffee,2016-11-13 09:47:12,Morning,Weekend
Coffee,2016-11-13 09:48:58,Morning,Weekend
Tea,2016-11-13 09:48:58,Morning,Weekend
Medialuna,2016-11-13 09:50:39,Morning,Weekend
Coffee,2016-11-13 09:50:39,Morning,Weekend
Medialuna,2016-11-13 09:55:59,Morning,Weekend
Bread,2016-11-13 09:55:59,Morning,Weekend
Coffee,2016-11-13 09:55:59,Morning,Weekend
Pastry,2016-11-13 09:55:59,Morning,Weekend
Farm House,2016-11-13 09:55:59,Morning,Weekend
Bread,2016-11-13 09:59:00,Morning,Weekend
Pastry,2016-11-13 09:59:00,Morning,Weekend
Bread,2016-11-13 09:59:00,Morning,Weekend
Medialuna,2016-11-13 10:03:42,Morning,Weekend
Coffee,2016-11-13 10:03:42,Morning,Weekend
Bread,2016-11-13 10:03:42,Morning,Weekend
Pastry,2016-11-13 10:15:17,Morning,Weekend
Bread,2016-11-13 10:19:25,Morning,Weekend
Medialuna,2016-11-13 10:21:02,Morning,Weekend
Pastry,2016-11-13 10:21:02,Morning,Weekend
Bread,2016-11-13 10:21:02,Morning,Weekend
Coffee,2016-11-13 10:24:58,Morning,Weekend
Keeping It Local,2016-11-13 10:24:58,Morning,Weekend
Bread,2016-11-13 10:30:44,Morning,Weekend
Farm House,2016-11-13 10:30:44,Morning,Weekend
Jam,2016-11-13 10:30:44,Morning,Weekend
Pastry,2016-11-13 10:30:44,Morning,Weekend
Bread,2016-11-13 10:35:55,Morning,Weekend
Coffee,2016-11-13 10:45:21,Morning,Weekend
Medialuna,2016-11-13 10:45:21,Morning,Weekend
Coffee,2016-11-13 10:53:17,Morning,Weekend
Tea,2016-11-13 11:07:58,Morning,Weekend
Bread,2016-11-13 11:07:58,Morning,Weekend
Bread,2016-11-13 11:12:10,Morning,Weekend
Pastry,2016-11-13 11:12:10,Morning,Weekend
Hearty & Seasonal,2016-11-13 11:16:05,Morning,Weekend
Scandinavian,2016-11-13 11:16:39,Morning,Weekend
Coffee,2016-11-13 11:19:32,Morning,Weekend
Hot chocolate,2016-11-13 11:19:32,Morning,Weekend
Pastry,2016-11-13 11:19:32,Morning,Weekend
Bread,2016-11-13 11:23:11,Morning,Weekend
Muffin,2016-11-13 11:23:11,Morning,Weekend
Coffee,2016-11-13 11:25:10,Morning,Weekend
Keeping It Local,2016-11-13 11:25:10,Morning,Weekend
Bread,2016-11-13 11:28:57,Morning,Weekend
Coffee,2016-11-13 11:28:57,Morning,Weekend
Medialuna,2016-11-13 11:28:57,Morning,Weekend
Coffee,2016-11-13 11:31:06,Morning,Weekend
Pastry,2016-11-13 11:31:06,Morning,Weekend
Bread,2016-11-13 11:31:06,Morning,Weekend
Medialuna,2016-11-13 11:33:56,Morning,Weekend
Brownie,2016-11-13 11:34:54,Morning,Weekend
Muffin,2016-11-13 11:37:33,Morning,Weekend
Hearty & Seasonal,2016-11-13 11:41:45,Morning,Weekend
Coffee,2016-11-13 11:42:45,Morning,Weekend
Bread,2016-11-13 11:42:45,Morning,Weekend
Coffee,2016-11-13 11:44:44,Morning,Weekend
Alfajores,2016-11-13 11:44:44,Morning,Weekend
Coffee,2016-11-13 11:48:20,Morning,Weekend
Coffee,2016-11-13 11:48:20,Morning,Weekend
Keeping It Local,2016-11-13 11:48:20,Morning,Weekend
Bread,2016-11-13 11:48:20,Morning,Weekend
Bread,2016-11-13 11:49:59,Morning,Weekend
Coffee,2016-11-13 11:50:37,Morning,Weekend
Coffee,2016-11-13 11:53:14,Morning,Weekend
Coffee,2016-11-13 11:53:14,Morning,Weekend
Hot chocolate,2016-11-13 11:53:14,Morning,Weekend
Medialuna,2016-11-13 11:53:14,Morning,Weekend
Brownie,2016-11-13 11:54:03,Morning,Weekend
Bread,2016-11-13 11:54:03,Morning,Weekend
Bread,2016-11-13 11:55:19,Morning,Weekend
Sandwich,2016-11-13 11:57:47,Morning,Weekend
Coffee,2016-11-13 11:57:47,Morning,Weekend
Coffee,2016-11-13 11:57:47,Morning,Weekend
Bread,2016-11-13 11:59:58,Morning,Weekend
Bread,2016-11-13 11:59:58,Morning,Weekend
Brownie,2016-11-13 11:59:58,Morning,Weekend
Brownie,2016-11-13 12:02:45,Afternoon,Weekend
Coffee,2016-11-13 12:02:45,Afternoon,Weekend
Bread,2016-11-13 12:02:45,Afternoon,Weekend
Sandwich,2016-11-13 12:07:00,Afternoon,Weekend
Brownie,2016-11-13 12:07:00,Afternoon,Weekend
Hot chocolate,2016-11-13 12:07:00,Afternoon,Weekend
Coffee,2016-11-13 12:07:00,Afternoon,Weekend
Coffee,2016-11-13 12:07:59,Afternoon,Weekend
Bread,2016-11-13 12:14:13,Afternoon,Weekend
Mineral water,2016-11-13 12:14:13,Afternoon,Weekend
Coffee,2016-11-13 12:16:32,Afternoon,Weekend
Coffee,2016-11-13 12:16:32,Afternoon,Weekend
Bread,2016-11-13 12:17:09,Afternoon,Weekend
Bread,2016-11-13 12:28:48,Afternoon,Weekend
Coffee,2016-11-13 12:45:22,Afternoon,Weekend
Bread,2016-11-13 12:53:08,Afternoon,Weekend
Bacon,2016-11-13 13:01:23,Afternoon,Weekend
Art Tray,2016-11-13 13:01:23,Afternoon,Weekend
Coffee,2016-11-13 13:01:23,Afternoon,Weekend
Coffee,2016-11-13 13:01:23,Afternoon,Weekend
Juice,2016-11-13 13:01:23,Afternoon,Weekend
Bread,2016-11-13 13:04:04,Afternoon,Weekend
Coffee,2016-11-13 13:13:15,Afternoon,Weekend
Hearty & Seasonal,2016-11-13 13:17:17,Afternoon,Weekend
Coffee,2016-11-13 13:17:17,Afternoon,Weekend
Tea,2016-11-13 13:17:17,Afternoon,Weekend
Brownie,2016-11-13 13:19:35,Afternoon,Weekend
Medialuna,2016-11-13 13:19:35,Afternoon,Weekend
Muffin,2016-11-13 13:19:35,Afternoon,Weekend
Bread,2016-11-13 13:29:47,Afternoon,Weekend
Bread,2016-11-13 13:37:07,Afternoon,Weekend
Brownie,2016-11-13 13:37:07,Afternoon,Weekend
Muffin,2016-11-13 13:37:07,Afternoon,Weekend
Bread,2016-11-13 13:37:07,Afternoon,Weekend
My-5 Fruit Shoot,2016-11-13 13:37:07,Afternoon,Weekend
Brownie,2016-11-13 13:39:25,Afternoon,Weekend
Alfajores,2016-11-13 13:39:25,Afternoon,Weekend
Coffee,2016-11-13 13:39:25,Afternoon,Weekend
Bread,2016-11-13 13:39:25,Afternoon,Weekend
Bread,2016-11-13 13:50:52,Afternoon,Weekend
Jam,2016-11-13 13:50:52,Afternoon,Weekend
Spread,2016-11-13 13:50:52,Afternoon,Weekend
Brownie,2016-11-13 13:52:27,Afternoon,Weekend
Coffee,2016-11-13 13:59:28,Afternoon,Weekend
Hearty & Seasonal,2016-11-13 13:59:28,Afternoon,Weekend
Bread,2016-11-13 14:14:28,Afternoon,Weekend
Bread,2016-11-13 14:14:28,Afternoon,Weekend
Keeping It Local,2016-11-13 14:14:28,Afternoon,Weekend
Hearty & Seasonal,2016-11-13 14:14:28,Afternoon,Weekend
Tea,2016-11-13 14:14:28,Afternoon,Weekend
Coffee,2016-11-13 14:28:42,Afternoon,Weekend
Coke,2016-11-13 14:28:42,Afternoon,Weekend
Mineral water,2016-11-13 14:28:42,Afternoon,Weekend
Bread,2016-11-13 14:28:42,Afternoon,Weekend
Brownie,2016-11-13 14:28:42,Afternoon,Weekend
Muffin,2016-11-13 14:36:10,Afternoon,Weekend
Coffee,2016-11-13 14:36:10,Afternoon,Weekend
Tea,2016-11-13 14:36:10,Afternoon,Weekend
Bread,2016-11-13 14:39:17,Afternoon,Weekend
Bread,2016-11-13 15:02:03,Afternoon,Weekend
Coffee,2016-11-13 15:12:01,Afternoon,Weekend
Coffee,2016-11-13 15:12:01,Afternoon,Weekend
Tea,2016-11-13 15:12:01,Afternoon,Weekend
Frittata,2016-11-13 15:12:01,Afternoon,Weekend
Keeping It Local,2016-11-13 15:12:01,Afternoon,Weekend
Bread,2016-11-13 15:12:01,Afternoon,Weekend
Cookies,2016-11-13 15:23:40,Afternoon,Weekend
Bread,2016-11-13 16:35:54,Afternoon,Weekend
Cake,2016-11-13 16:35:54,Afternoon,Weekend
Coffee,2016-11-13 16:39:20,Afternoon,Weekend
Coffee,2016-11-13 16:39:20,Afternoon,Weekend
Fudge,2016-11-13 16:39:20,Afternoon,Weekend
Bread,2016-11-13 16:39:20,Afternoon,Weekend
Muffin,2016-11-13 16:41:30,Afternoon,Weekend
Coffee,2016-11-13 16:45:17,Afternoon,Weekend
Kids biscuit,2016-11-13 16:45:17,Afternoon,Weekend
Juice,2016-11-13 16:47:09,Afternoon,Weekend
Muffin,2016-11-13 16:47:09,Afternoon,Weekend
Brownie,2016-11-13 16:47:09,Afternoon,Weekend
Kids biscuit,2016-11-13 16:47:49,Afternoon,Weekend
Kids biscuit,2016-11-13 16:59:24,Afternoon,Weekend
Art Tray,2016-11-13 17:42:47,Evening,Weekend
Tartine,2016-11-13 17:42:47,Evening,Weekend
Fudge,2016-11-13 17:47:29,Evening,Weekend
My-5 Fruit Shoot,2016-11-13 17:47:29,Evening,Weekend
Kids biscuit,2016-11-13 17:47:29,Evening,Weekend
Muffin,2016-11-13 17:47:29,Evening,Weekend
Coffee,2016-11-14 07:39:27,Morning,Weekday
Coffee,2016-11-14 08:31:39,Morning,Weekday
Tea,2016-11-14 08:57:31,Morning,Weekday
Medialuna,2016-11-14 08:57:31,Morning,Weekday
Medialuna,2016-11-14 08:58:51,Morning,Weekday
Coffee,2016-11-14 08:58:51,Morning,Weekday
Coffee,2016-11-14 09:11:20,Morning,Weekday
Coffee,2016-11-14 09:17:55,Morning,Weekday
Medialuna,2016-11-14 09:17:55,Morning,Weekday
Pastry,2016-11-14 09:31:00,Morning,Weekday
Coffee,2016-11-14 09:31:00,Morning,Weekday
Keeping It Local,2016-11-14 09:38:03,Morning,Weekday
Tea,2016-11-14 09:38:03,Morning,Weekday
Coffee,2016-11-14 09:38:03,Morning,Weekday
Coffee,2016-11-14 09:38:03,Morning,Weekday
Farm House,2016-11-14 09:59:56,Morning,Weekday
Tea,2016-11-14 10:01:15,Morning,Weekday
Truffles,2016-11-14 10:01:15,Morning,Weekday
Farm House,2016-11-14 10:05:05,Morning,Weekday
Coffee,2016-11-14 10:06:17,Morning,Weekday
Keeping It Local,2016-11-14 10:06:17,Morning,Weekday
Medialuna,2016-11-14 10:12:01,Morning,Weekday
Truffles,2016-11-14 10:12:01,Morning,Weekday
Tea,2016-11-14 10:12:01,Morning,Weekday
Tea,2016-11-14 10:13:05,Morning,Weekday
Keeping It Local,2016-11-14 10:13:05,Morning,Weekday
Medialuna,2016-11-14 10:14:51,Morning,Weekday
Pastry,2016-11-14 10:14:51,Morning,Weekday
Truffles,2016-11-14 10:14:51,Morning,Weekday
Pastry,2016-11-14 10:18:40,Morning,Weekday
Focaccia,2016-11-14 10:32:27,Morning,Weekday
Farm House,2016-11-14 10:32:27,Morning,Weekday
Coffee,2016-11-14 10:44:13,Morning,Weekday
Bread,2016-11-14 10:44:13,Morning,Weekday
Coffee,2016-11-14 10:49:38,Morning,Weekday
Truffles,2016-11-14 10:49:38,Morning,Weekday
Coffee,2016-11-14 10:59:34,Morning,Weekday
Coffee,2016-11-14 10:59:34,Morning,Weekday
Kids biscuit,2016-11-14 10:59:34,Morning,Weekday
Coffee,2016-11-14 11:12:12,Morning,Weekday
Tea,2016-11-14 11:12:12,Morning,Weekday
Coffee,2016-11-14 11:17:05,Morning,Weekday
Coffee,2016-11-14 11:17:05,Morning,Weekday
Bread,2016-11-14 11:18:59,Morning,Weekday
Bread,2016-11-14 11:18:59,Morning,Weekday
Bread,2016-11-14 11:24:21,Morning,Weekday
Medialuna,2016-11-14 11:35:44,Morning,Weekday
Bread,2016-11-14 11:36:49,Morning,Weekday
Tea,2016-11-14 11:40:40,Morning,Weekday
Bread,2016-11-14 11:40:40,Morning,Weekday
Mineral water,2016-11-14 12:00:22,Afternoon,Weekday
Coffee,2016-11-14 12:00:22,Afternoon,Weekday
Kids biscuit,2016-11-14 12:00:22,Afternoon,Weekday
Muffin,2016-11-14 12:00:22,Afternoon,Weekday
Pastry,2016-11-14 12:05:23,Afternoon,Weekday
Coffee,2016-11-14 12:08:51,Afternoon,Weekday
Keeping It Local,2016-11-14 12:08:51,Afternoon,Weekday
Bread,2016-11-14 12:20:23,Afternoon,Weekday
Sandwich,2016-11-14 12:20:23,Afternoon,Weekday
Tea,2016-11-14 12:20:23,Afternoon,Weekday
Fudge,2016-11-14 12:22:39,Afternoon,Weekday
Fudge,2016-11-14 12:22:39,Afternoon,Weekday
Bread,2016-11-14 12:22:39,Afternoon,Weekday
Truffles,2016-11-14 12:22:39,Afternoon,Weekday
Sandwich,2016-11-14 12:28:32,Afternoon,Weekday
Coffee,2016-11-14 12:28:32,Afternoon,Weekday
Coffee,2016-11-14 12:29:09,Afternoon,Weekday
Tea,2016-11-14 12:29:09,Afternoon,Weekday
Truffles,2016-11-14 12:29:09,Afternoon,Weekday
Bread,2016-11-14 12:39:12,Afternoon,Weekday
Sandwich,2016-11-14 12:41:02,Afternoon,Weekday
Coffee,2016-11-14 12:41:02,Afternoon,Weekday
Tea,2016-11-14 12:41:02,Afternoon,Weekday
Coffee,2016-11-14 12:52:11,Afternoon,Weekday
Sandwich,2016-11-14 13:03:24,Afternoon,Weekday
Bread,2016-11-14 13:03:24,Afternoon,Weekday
Hearty & Seasonal,2016-11-14 13:09:13,Afternoon,Weekday
Hearty & Seasonal,2016-11-14 13:09:13,Afternoon,Weekday
Alfajores,2016-11-14 13:09:13,Afternoon,Weekday
Truffles,2016-11-14 13:09:13,Afternoon,Weekday
Frittata,2016-11-14 13:14:17,Afternoon,Weekday
Muffin,2016-11-14 13:14:17,Afternoon,Weekday
Coffee,2016-11-14 13:14:17,Afternoon,Weekday
Coffee,2016-11-14 13:14:17,Afternoon,Weekday
Sandwich,2016-11-14 13:19:14,Afternoon,Weekday
Hot chocolate,2016-11-14 13:19:14,Afternoon,Weekday
Coffee,2016-11-14 13:19:14,Afternoon,Weekday
Hearty & Seasonal,2016-11-14 13:19:14,Afternoon,Weekday
Cookies,2016-11-14 13:19:14,Afternoon,Weekday
Bread,2016-11-14 13:20:35,Afternoon,Weekday
Bread,2016-11-14 13:20:35,Afternoon,Weekday
Sandwich,2016-11-14 13:20:35,Afternoon,Weekday
Farm House,2016-11-14 13:35:47,Afternoon,Weekday
Coffee,2016-11-14 13:36:40,Afternoon,Weekday
Muffin,2016-11-14 13:36:40,Afternoon,Weekday
Scandinavian,2016-11-14 13:38:42,Afternoon,Weekday
Bread,2016-11-14 13:38:42,Afternoon,Weekday
Sandwich,2016-11-14 13:41:26,Afternoon,Weekday
Soup,2016-11-14 13:41:26,Afternoon,Weekday
Coffee,2016-11-14 13:41:26,Afternoon,Weekday
Tea,2016-11-14 13:41:26,Afternoon,Weekday
Farm House,2016-11-14 13:45:05,Afternoon,Weekday
Coffee,2016-11-14 13:49:16,Afternoon,Weekday
Tea,2016-11-14 13:49:16,Afternoon,Weekday
Soup,2016-11-14 14:01:15,Afternoon,Weekday
Jam,2016-11-14 14:01:15,Afternoon,Weekday
Muffin,2016-11-14 14:01:15,Afternoon,Weekday
Coffee,2016-11-14 14:01:15,Afternoon,Weekday
Bread,2016-11-14 14:02:19,Afternoon,Weekday
Coffee,2016-11-14 14:06:07,Afternoon,Weekday
Soup,2016-11-14 14:06:07,Afternoon,Weekday
Coffee,2016-11-14 14:41:15,Afternoon,Weekday
Coffee,2016-11-14 14:41:15,Afternoon,Weekday
Muffin,2016-11-14 14:41:15,Afternoon,Weekday
Bread,2016-11-14 14:43:40,Afternoon,Weekday
Muffin,2016-11-14 14:43:40,Afternoon,Weekday
Kids biscuit,2016-11-14 14:43:40,Afternoon,Weekday
Coffee,2016-11-14 15:02:36,Afternoon,Weekday
Bread,2016-11-14 15:02:36,Afternoon,Weekday
Coffee,2016-11-14 15:14:46,Afternoon,Weekday
Muffin,2016-11-14 15:29:08,Afternoon,Weekday
Ella's Kitchen Pouches,2016-11-14 15:34:10,Afternoon,Weekday
Bread,2016-11-14 15:34:10,Afternoon,Weekday
Muffin,2016-11-14 15:34:10,Afternoon,Weekday
Soup,2016-11-14 15:40:05,Afternoon,Weekday
Sandwich,2016-11-14 15:40:05,Afternoon,Weekday
Frittata,2016-11-14 15:40:05,Afternoon,Weekday
Bread,2016-11-14 15:42:20,Afternoon,Weekday
Sandwich,2016-11-14 15:42:20,Afternoon,Weekday
Coffee,2016-11-14 15:56:19,Afternoon,Weekday
Bread,2016-11-14 15:56:19,Afternoon,Weekday
Coffee,2016-11-14 15:56:19,Afternoon,Weekday
Bread,2016-11-14 15:56:19,Afternoon,Weekday
Cookies,2016-11-14 15:56:19,Afternoon,Weekday
Bread,2016-11-14 16:08:48,Afternoon,Weekday
Art Tray,2016-11-14 16:08:48,Afternoon,Weekday
Tea,2016-11-14 16:08:48,Afternoon,Weekday
Hot chocolate,2016-11-14 16:08:48,Afternoon,Weekday
Art Tray,2016-11-14 16:11:32,Afternoon,Weekday
Coffee,2016-11-14 16:11:32,Afternoon,Weekday
Hot chocolate,2016-11-14 16:11:32,Afternoon,Weekday
Juice,2016-11-14 16:11:32,Afternoon,Weekday
Muffin,2016-11-14 16:11:32,Afternoon,Weekday
Hot chocolate,2016-11-14 16:26:53,Afternoon,Weekday
Coffee,2016-11-14 16:26:53,Afternoon,Weekday
Farm House,2016-11-14 17:12:26,Evening,Weekday
Farm House,2016-11-14 18:17:07,Evening,Weekday
Muffin,2016-11-14 18:17:07,Evening,Weekday
Coffee,2016-11-15 07:42:27,Morning,Weekday
Medialuna,2016-11-15 07:42:27,Morning,Weekday
Bread,2016-11-15 08:14:31,Morning,Weekday
Keeping It Local,2016-11-15 08:14:31,Morning,Weekday
Coffee,2016-11-15 09:02:19,Morning,Weekday
Bread,2016-11-15 09:07:38,Morning,Weekday
Medialuna,2016-11-15 09:13:22,Morning,Weekday
Tea,2016-11-15 09:13:22,Morning,Weekday
Coffee,2016-11-15 09:13:22,Morning,Weekday
Hot chocolate,2016-11-15 09:16:53,Morning,Weekday
Coffee,2016-11-15 09:17:58,Morning,Weekday
Coke,2016-11-15 09:19:02,Morning,Weekday
Coffee,2016-11-15 09:23:39,Morning,Weekday
Farm House,2016-11-15 09:36:13,Morning,Weekday
Coffee,2016-11-15 10:01:55,Morning,Weekday
Coffee,2016-11-15 10:01:55,Morning,Weekday
Keeping It Local,2016-11-15 10:01:55,Morning,Weekday
Bread,2016-11-15 10:01:55,Morning,Weekday
Coffee,2016-11-15 10:07:20,Morning,Weekday
Truffles,2016-11-15 10:07:20,Morning,Weekday
Coffee,2016-11-15 10:09:45,Morning,Weekday
Coffee,2016-11-15 10:18:15,Morning,Weekday
Tea,2016-11-15 10:18:15,Morning,Weekday
Keeping It Local,2016-11-15 10:18:15,Morning,Weekday
Coffee,2016-11-15 10:46:13,Morning,Weekday
Keeping It Local,2016-11-15 10:46:13,Morning,Weekday
Coffee,2016-11-15 10:49:21,Morning,Weekday
Tea,2016-11-15 10:49:21,Morning,Weekday
Coffee,2016-11-15 10:52:23,Morning,Weekday
Coffee,2016-11-15 11:02:54,Morning,Weekday
Coffee,2016-11-15 11:04:23,Morning,Weekday
Bread,2016-11-15 11:04:23,Morning,Weekday
Coffee,2016-11-15 11:06:29,Morning,Weekday
Bread,2016-11-15 11:10:30,Morning,Weekday
Farm House,2016-11-15 11:15:32,Morning,Weekday
Coffee,2016-11-15 11:37:16,Morning,Weekday
Kids biscuit,2016-11-15 11:37:16,Morning,Weekday
Tea,2016-11-15 11:41:36,Morning,Weekday
Muffin,2016-11-15 11:41:36,Morning,Weekday
Bread,2016-11-15 11:43:28,Morning,Weekday
Coffee,2016-11-15 11:44:22,Morning,Weekday
Pastry,2016-11-15 11:44:22,Morning,Weekday
Scandinavian,2016-11-15 11:51:10,Morning,Weekday
Coffee,2016-11-15 11:51:10,Morning,Weekday
Soup,2016-11-15 11:51:10,Morning,Weekday
Scandinavian,2016-11-15 11:56:51,Morning,Weekday
Pastry,2016-11-15 11:56:51,Morning,Weekday
Muffin,2016-11-15 11:56:51,Morning,Weekday
Coffee,2016-11-15 12:00:24,Afternoon,Weekday
Pastry,2016-11-15 12:00:24,Afternoon,Weekday
Soup,2016-11-15 12:08:55,Afternoon,Weekday
Hearty & Seasonal,2016-11-15 12:08:55,Afternoon,Weekday
Tea,2016-11-15 12:08:55,Afternoon,Weekday
Bread,2016-11-15 12:13:28,Afternoon,Weekday
Scandinavian,2016-11-15 12:13:28,Afternoon,Weekday
Scandinavian,2016-11-15 12:18:46,Afternoon,Weekday
Bread,2016-11-15 12:18:46,Afternoon,Weekday
Truffles,2016-11-15 12:18:46,Afternoon,Weekday
Coffee,2016-11-15 12:20:36,Afternoon,Weekday
Coffee,2016-11-15 12:20:36,Afternoon,Weekday
Soup,2016-11-15 12:20:36,Afternoon,Weekday
Medialuna,2016-11-15 12:22:24,Afternoon,Weekday
Medialuna,2016-11-15 12:22:24,Afternoon,Weekday
Coffee,2016-11-15 12:28:25,Afternoon,Weekday
Coffee,2016-11-15 12:28:25,Afternoon,Weekday
Medialuna,2016-11-15 12:28:25,Afternoon,Weekday
Medialuna,2016-11-15 12:28:25,Afternoon,Weekday
Bread,2016-11-15 12:28:25,Afternoon,Weekday
Bread,2016-11-15 12:36:12,Afternoon,Weekday
Coffee,2016-11-15 12:37:47,Afternoon,Weekday
Bread,2016-11-15 12:37:47,Afternoon,Weekday
Soup,2016-11-15 12:50:18,Afternoon,Weekday
Sandwich,2016-11-15 12:50:18,Afternoon,Weekday
Sandwich,2016-11-15 13:02:04,Afternoon,Weekday
Hearty & Seasonal,2016-11-15 13:02:04,Afternoon,Weekday
Coffee,2016-11-15 13:02:04,Afternoon,Weekday
Soup,2016-11-15 13:02:39,Afternoon,Weekday
Bread,2016-11-15 13:11:28,Afternoon,Weekday
Soup,2016-11-15 13:16:42,Afternoon,Weekday
Coffee,2016-11-15 13:16:42,Afternoon,Weekday
Pastry,2016-11-15 13:16:42,Afternoon,Weekday
Pastry,2016-11-15 13:17:11,Afternoon,Weekday
Coffee,2016-11-15 13:17:11,Afternoon,Weekday
Coffee,2016-11-15 13:17:11,Afternoon,Weekday
Coffee,2016-11-15 13:30:54,Afternoon,Weekday
Coffee,2016-11-15 13:30:54,Afternoon,Weekday
Soup,2016-11-15 13:30:54,Afternoon,Weekday
Bread,2016-11-15 13:30:54,Afternoon,Weekday
Bread,2016-11-15 13:34:06,Afternoon,Weekday
Coffee,2016-11-15 13:36:05,Afternoon,Weekday
Coffee,2016-11-15 13:36:05,Afternoon,Weekday
Sandwich,2016-11-15 13:36:05,Afternoon,Weekday
Hearty & Seasonal,2016-11-15 13:36:05,Afternoon,Weekday
Coffee,2016-11-15 13:43:28,Afternoon,Weekday
Coffee,2016-11-15 13:43:28,Afternoon,Weekday
Soup,2016-11-15 13:43:28,Afternoon,Weekday
Bread,2016-11-15 13:46:27,Afternoon,Weekday
Bread,2016-11-15 13:48:06,Afternoon,Weekday
Bread,2016-11-15 14:04:23,Afternoon,Weekday
Coffee,2016-11-15 14:14:15,Afternoon,Weekday
Bread,2016-11-15 14:16:25,Afternoon,Weekday
Soup,2016-11-15 14:16:25,Afternoon,Weekday
Coffee,2016-11-15 14:40:51,Afternoon,Weekday
Coffee,2016-11-15 14:40:51,Afternoon,Weekday
Hearty & Seasonal,2016-11-15 14:40:51,Afternoon,Weekday
Soup,2016-11-15 14:40:51,Afternoon,Weekday
Scandinavian,2016-11-15 14:42:24,Afternoon,Weekday
Coffee,2016-11-15 14:45:52,Afternoon,Weekday
Medialuna,2016-11-15 14:45:52,Afternoon,Weekday
Bread,2016-11-15 14:47:10,Afternoon,Weekday
Bread,2016-11-15 14:59:40,Afternoon,Weekday
Brownie,2016-11-15 14:59:40,Afternoon,Weekday
Fudge,2016-11-15 15:07:33,Afternoon,Weekday
Coke,2016-11-15 15:21:14,Afternoon,Weekday
Coke,2016-11-15 16:08:57,Afternoon,Weekday
Brownie,2016-11-15 16:13:26,Afternoon,Weekday
Muffin,2016-11-15 16:13:26,Afternoon,Weekday
Tea,2016-11-15 17:02:22,Evening,Weekday
Bread,2016-11-15 17:02:22,Evening,Weekday
Truffles,2016-11-15 17:02:22,Evening,Weekday
Pastry,2016-11-15 17:02:22,Evening,Weekday
Tea,2016-11-15 17:14:54,Evening,Weekday
Bread,2016-11-15 18:07:38,Evening,Weekday
Truffles,2016-11-15 18:07:38,Evening,Weekday
Medialuna,2016-11-15 18:28:52,Evening,Weekday
Coffee,2016-11-16 07:49:01,Morning,Weekday
Medialuna,2016-11-16 07:49:01,Morning,Weekday
Bread,2016-11-16 08:01:06,Morning,Weekday
Pastry,2016-11-16 09:06:07,Morning,Weekday
Coffee,2016-11-16 09:06:07,Morning,Weekday
Coffee,2016-11-16 09:13:57,Morning,Weekday
Bread,2016-11-16 09:13:57,Morning,Weekday
Jam,2016-11-16 09:13:57,Morning,Weekday
Bread,2016-11-16 09:15:43,Morning,Weekday
Coffee,2016-11-16 09:15:43,Morning,Weekday
Coke,2016-11-16 09:17:50,Morning,Weekday
Bread,2016-11-16 09:22:42,Morning,Weekday
Coffee,2016-11-16 09:27:52,Morning,Weekday
Coffee,2016-11-16 09:27:52,Morning,Weekday
Coffee,2016-11-16 09:34:51,Morning,Weekday
Pastry,2016-11-16 09:37:17,Morning,Weekday
Scandinavian,2016-11-16 09:43:06,Morning,Weekday
Pastry,2016-11-16 09:43:06,Morning,Weekday
Bread,2016-11-16 09:47:00,Morning,Weekday
Granola,2016-11-16 09:47:00,Morning,Weekday
Tea,2016-11-16 09:51:28,Morning,Weekday
Coffee,2016-11-16 09:51:28,Morning,Weekday
Pastry,2016-11-16 09:51:28,Morning,Weekday
Bread,2016-11-16 09:52:54,Morning,Weekday
Mineral water,2016-11-16 09:52:54,Morning,Weekday
Tea,2016-11-16 10:23:46,Morning,Weekday
Medialuna,2016-11-16 10:23:46,Morning,Weekday
Brownie,2016-11-16 10:25:47,Morning,Weekday
Tea,2016-11-16 10:33:39,Morning,Weekday
Coffee,2016-11-16 10:33:39,Morning,Weekday
Pastry,2016-11-16 10:33:39,Morning,Weekday
Hot chocolate,2016-11-16 10:39:05,Morning,Weekday
Coffee,2016-11-16 10:39:05,Morning,Weekday
Cake,2016-11-16 10:39:05,Morning,Weekday
Bread,2016-11-16 10:50:39,Morning,Weekday
Bread,2016-11-16 10:51:55,Morning,Weekday
Jam,2016-11-16 10:51:55,Morning,Weekday
Scandinavian,2016-11-16 10:52:49,Morning,Weekday
Bread,2016-11-16 11:00:07,Morning,Weekday
Coffee,2016-11-16 11:00:07,Morning,Weekday
Pastry,2016-11-16 11:00:07,Morning,Weekday
Cake,2016-11-16 11:00:07,Morning,Weekday
Bread,2016-11-16 11:20:25,Morning,Weekday
Coffee,2016-11-16 11:23:00,Morning,Weekday
Bread,2016-11-16 11:30:41,Morning,Weekday
Coffee,2016-11-16 11:34:03,Morning,Weekday
Cake,2016-11-16 11:34:03,Morning,Weekday
Coffee,2016-11-16 11:42:25,Morning,Weekday
Coffee,2016-11-16 12:06:39,Afternoon,Weekday
Coffee,2016-11-16 12:19:46,Afternoon,Weekday
Soup,2016-11-16 12:19:46,Afternoon,Weekday
Scandinavian,2016-11-16 12:22:05,Afternoon,Weekday
Bread,2016-11-16 12:22:05,Afternoon,Weekday
Sandwich,2016-11-16 12:25:18,Afternoon,Weekday
Soup,2016-11-16 12:25:18,Afternoon,Weekday
Bread,2016-11-16 12:25:18,Afternoon,Weekday
Cake,2016-11-16 12:25:18,Afternoon,Weekday
Coffee,2016-11-16 12:29:31,Afternoon,Weekday
Bread,2016-11-16 12:29:31,Afternoon,Weekday
Tartine,2016-11-16 12:29:31,Afternoon,Weekday
Soup,2016-11-16 12:33:18,Afternoon,Weekday
Bread,2016-11-16 12:36:43,Afternoon,Weekday
Soup,2016-11-16 12:39:27,Afternoon,Weekday
Juice,2016-11-16 12:39:27,Afternoon,Weekday
Brownie,2016-11-16 12:39:27,Afternoon,Weekday
Coffee,2016-11-16 12:55:30,Afternoon,Weekday
Hearty & Seasonal,2016-11-16 13:07:04,Afternoon,Weekday
Coffee,2016-11-16 13:15:30,Afternoon,Weekday
Soup,2016-11-16 13:15:30,Afternoon,Weekday
Sandwich,2016-11-16 13:15:30,Afternoon,Weekday
Tea,2016-11-16 13:15:30,Afternoon,Weekday
Cake,2016-11-16 13:15:30,Afternoon,Weekday
Tea,2016-11-16 13:23:42,Afternoon,Weekday
Soup,2016-11-16 13:23:42,Afternoon,Weekday
Coffee,2016-11-16 13:24:47,Afternoon,Weekday
Bread,2016-11-16 13:24:47,Afternoon,Weekday
Sandwich,2016-11-16 13:24:47,Afternoon,Weekday
Soup,2016-11-16 13:46:27,Afternoon,Weekday
Coffee,2016-11-16 13:46:27,Afternoon,Weekday
Soup,2016-11-16 13:46:49,Afternoon,Weekday
Coffee,2016-11-16 13:46:49,Afternoon,Weekday
Tea,2016-11-16 13:47:16,Afternoon,Weekday
Soup,2016-11-16 13:47:16,Afternoon,Weekday
Cake,2016-11-16 13:52:41,Afternoon,Weekday
Coffee,2016-11-16 13:55:04,Afternoon,Weekday
Tea,2016-11-16 13:55:04,Afternoon,Weekday
Cake,2016-11-16 13:55:04,Afternoon,Weekday
Muffin,2016-11-16 13:55:04,Afternoon,Weekday
Bread,2016-11-16 13:57:13,Afternoon,Weekday
Coffee,2016-11-16 14:06:09,Afternoon,Weekday
Bread,2016-11-16 14:06:09,Afternoon,Weekday
Coffee,2016-11-16 14:19:12,Afternoon,Weekday
Tea,2016-11-16 14:19:12,Afternoon,Weekday
Tea,2016-11-16 14:40:47,Afternoon,Weekday
Soup,2016-11-16 14:40:47,Afternoon,Weekday
Coffee,2016-11-16 14:43:29,Afternoon,Weekday
Tea,2016-11-16 14:43:29,Afternoon,Weekday
Cake,2016-11-16 14:43:29,Afternoon,Weekday
Bread,2016-11-16 14:44:42,Afternoon,Weekday
Bread,2016-11-16 14:44:42,Afternoon,Weekday
Hearty & Seasonal,2016-11-16 14:46:23,Afternoon,Weekday
Bread,2016-11-16 14:52:58,Afternoon,Weekday
Mineral water,2016-11-16 14:52:58,Afternoon,Weekday
Brownie,2016-11-16 14:52:58,Afternoon,Weekday
Fudge,2016-11-16 15:02:05,Afternoon,Weekday
Muffin,2016-11-16 15:25:49,Afternoon,Weekday
Hot chocolate,2016-11-16 15:25:49,Afternoon,Weekday
Coffee,2016-11-16 15:25:49,Afternoon,Weekday
Tea,2016-11-16 15:30:02,Afternoon,Weekday
Muffin,2016-11-16 15:30:02,Afternoon,Weekday
Cake,2016-11-16 15:31:29,Afternoon,Weekday
Coffee,2016-11-16 15:31:29,Afternoon,Weekday
Victorian Sponge,2016-11-16 15:34:04,Afternoon,Weekday
Soup,2016-11-16 15:35:48,Afternoon,Weekday
Sandwich,2016-11-16 15:35:48,Afternoon,Weekday
Tea,2016-11-16 15:35:48,Afternoon,Weekday
Scandinavian,2016-11-16 15:58:16,Afternoon,Weekday
Coffee,2016-11-16 16:16:03,Afternoon,Weekday
Bread,2016-11-16 16:21:53,Afternoon,Weekday
Tartine,2016-11-16 16:30:20,Afternoon,Weekday
Bread,2016-11-16 16:30:20,Afternoon,Weekday
Coffee,2016-11-16 16:30:20,Afternoon,Weekday
Medialuna,2016-11-16 16:36:06,Afternoon,Weekday
Medialuna,2016-11-16 16:36:06,Afternoon,Weekday
Bread,2016-11-16 17:03:38,Evening,Weekday
Bread,2016-11-16 17:24:32,Evening,Weekday
Scandinavian,2016-11-16 17:24:32,Evening,Weekday
Bread,2016-11-16 18:25:28,Evening,Weekday
Coffee,2016-11-17 07:54:15,Morning,Weekday
Medialuna,2016-11-17 07:54:15,Morning,Weekday
Siblings,2016-11-17 08:06:20,Morning,Weekday
Siblings,2016-11-17 08:07:49,Morning,Weekday
Bread,2016-11-17 08:50:15,Morning,Weekday
Medialuna,2016-11-17 08:50:15,Morning,Weekday
Medialuna,2016-11-17 09:15:26,Morning,Weekday
Pastry,2016-11-17 09:15:26,Morning,Weekday
Keeping It Local,2016-11-17 09:33:47,Morning,Weekday
Tea,2016-11-17 09:33:47,Morning,Weekday
Farm House,2016-11-17 10:07:52,Morning,Weekday
Pastry,2016-11-17 10:09:39,Morning,Weekday
Farm House,2016-11-17 10:10:01,Morning,Weekday
Tea,2016-11-17 10:10:33,Morning,Weekday
Tea,2016-11-17 10:19:29,Morning,Weekday
Scandinavian,2016-11-17 10:19:29,Morning,Weekday
Coffee,2016-11-17 10:43:33,Morning,Weekday
Muffin,2016-11-17 10:43:33,Morning,Weekday
Coffee,2016-11-17 10:48:58,Morning,Weekday
Bread,2016-11-17 10:51:35,Morning,Weekday
Farm House,2016-11-17 10:54:06,Morning,Weekday
Scandinavian,2016-11-17 10:54:06,Morning,Weekday
Coffee,2016-11-17 10:54:06,Morning,Weekday
Pastry,2016-11-17 10:54:06,Morning,Weekday
Coffee,2016-11-17 10:58:55,Morning,Weekday
Coffee,2016-11-17 11:06:46,Morning,Weekday
Keeping It Local,2016-11-17 11:06:46,Morning,Weekday
Bread,2016-11-17 11:07:43,Morning,Weekday
Jam,2016-11-17 11:09:40,Morning,Weekday
Alfajores,2016-11-17 11:22:22,Morning,Weekday
Medialuna,2016-11-17 11:22:22,Morning,Weekday
Coffee,2016-11-17 11:22:22,Morning,Weekday
Bread,2016-11-17 11:22:22,Morning,Weekday
Coffee,2016-11-17 11:23:41,Morning,Weekday
Keeping It Local,2016-11-17 11:23:41,Morning,Weekday
Coffee,2016-11-17 11:26:23,Morning,Weekday
Bread,2016-11-17 11:37:08,Morning,Weekday
Tea,2016-11-17 11:49:36,Morning,Weekday
Muffin,2016-11-17 11:49:36,Morning,Weekday
Coffee,2016-11-17 11:56:03,Morning,Weekday
Hot chocolate,2016-11-17 11:56:03,Morning,Weekday
Alfajores,2016-11-17 11:56:03,Morning,Weekday
Bread,2016-11-17 12:03:57,Afternoon,Weekday
Pastry,2016-11-17 12:03:57,Afternoon,Weekday
Bread,2016-11-17 12:03:57,Afternoon,Weekday
Coffee,2016-11-17 12:06:10,Afternoon,Weekday
Bread,2016-11-17 12:09:52,Afternoon,Weekday
Tea,2016-11-17 12:15:00,Afternoon,Weekday
Coffee,2016-11-17 12:19:45,Afternoon,Weekday
Sandwich,2016-11-17 12:19:45,Afternoon,Weekday
Bread,2016-11-17 12:21:08,Afternoon,Weekday
Soup,2016-11-17 12:23:30,Afternoon,Weekday
Coffee,2016-11-17 12:31:35,Afternoon,Weekday
Tea,2016-11-17 12:33:34,Afternoon,Weekday
Coffee,2016-11-17 12:34:23,Afternoon,Weekday
Soup,2016-11-17 12:34:23,Afternoon,Weekday
Art Tray,2016-11-17 12:34:23,Afternoon,Weekday
Pastry,2016-11-17 12:34:23,Afternoon,Weekday
Hearty & Seasonal,2016-11-17 12:49:02,Afternoon,Weekday
Mineral water,2016-11-17 12:49:02,Afternoon,Weekday
Alfajores,2016-11-17 12:49:02,Afternoon,Weekday
Bread,2016-11-17 12:49:29,Afternoon,Weekday
Coffee,2016-11-17 12:56:27,Afternoon,Weekday
Hearty & Seasonal,2016-11-17 12:56:27,Afternoon,Weekday
Hearty & Seasonal,2016-11-17 12:56:27,Afternoon,Weekday
Alfajores,2016-11-17 12:56:27,Afternoon,Weekday
Alfajores,2016-11-17 12:56:27,Afternoon,Weekday
Cake,2016-11-17 12:56:27,Afternoon,Weekday
Bread,2016-11-17 12:56:27,Afternoon,Weekday
Coffee,2016-11-17 12:58:29,Afternoon,Weekday
Bread,2016-11-17 13:09:34,Afternoon,Weekday
Cake,2016-11-17 13:18:58,Afternoon,Weekday
Bread,2016-11-17 13:21:43,Afternoon,Weekday
Fudge,2016-11-17 13:22:54,Afternoon,Weekday
Muffin,2016-11-17 13:23:36,Afternoon,Weekday
Bread,2016-11-17 13:25:21,Afternoon,Weekday
Coffee,2016-11-17 13:25:21,Afternoon,Weekday
Coffee,2016-11-17 13:33:52,Afternoon,Weekday
Hearty & Seasonal,2016-11-17 13:33:52,Afternoon,Weekday
Sandwich,2016-11-17 13:33:52,Afternoon,Weekday
Bread,2016-11-17 13:33:52,Afternoon,Weekday
Soup,2016-11-17 13:36:34,Afternoon,Weekday
Coffee,2016-11-17 13:36:34,Afternoon,Weekday
Coffee,2016-11-17 13:38:20,Afternoon,Weekday
Hearty & Seasonal,2016-11-17 13:38:20,Afternoon,Weekday
Keeping It Local,2016-11-17 13:38:20,Afternoon,Weekday
Bread,2016-11-17 13:51:58,Afternoon,Weekday
Coffee,2016-11-17 13:53:52,Afternoon,Weekday
Coffee,2016-11-17 13:53:52,Afternoon,Weekday
Scandinavian,2016-11-17 13:55:53,Afternoon,Weekday
Coffee,2016-11-17 13:58:45,Afternoon,Weekday
Alfajores,2016-11-17 13:58:45,Afternoon,Weekday
Coffee,2016-11-17 14:02:11,Afternoon,Weekday
Soup,2016-11-17 14:27:22,Afternoon,Weekday
Brownie,2016-11-17 14:27:22,Afternoon,Weekday
Coffee,2016-11-17 14:35:58,Afternoon,Weekday
Coffee,2016-11-17 14:35:58,Afternoon,Weekday
Bread,2016-11-17 14:47:01,Afternoon,Weekday
Bread,2016-11-17 14:52:45,Afternoon,Weekday
Bread,2016-11-17 14:56:01,Afternoon,Weekday
Scandinavian,2016-11-17 14:56:01,Afternoon,Weekday
Coffee,2016-11-17 14:56:01,Afternoon,Weekday
Coffee,2016-11-17 15:01:21,Afternoon,Weekday
Coffee,2016-11-17 15:01:21,Afternoon,Weekday
Coffee,2016-11-17 15:13:25,Afternoon,Weekday
Soup,2016-11-17 15:14:51,Afternoon,Weekday
Coffee,2016-11-17 15:18:18,Afternoon,Weekday
Muffin,2016-11-17 15:18:18,Afternoon,Weekday
Cake,2016-11-17 15:30:16,Afternoon,Weekday
Bread,2016-11-17 15:30:16,Afternoon,Weekday
Hot chocolate,2016-11-17 15:30:16,Afternoon,Weekday
Coffee,2016-11-17 16:08:15,Afternoon,Weekday
Cake,2016-11-17 16:08:15,Afternoon,Weekday
Cake,2016-11-17 16:09:51,Afternoon,Weekday
Alfajores,2016-11-17 16:09:51,Afternoon,Weekday
Coffee,2016-11-17 16:09:51,Afternoon,Weekday
Tea,2016-11-17 16:09:51,Afternoon,Weekday
Bread,2016-11-17 16:15:13,Afternoon,Weekday
Coffee,2016-11-17 16:30:07,Afternoon,Weekday
Coffee,2016-11-17 16:32:44,Afternoon,Weekday
Tea,2016-11-17 16:32:44,Afternoon,Weekday
Hot chocolate,2016-11-17 16:32:44,Afternoon,Weekday
Brownie,2016-11-17 16:32:44,Afternoon,Weekday
Alfajores,2016-11-17 16:32:44,Afternoon,Weekday
Bread,2016-11-17 16:32:44,Afternoon,Weekday
Hot chocolate,2016-11-17 16:36:02,Afternoon,Weekday
Tea,2016-11-17 16:36:02,Afternoon,Weekday
Brownie,2016-11-17 16:36:02,Afternoon,Weekday
Alfajores,2016-11-17 16:36:02,Afternoon,Weekday
Coffee,2016-11-17 16:37:28,Afternoon,Weekday
Scandinavian,2016-11-17 17:00:54,Evening,Weekday
Coffee,2016-11-17 17:16:52,Evening,Weekday
Cookies,2016-11-17 17:16:52,Evening,Weekday
Bread,2016-11-17 17:31:43,Evening,Weekday
Coffee,2016-11-17 17:31:43,Evening,Weekday
Coffee,2016-11-18 08:10:57,Morning,Weekday
Bread,2016-11-18 08:10:57,Morning,Weekday
Coffee,2016-11-18 08:21:22,Morning,Weekday
Medialuna,2016-11-18 08:21:22,Morning,Weekday
Coffee,2016-11-18 08:35:17,Morning,Weekday
Coffee,2016-11-18 08:35:17,Morning,Weekday
Coffee,2016-11-18 08:38:25,Morning,Weekday
Medialuna,2016-11-18 08:43:53,Morning,Weekday
Pastry,2016-11-18 08:43:53,Morning,Weekday
Coffee,2016-11-18 08:54:50,Morning,Weekday
Tea,2016-11-18 08:54:50,Morning,Weekday
Pastry,2016-11-18 08:54:50,Morning,Weekday
Muffin,2016-11-18 08:54:50,Morning,Weekday
Coffee,2016-11-18 09:06:40,Morning,Weekday
Pastry,2016-11-18 09:06:40,Morning,Weekday
Bread,2016-11-18 09:08:13,Morning,Weekday
Coffee,2016-11-18 09:08:13,Morning,Weekday
Keeping It Local,2016-11-18 09:08:13,Morning,Weekday
Bread,2016-11-18 09:12:43,Morning,Weekday
Bread,2016-11-18 09:12:43,Morning,Weekday
Pastry,2016-11-18 09:12:43,Morning,Weekday
Coffee,2016-11-18 09:14:42,Morning,Weekday
Medialuna,2016-11-18 09:14:42,Morning,Weekday
Bread,2016-11-18 09:24:38,Morning,Weekday
Coffee,2016-11-18 09:26:06,Morning,Weekday
Coffee,2016-11-18 09:26:42,Morning,Weekday
Coffee,2016-11-18 09:26:42,Morning,Weekday
Bread,2016-11-18 09:52:49,Morning,Weekday
Bread,2016-11-18 09:55:12,Morning,Weekday
Tea,2016-11-18 09:55:12,Morning,Weekday
Pastry,2016-11-18 09:55:12,Morning,Weekday
Coffee,2016-11-18 10:06:25,Morning,Weekday
Cookies,2016-11-18 10:06:25,Morning,Weekday
Bread,2016-11-18 10:07:57,Morning,Weekday
Bread,2016-11-18 10:07:57,Morning,Weekday
Coffee,2016-11-18 10:08:41,Morning,Weekday
Coffee,2016-11-18 10:11:26,Morning,Weekday
Tea,2016-11-18 10:34:10,Morning,Weekday
Bread,2016-11-18 10:34:10,Morning,Weekday
Coffee,2016-11-18 10:41:01,Morning,Weekday
Coffee,2016-11-18 10:41:01,Morning,Weekday
Medialuna,2016-11-18 10:41:01,Morning,Weekday
Bread,2016-11-18 10:41:01,Morning,Weekday
Bread,2016-11-18 10:48:08,Morning,Weekday
Pastry,2016-11-18 10:49:51,Morning,Weekday
Coffee,2016-11-18 10:49:51,Morning,Weekday
Coffee,2016-11-18 10:55:19,Morning,Weekday
Pastry,2016-11-18 10:55:19,Morning,Weekday
Coffee,2016-11-18 10:58:04,Morning,Weekday
Bread,2016-11-18 10:58:04,Morning,Weekday
Alfajores,2016-11-18 10:58:04,Morning,Weekday
Coffee,2016-11-18 11:04:01,Morning,Weekday
Bread,2016-11-18 11:14:26,Morning,Weekday
Bread,2016-11-18 11:16:44,Morning,Weekday
Farm House,2016-11-18 11:18:02,Morning,Weekday
Bread,2016-11-18 11:20:21,Morning,Weekday
Coffee,2016-11-18 11:21:08,Morning,Weekday
Tea,2016-11-18 11:21:08,Morning,Weekday
Coffee,2016-11-18 11:22:32,Morning,Weekday
Coffee,2016-11-18 11:24:28,Morning,Weekday
Coffee,2016-11-18 11:36:39,Morning,Weekday
Soup,2016-11-18 11:36:39,Morning,Weekday
Soup,2016-11-18 11:36:59,Morning,Weekday
Farm House,2016-11-18 11:48:21,Morning,Weekday
Pastry,2016-11-18 11:48:21,Morning,Weekday
Soup,2016-11-18 11:50:39,Morning,Weekday
Coffee,2016-11-18 11:54:07,Morning,Weekday
Coffee,2016-11-18 12:16:27,Afternoon,Weekday
Coffee,2016-11-18 12:16:27,Afternoon,Weekday
Brownie,2016-11-18 12:16:27,Afternoon,Weekday
Coffee,2016-11-18 12:34:49,Afternoon,Weekday
Bread,2016-11-18 12:34:49,Afternoon,Weekday
Sandwich,2016-11-18 12:34:49,Afternoon,Weekday
Coffee,2016-11-18 12:38:59,Afternoon,Weekday
Sandwich,2016-11-18 12:56:13,Afternoon,Weekday
Soup,2016-11-18 12:56:13,Afternoon,Weekday
Bread,2016-11-18 12:56:13,Afternoon,Weekday
Tea,2016-11-18 12:56:13,Afternoon,Weekday
Soup,2016-11-18 12:58:38,Afternoon,Weekday
Art Tray,2016-11-18 12:58:38,Afternoon,Weekday
My-5 Fruit Shoot,2016-11-18 12:58:38,Afternoon,Weekday
Bread,2016-11-18 12:58:38,Afternoon,Weekday
Muffin,2016-11-18 12:58:38,Afternoon,Weekday
Tea,2016-11-18 12:59:40,Afternoon,Weekday
Sandwich,2016-11-18 12:59:40,Afternoon,Weekday
Bread,2016-11-18 13:14:11,Afternoon,Weekday
Soup,2016-11-18 13:14:11,Afternoon,Weekday
Soup,2016-11-18 13:15:48,Afternoon,Weekday
Tea,2016-11-18 13:15:48,Afternoon,Weekday
Farm House,2016-11-18 13:41:47,Afternoon,Weekday
Mineral water,2016-11-18 13:56:05,Afternoon,Weekday
Mineral water,2016-11-18 13:56:05,Afternoon,Weekday
Coffee,2016-11-18 13:56:05,Afternoon,Weekday
Soup,2016-11-18 13:56:05,Afternoon,Weekday
Sandwich,2016-11-18 13:56:05,Afternoon,Weekday
Bread,2016-11-18 14:01:41,Afternoon,Weekday
Coffee,2016-11-18 14:01:41,Afternoon,Weekday
Keeping It Local,2016-11-18 14:01:41,Afternoon,Weekday
Soup,2016-11-18 14:09:27,Afternoon,Weekday
Bread,2016-11-18 14:09:27,Afternoon,Weekday
Art Tray,2016-11-18 14:14:44,Afternoon,Weekday
Coffee,2016-11-18 14:14:44,Afternoon,Weekday
Bread,2016-11-18 14:14:44,Afternoon,Weekday
Hearty & Seasonal,2016-11-18 14:14:44,Afternoon,Weekday
Hearty & Seasonal,2016-11-18 14:14:44,Afternoon,Weekday
Bread,2016-11-18 14:31:15,Afternoon,Weekday
Farm House,2016-11-18 14:34:26,Afternoon,Weekday
Brownie,2016-11-18 14:41:48,Afternoon,Weekday
Farm House,2016-11-18 14:44:44,Afternoon,Weekday
Bread,2016-11-18 14:47:09,Afternoon,Weekday
Soup,2016-11-18 14:47:09,Afternoon,Weekday
Alfajores,2016-11-18 14:47:09,Afternoon,Weekday
Coke,2016-11-18 14:48:50,Afternoon,Weekday
Coffee,2016-11-18 14:48:50,Afternoon,Weekday
Medialuna,2016-11-18 14:48:50,Afternoon,Weekday
Cake,2016-11-18 14:48:50,Afternoon,Weekday
Scandinavian,2016-11-18 14:58:40,Afternoon,Weekday
Alfajores,2016-11-18 14:58:40,Afternoon,Weekday
Alfajores,2016-11-18 14:58:40,Afternoon,Weekday
Scandinavian,2016-11-18 15:00:45,Afternoon,Weekday
Hot chocolate,2016-11-18 15:02:04,Afternoon,Weekday
Pastry,2016-11-18 15:02:04,Afternoon,Weekday
Coke,2016-11-18 15:35:42,Afternoon,Weekday
Coffee,2016-11-18 15:35:42,Afternoon,Weekday
Brownie,2016-11-18 15:35:42,Afternoon,Weekday
Farm House,2016-11-18 15:45:06,Afternoon,Weekday
Coffee,2016-11-18 15:45:54,Afternoon,Weekday
Pastry,2016-11-18 15:45:54,Afternoon,Weekday
Farm House,2016-11-18 15:59:41,Afternoon,Weekday
Farm House,2016-11-18 16:00:38,Afternoon,Weekday
Cookies,2016-11-18 16:03:01,Afternoon,Weekday
Brownie,2016-11-18 16:03:01,Afternoon,Weekday
Coffee,2016-11-18 16:03:01,Afternoon,Weekday
Tea,2016-11-18 16:03:01,Afternoon,Weekday
Tea,2016-11-18 16:06:09,Afternoon,Weekday
Coffee,2016-11-18 16:06:09,Afternoon,Weekday
Medialuna,2016-11-18 16:06:09,Afternoon,Weekday
Cookies,2016-11-18 16:06:09,Afternoon,Weekday
Farm House,2016-11-18 16:06:09,Afternoon,Weekday
Bread,2016-11-18 16:07:59,Afternoon,Weekday
Coffee,2016-11-18 16:07:59,Afternoon,Weekday
Coffee,2016-11-18 16:17:11,Afternoon,Weekday
Tea,2016-11-18 16:18:33,Afternoon,Weekday
Coffee,2016-11-18 16:18:33,Afternoon,Weekday
Alfajores,2016-11-18 16:18:33,Afternoon,Weekday
Bread,2016-11-18 16:21:18,Afternoon,Weekday
Hot chocolate,2016-11-18 16:21:18,Afternoon,Weekday
Coffee,2016-11-18 16:21:18,Afternoon,Weekday
Medialuna,2016-11-18 17:03:36,Evening,Weekday
Tea,2016-11-18 17:03:36,Evening,Weekday
Coke,2016-11-18 17:11:53,Evening,Weekday
Medialuna,2016-11-18 17:13:37,Evening,Weekday
Fudge,2016-11-18 17:23:35,Evening,Weekday
Fudge,2016-11-18 17:23:35,Evening,Weekday
Tea,2016-11-18 18:30:23,Evening,Weekday
Muffin,2016-11-18 18:30:23,Evening,Weekday
Alfajores,2016-11-18 18:33:15,Evening,Weekday
Coffee,2016-11-18 18:33:15,Evening,Weekday
Pastry,2016-11-19 08:42:03,Morning,Weekend
Bread,2016-11-19 08:42:03,Morning,Weekend
Pastry,2016-11-19 08:42:46,Morning,Weekend
Coffee,2016-11-19 08:42:46,Morning,Weekend
Coffee,2016-11-19 08:53:33,Morning,Weekend
Bread,2016-11-19 08:55:10,Morning,Weekend
Bread,2016-11-19 08:56:08,Morning,Weekend
Coffee,2016-11-19 08:57:54,Morning,Weekend
Keeping It Local,2016-11-19 08:57:54,Morning,Weekend
Tea,2016-11-19 08:57:54,Morning,Weekend
Bread,2016-11-19 09:12:58,Morning,Weekend
Pastry,2016-11-19 09:12:58,Morning,Weekend
Medialuna,2016-11-19 09:12:58,Morning,Weekend
Farm House,2016-11-19 09:15:20,Morning,Weekend
Medialuna,2016-11-19 09:15:20,Morning,Weekend
Coffee,2016-11-19 09:15:20,Morning,Weekend
Coffee,2016-11-19 09:29:09,Morning,Weekend
Pastry,2016-11-19 09:29:09,Morning,Weekend
Coffee,2016-11-19 09:31:03,Morning,Weekend
Coffee,2016-11-19 09:31:44,Morning,Weekend
Coffee,2016-11-19 09:35:45,Morning,Weekend
Keeping It Local,2016-11-19 09:35:45,Morning,Weekend
Medialuna,2016-11-19 09:35:45,Morning,Weekend
Pastry,2016-11-19 09:40:29,Morning,Weekend
Bread,2016-11-19 09:40:29,Morning,Weekend
Coffee,2016-11-19 09:40:29,Morning,Weekend
Farm House,2016-11-19 09:46:29,Morning,Weekend
Bread,2016-11-19 09:50:22,Morning,Weekend
Bread,2016-11-19 09:50:22,Morning,Weekend
Bread,2016-11-19 09:55:56,Morning,Weekend
Bread,2016-11-19 09:55:56,Morning,Weekend
Tea,2016-11-19 09:55:56,Morning,Weekend
Keeping It Local,2016-11-19 09:55:56,Morning,Weekend
Bread,2016-11-19 10:01:44,Morning,Weekend
Medialuna,2016-11-19 10:01:44,Morning,Weekend
Keeping It Local,2016-11-19 10:01:44,Morning,Weekend
Coffee,2016-11-19 10:01:44,Morning,Weekend
Bread,2016-11-19 10:04:10,Morning,Weekend
Coffee,2016-11-19 10:04:10,Morning,Weekend
Medialuna,2016-11-19 10:04:10,Morning,Weekend
Bread,2016-11-19 10:04:10,Morning,Weekend
Coffee,2016-11-19 10:04:52,Morning,Weekend
Bread,2016-11-19 10:06:01,Morning,Weekend
Medialuna,2016-11-19 10:12:36,Morning,Weekend
Pastry,2016-11-19 10:12:36,Morning,Weekend
Bread,2016-11-19 10:12:36,Morning,Weekend
Bread,2016-11-19 10:14:15,Morning,Weekend
Pastry,2016-11-19 10:14:15,Morning,Weekend
Medialuna,2016-11-19 10:15:08,Morning,Weekend
Coffee,2016-11-19 10:15:08,Morning,Weekend
Bread,2016-11-19 10:15:26,Morning,Weekend
Bread,2016-11-19 10:16:42,Morning,Weekend
Coffee,2016-11-19 10:17:27,Morning,Weekend
Coffee,2016-11-19 10:17:27,Morning,Weekend
Focaccia,2016-11-19 10:19:24,Morning,Weekend
Coffee,2016-11-19 10:19:48,Morning,Weekend
Hot chocolate,2016-11-19 10:20:39,Morning,Weekend
Pastry,2016-11-19 10:20:39,Morning,Weekend
Coffee,2016-11-19 10:30:52,Morning,Weekend
Hot chocolate,2016-11-19 10:30:52,Morning,Weekend
Bread,2016-11-19 10:33:24,Morning,Weekend
Bread,2016-11-19 10:34:59,Morning,Weekend
Coffee,2016-11-19 10:34:59,Morning,Weekend
Pastry,2016-11-19 10:35:53,Morning,Weekend
Scandinavian,2016-11-19 10:35:53,Morning,Weekend
Muffin,2016-11-19 10:35:53,Morning,Weekend
Focaccia,2016-11-19 10:37:20,Morning,Weekend
Bread,2016-11-19 10:37:20,Morning,Weekend
Bread,2016-11-19 10:38:19,Morning,Weekend
Muffin,2016-11-19 10:41:07,Morning,Weekend
Caramel bites,2016-11-19 10:44:21,Morning,Weekend
Coffee,2016-11-19 10:44:21,Morning,Weekend
Medialuna,2016-11-19 10:44:21,Morning,Weekend
Tartine,2016-11-19 10:50:35,Morning,Weekend
Tea,2016-11-19 10:50:35,Morning,Weekend
Muffin,2016-11-19 10:50:35,Morning,Weekend
Bread,2016-11-19 10:54:02,Morning,Weekend
Bread,2016-11-19 10:57:17,Morning,Weekend
Focaccia,2016-11-19 10:57:17,Morning,Weekend
Tea,2016-11-19 10:57:17,Morning,Weekend
Coffee,2016-11-19 10:57:17,Morning,Weekend
Jam,2016-11-19 11:00:26,Morning,Weekend
Focaccia,2016-11-19 11:01:24,Morning,Weekend
Coffee,2016-11-19 11:03:53,Morning,Weekend
Medialuna,2016-11-19 11:03:53,Morning,Weekend
Muffin,2016-11-19 11:03:53,Morning,Weekend
Bread,2016-11-19 11:05:47,Morning,Weekend
Coffee,2016-11-19 11:05:47,Morning,Weekend
Coffee,2016-11-19 11:06:42,Morning,Weekend
Muffin,2016-11-19 11:06:42,Morning,Weekend
Coffee,2016-11-19 11:17:59,Morning,Weekend
Coffee,2016-11-19 11:19:40,Morning,Weekend
Bread,2016-11-19 11:24:19,Morning,Weekend
Coffee,2016-11-19 11:35:43,Morning,Weekend
Coffee,2016-11-19 11:35:43,Morning,Weekend
Coffee,2016-11-19 11:36:27,Morning,Weekend
Coffee,2016-11-19 11:36:27,Morning,Weekend
Coffee,2016-11-19 11:36:48,Morning,Weekend
Coffee,2016-11-19 11:36:48,Morning,Weekend
Coffee,2016-11-19 11:41:12,Morning,Weekend
Tea,2016-11-19 11:46:46,Morning,Weekend
Fudge,2016-11-19 11:48:46,Morning,Weekend
Medialuna,2016-11-19 11:52:03,Morning,Weekend
Bread,2016-11-19 11:52:03,Morning,Weekend
Tea,2016-11-19 11:52:03,Morning,Weekend
Coffee,2016-11-19 11:52:03,Morning,Weekend
Coffee,2016-11-19 11:52:03,Morning,Weekend
Ella's Kitchen Pouches,2016-11-19 11:52:03,Morning,Weekend
Jammie Dodgers,2016-11-19 12:02:41,Afternoon,Weekend
Bread,2016-11-19 12:05:54,Afternoon,Weekend
Tea,2016-11-19 12:12:38,Afternoon,Weekend
Coffee,2016-11-19 12:12:38,Afternoon,Weekend
Soup,2016-11-19 12:12:38,Afternoon,Weekend
Keeping It Local,2016-11-19 12:12:38,Afternoon,Weekend
Coffee,2016-11-19 12:34:02,Afternoon,Weekend
Coffee,2016-11-19 12:39:44,Afternoon,Weekend
Coffee,2016-11-19 12:44:44,Afternoon,Weekend
Muffin,2016-11-19 12:44:44,Afternoon,Weekend
Coffee,2016-11-19 12:47:19,Afternoon,Weekend
Bread,2016-11-19 12:47:19,Afternoon,Weekend
Soup,2016-11-19 12:47:19,Afternoon,Weekend
Coffee,2016-11-19 13:04:28,Afternoon,Weekend
Tea,2016-11-19 13:04:28,Afternoon,Weekend
Medialuna,2016-11-19 13:04:28,Afternoon,Weekend
Alfajores,2016-11-19 13:10:41,Afternoon,Weekend
Bread,2016-11-19 13:14:17,Afternoon,Weekend
Coffee,2016-11-19 13:15:55,Afternoon,Weekend
Coffee,2016-11-19 13:15:55,Afternoon,Weekend
Tartine,2016-11-19 13:15:55,Afternoon,Weekend
Medialuna,2016-11-19 13:15:55,Afternoon,Weekend
Pastry,2016-11-19 13:15:55,Afternoon,Weekend
Tea,2016-11-19 13:16:27,Afternoon,Weekend
Tartine,2016-11-19 13:16:27,Afternoon,Weekend
Bread,2016-11-19 13:18:16,Afternoon,Weekend
Coffee,2016-11-19 13:18:16,Afternoon,Weekend
Medialuna,2016-11-19 13:26:38,Afternoon,Weekend
Coffee,2016-11-19 13:26:38,Afternoon,Weekend
Bread,2016-11-19 13:26:38,Afternoon,Weekend
Bread,2016-11-19 13:28:09,Afternoon,Weekend
Medialuna,2016-11-19 13:28:09,Afternoon,Weekend
Focaccia,2016-11-19 13:34:07,Afternoon,Weekend
Scandinavian,2016-11-19 13:36:30,Afternoon,Weekend
Hearty & Seasonal,2016-11-19 13:45:24,Afternoon,Weekend
Sandwich,2016-11-19 13:45:24,Afternoon,Weekend
Coffee,2016-11-19 13:45:24,Afternoon,Weekend
Mineral water,2016-11-19 13:45:24,Afternoon,Weekend
Coffee,2016-11-19 13:46:29,Afternoon,Weekend
Sandwich,2016-11-19 13:46:29,Afternoon,Weekend
Sandwich,2016-11-19 13:46:29,Afternoon,Weekend
Tea,2016-11-19 14:09:37,Afternoon,Weekend
Scandinavian,2016-11-19 14:09:37,Afternoon,Weekend
Coffee,2016-11-19 14:11:45,Afternoon,Weekend
Coffee,2016-11-19 14:20:31,Afternoon,Weekend
Coffee,2016-11-19 14:20:31,Afternoon,Weekend
Soup,2016-11-19 14:26:23,Afternoon,Weekend
Kids biscuit,2016-11-19 14:26:23,Afternoon,Weekend
Coffee,2016-11-19 14:27:52,Afternoon,Weekend
Bread,2016-11-19 14:29:02,Afternoon,Weekend
Coffee,2016-11-19 14:30:16,Afternoon,Weekend
Coffee,2016-11-19 14:36:13,Afternoon,Weekend
Coffee,2016-11-19 14:40:46,Afternoon,Weekend
Bread,2016-11-19 14:40:46,Afternoon,Weekend
Cake,2016-11-19 14:55:11,Afternoon,Weekend
Tea,2016-11-19 14:55:11,Afternoon,Weekend
Muffin,2016-11-19 14:55:11,Afternoon,Weekend
Coffee,2016-11-19 14:55:11,Afternoon,Weekend
Hot chocolate,2016-11-19 15:01:42,Afternoon,Weekend
Coffee,2016-11-19 15:05:17,Afternoon,Weekend
Tea,2016-11-19 15:05:17,Afternoon,Weekend
Cake,2016-11-19 15:05:17,Afternoon,Weekend
Tea,2016-11-19 15:07:33,Afternoon,Weekend
Coffee,2016-11-19 15:07:33,Afternoon,Weekend
Muffin,2016-11-19 15:07:33,Afternoon,Weekend
Jammie Dodgers,2016-11-19 15:18:25,Afternoon,Weekend
Hot chocolate,2016-11-19 15:18:25,Afternoon,Weekend
Hot chocolate,2016-11-19 15:18:25,Afternoon,Weekend
Coffee,2016-11-19 15:18:25,Afternoon,Weekend
Cookies,2016-11-19 15:18:25,Afternoon,Weekend
Caramel bites,2016-11-19 15:20:44,Afternoon,Weekend
Jammie Dodgers,2016-11-19 15:20:44,Afternoon,Weekend
My-5 Fruit Shoot,2016-11-19 15:20:44,Afternoon,Weekend
Bread,2016-11-19 15:20:44,Afternoon,Weekend
Coffee,2016-11-19 15:36:39,Afternoon,Weekend
Coffee,2016-11-19 15:37:49,Afternoon,Weekend
Tea,2016-11-19 15:37:49,Afternoon,Weekend
Caramel bites,2016-11-19 15:37:49,Afternoon,Weekend
Kids biscuit,2016-11-19 15:37:49,Afternoon,Weekend
Bread,2016-11-19 15:39:48,Afternoon,Weekend
Coffee,2016-11-19 15:39:48,Afternoon,Weekend
Bread,2016-11-19 15:46:03,Afternoon,Weekend
Coffee,2016-11-19 15:46:03,Afternoon,Weekend
Alfajores,2016-11-19 15:46:03,Afternoon,Weekend
Bread,2016-11-19 15:46:03,Afternoon,Weekend
Farm House,2016-11-19 15:53:29,Afternoon,Weekend
Bread,2016-11-19 16:05:54,Afternoon,Weekend
Jammie Dodgers,2016-11-19 16:05:54,Afternoon,Weekend
Scandinavian,2016-11-19 16:05:54,Afternoon,Weekend
Tea,2016-11-19 16:09:54,Afternoon,Weekend
Alfajores,2016-11-19 16:17:23,Afternoon,Weekend
Bread,2016-11-19 16:17:23,Afternoon,Weekend
Tea,2016-11-19 16:17:23,Afternoon,Weekend
Coffee,2016-11-19 16:17:23,Afternoon,Weekend
Coffee,2016-11-19 16:26:23,Afternoon,Weekend
Mineral water,2016-11-19 16:26:23,Afternoon,Weekend
Tea,2016-11-19 16:26:23,Afternoon,Weekend
Coffee,2016-11-19 16:32:32,Afternoon,Weekend
Kids biscuit,2016-11-19 16:32:32,Afternoon,Weekend
Kids biscuit,2016-11-19 16:38:32,Afternoon,Weekend
Bread,2016-11-19 16:38:32,Afternoon,Weekend
Coffee,2016-11-20 10:06:23,Morning,Weekend
Coffee,2016-11-20 10:06:23,Morning,Weekend
Bread,2016-11-20 10:25:50,Morning,Weekend
Hot chocolate,2016-11-20 10:28:22,Morning,Weekend
Coffee,2016-11-20 10:28:22,Morning,Weekend
Cake,2016-11-20 10:28:22,Morning,Weekend
Coffee,2016-11-20 10:33:35,Morning,Weekend
Bread,2016-11-20 10:33:35,Morning,Weekend
Scandinavian,2016-11-20 10:53:49,Morning,Weekend
Pastry,2016-11-20 10:53:49,Morning,Weekend
Juice,2016-11-20 10:53:49,Morning,Weekend
Bread,2016-11-20 10:54:29,Morning,Weekend
Coffee,2016-11-20 10:54:29,Morning,Weekend
Bread,2016-11-20 10:56:31,Morning,Weekend
Farm House,2016-11-20 10:57:38,Morning,Weekend
Pastry,2016-11-20 10:57:38,Morning,Weekend
Pastry,2016-11-20 10:57:38,Morning,Weekend
Medialuna,2016-11-20 10:57:38,Morning,Weekend
Alfajores,2016-11-20 11:00:35,Morning,Weekend
Alfajores,2016-11-20 11:00:35,Morning,Weekend
Coffee,2016-11-20 11:00:35,Morning,Weekend
Coffee,2016-11-20 11:00:35,Morning,Weekend
Bread,2016-11-20 11:01:43,Morning,Weekend
Keeping It Local,2016-11-20 11:02:26,Morning,Weekend
Coffee,2016-11-20 11:02:26,Morning,Weekend
Coffee,2016-11-20 11:02:26,Morning,Weekend
Scandinavian,2016-11-20 11:03:58,Morning,Weekend
Pastry,2016-11-20 11:03:58,Morning,Weekend
Hot chocolate,2016-11-20 11:03:58,Morning,Weekend
Coffee,2016-11-20 11:03:58,Morning,Weekend
Bread,2016-11-20 11:03:58,Morning,Weekend
Bread,2016-11-20 11:07:42,Morning,Weekend
Bread,2016-11-20 11:08:42,Morning,Weekend
Coffee,2016-11-20 11:08:42,Morning,Weekend
Pastry,2016-11-20 11:13:29,Morning,Weekend
Coffee,2016-11-20 11:13:29,Morning,Weekend
Smoothies,2016-11-20 11:16:12,Morning,Weekend
Keeping It Local,2016-11-20 11:16:12,Morning,Weekend
Coffee,2016-11-20 11:16:12,Morning,Weekend
Coffee,2016-11-20 11:20:34,Morning,Weekend
Coffee,2016-11-20 11:20:34,Morning,Weekend
Pastry,2016-11-20 11:21:43,Morning,Weekend
Medialuna,2016-11-20 11:21:43,Morning,Weekend
Tea,2016-11-20 11:35:21,Morning,Weekend
Cake,2016-11-20 11:35:21,Morning,Weekend
Cake,2016-11-20 11:35:51,Morning,Weekend
Mineral water,2016-11-20 11:35:51,Morning,Weekend
Farm House,2016-11-20 11:45:56,Morning,Weekend
Cake,2016-11-20 11:45:56,Morning,Weekend
Medialuna,2016-11-20 11:45:56,Morning,Weekend
Tea,2016-11-20 11:45:56,Morning,Weekend
Coffee,2016-11-20 11:45:56,Morning,Weekend
Hot chocolate,2016-11-20 11:46:51,Morning,Weekend
Coffee,2016-11-20 11:46:51,Morning,Weekend
Bread,2016-11-20 11:46:51,Morning,Weekend
Bread,2016-11-20 11:49:08,Morning,Weekend
Alfajores,2016-11-20 11:54:44,Morning,Weekend
Cake,2016-11-20 11:54:44,Morning,Weekend
Coffee,2016-11-20 11:54:44,Morning,Weekend
Sandwich,2016-11-20 11:54:44,Morning,Weekend
Sandwich,2016-11-20 11:54:44,Morning,Weekend
My-5 Fruit Shoot,2016-11-20 11:54:44,Morning,Weekend
Farm House,2016-11-20 11:56:55,Morning,Weekend
Jam,2016-11-20 11:59:33,Morning,Weekend
Bread,2016-11-20 12:03:17,Afternoon,Weekend
Coffee,2016-11-20 12:03:17,Afternoon,Weekend
Cake,2016-11-20 12:03:17,Afternoon,Weekend
Bread,2016-11-20 12:05:42,Afternoon,Weekend
Coffee,2016-11-20 12:05:42,Afternoon,Weekend
Tartine,2016-11-20 12:09:00,Afternoon,Weekend
Bread,2016-11-20 12:16:10,Afternoon,Weekend
Medialuna,2016-11-20 12:16:10,Afternoon,Weekend
Farm House,2016-11-20 12:16:10,Afternoon,Weekend
Bread,2016-11-20 12:20:07,Afternoon,Weekend
Brownie,2016-11-20 12:20:07,Afternoon,Weekend
Cake,2016-11-20 12:20:07,Afternoon,Weekend
Cake,2016-11-20 12:25:09,Afternoon,Weekend
Mineral water,2016-11-20 12:25:09,Afternoon,Weekend
Alfajores,2016-11-20 12:25:09,Afternoon,Weekend
Coffee,2016-11-20 12:25:09,Afternoon,Weekend
Coffee,2016-11-20 12:25:09,Afternoon,Weekend
Bread,2016-11-20 12:38:38,Afternoon,Weekend
Coffee,2016-11-20 12:43:42,Afternoon,Weekend
Coffee,2016-11-20 12:43:42,Afternoon,Weekend
Bread,2016-11-20 12:45:08,Afternoon,Weekend
Jam,2016-11-20 12:45:08,Afternoon,Weekend
Brownie,2016-11-20 12:48:02,Afternoon,Weekend
Coffee,2016-11-20 12:52:15,Afternoon,Weekend
Sandwich,2016-11-20 12:52:15,Afternoon,Weekend
Mineral water,2016-11-20 12:52:15,Afternoon,Weekend
Coffee,2016-11-20 12:55:17,Afternoon,Weekend
Coffee,2016-11-20 12:55:17,Afternoon,Weekend
Bread,2016-11-20 12:57:28,Afternoon,Weekend
Bread,2016-11-20 12:58:31,Afternoon,Weekend
Mineral water,2016-11-20 12:58:31,Afternoon,Weekend
Farm House,2016-11-20 13:35:14,Afternoon,Weekend
Medialuna,2016-11-20 13:39:00,Afternoon,Weekend
Coffee,2016-11-20 13:39:00,Afternoon,Weekend
Juice,2016-11-20 13:43:04,Afternoon,Weekend
Cookies,2016-11-20 13:43:04,Afternoon,Weekend
Alfajores,2016-11-20 13:43:04,Afternoon,Weekend
Coffee,2016-11-20 13:43:04,Afternoon,Weekend
Focaccia,2016-11-20 13:43:04,Afternoon,Weekend
Bread,2016-11-20 13:48:20,Afternoon,Weekend
Sandwich,2016-11-20 13:52:42,Afternoon,Weekend
Sandwich,2016-11-20 13:52:42,Afternoon,Weekend
Brownie,2016-11-20 13:52:42,Afternoon,Weekend
Alfajores,2016-11-20 14:13:23,Afternoon,Weekend
Bread,2016-11-20 14:13:23,Afternoon,Weekend
My-5 Fruit Shoot,2016-11-20 14:13:23,Afternoon,Weekend
Juice,2016-11-20 14:13:23,Afternoon,Weekend
Bread,2016-11-20 14:13:56,Afternoon,Weekend
Fudge,2016-11-20 14:16:32,Afternoon,Weekend
Dulce de Leche,2016-11-20 14:16:32,Afternoon,Weekend
Coffee,2016-11-20 14:16:32,Afternoon,Weekend
Cake,2016-11-20 14:16:32,Afternoon,Weekend
Brownie,2016-11-20 14:16:32,Afternoon,Weekend
Hot chocolate,2016-11-20 14:18:26,Afternoon,Weekend
Coffee,2016-11-20 14:18:26,Afternoon,Weekend
Cake,2016-11-20 14:18:26,Afternoon,Weekend
Coffee,2016-11-20 14:25:19,Afternoon,Weekend
Medialuna,2016-11-20 14:25:19,Afternoon,Weekend
Alfajores,2016-11-20 14:25:19,Afternoon,Weekend
Coffee,2016-11-20 14:34:14,Afternoon,Weekend
Keeping It Local,2016-11-20 14:34:14,Afternoon,Weekend
Farm House,2016-11-20 14:34:14,Afternoon,Weekend
Bread,2016-11-20 14:37:13,Afternoon,Weekend
Medialuna,2016-11-20 14:41:25,Afternoon,Weekend
Truffles,2016-11-20 14:41:25,Afternoon,Weekend
Cake,2016-11-20 14:42:55,Afternoon,Weekend
Bread,2016-11-20 14:42:55,Afternoon,Weekend
Tea,2016-11-20 14:42:55,Afternoon,Weekend
Truffles,2016-11-20 14:42:55,Afternoon,Weekend
Bread,2016-11-20 14:52:15,Afternoon,Weekend
Coffee,2016-11-20 14:53:23,Afternoon,Weekend
Brownie,2016-11-20 14:53:23,Afternoon,Weekend
Coffee,2016-11-20 15:03:32,Afternoon,Weekend
Bread,2016-11-20 15:03:32,Afternoon,Weekend
Medialuna,2016-11-20 15:06:00,Afternoon,Weekend
Brownie,2016-11-20 15:06:00,Afternoon,Weekend
Tea,2016-11-20 15:06:00,Afternoon,Weekend
Bread,2016-11-20 15:08:12,Afternoon,Weekend
Scandinavian,2016-11-20 15:08:12,Afternoon,Weekend
Medialuna,2016-11-20 15:13:05,Afternoon,Weekend
Hot chocolate,2016-11-20 15:13:05,Afternoon,Weekend
Cake,2016-11-20 15:13:05,Afternoon,Weekend
Alfajores,2016-11-20 15:13:05,Afternoon,Weekend
Truffles,2016-11-20 15:13:05,Afternoon,Weekend
Brownie,2016-11-20 15:14:21,Afternoon,Weekend
Medialuna,2016-11-20 15:14:21,Afternoon,Weekend
Coffee,2016-11-20 15:14:21,Afternoon,Weekend
Coffee,2016-11-20 15:16:17,Afternoon,Weekend
Medialuna,2016-11-20 15:16:17,Afternoon,Weekend
Truffles,2016-11-20 15:16:17,Afternoon,Weekend
Cake,2016-11-20 15:17:25,Afternoon,Weekend
Tea,2016-11-20 15:17:25,Afternoon,Weekend
Mineral water,2016-11-20 15:22:18,Afternoon,Weekend
Hot chocolate,2016-11-20 15:22:18,Afternoon,Weekend
Cookies,2016-11-20 15:22:18,Afternoon,Weekend
Cake,2016-11-20 15:22:18,Afternoon,Weekend
Cookies,2016-11-20 15:26:24,Afternoon,Weekend
Bread,2016-11-20 15:37:47,Afternoon,Weekend
Hot chocolate,2016-11-20 15:41:59,Afternoon,Weekend
Cake,2016-11-20 15:41:59,Afternoon,Weekend
Truffles,2016-11-20 15:50:16,Afternoon,Weekend
Farm House,2016-11-20 15:50:16,Afternoon,Weekend
Bread,2016-11-20 15:50:16,Afternoon,Weekend
Tea,2016-11-20 15:58:17,Afternoon,Weekend
Farm House,2016-11-20 18:16:32,Evening,Weekend
Coffee,2016-11-21 07:29:57,Morning,Weekday
Coffee,2016-11-21 08:13:28,Morning,Weekday
Bread,2016-11-21 08:38:16,Morning,Weekday
Coffee,2016-11-21 08:38:50,Morning,Weekday
Coffee,2016-11-21 09:15:53,Morning,Weekday
Bread,2016-11-21 09:31:29,Morning,Weekday
Pastry,2016-11-21 09:31:29,Morning,Weekday
Coffee,2016-11-21 09:35:27,Morning,Weekday
Coffee,2016-11-21 09:41:26,Morning,Weekday
Farm House,2016-11-21 09:41:26,Morning,Weekday
Keeping It Local,2016-11-21 09:44:32,Morning,Weekday
Coffee,2016-11-21 09:44:32,Morning,Weekday
Coffee,2016-11-21 09:44:32,Morning,Weekday
Coffee,2016-11-21 09:50:03,Morning,Weekday
Medialuna,2016-11-21 09:50:03,Morning,Weekday
Coffee,2016-11-21 09:59:09,Morning,Weekday
Coffee,2016-11-21 09:59:56,Morning,Weekday
Pastry,2016-11-21 09:59:56,Morning,Weekday
Tea,2016-11-21 10:00:47,Morning,Weekday
Coffee,2016-11-21 10:04:19,Morning,Weekday
Keeping It Local,2016-11-21 10:04:19,Morning,Weekday
Pastry,2016-11-21 10:12:18,Morning,Weekday
Coffee,2016-11-21 10:12:18,Morning,Weekday
Smoothies,2016-11-21 10:12:18,Morning,Weekday
Coffee,2016-11-21 10:14:19,Morning,Weekday
Muffin,2016-11-21 10:14:19,Morning,Weekday
Medialuna,2016-11-21 10:14:19,Morning,Weekday
Coffee,2016-11-21 10:31:22,Morning,Weekday
Coffee,2016-11-21 11:07:58,Morning,Weekday
Coffee,2016-11-21 11:11:37,Morning,Weekday
Coffee,2016-11-21 11:14:53,Morning,Weekday
Tea,2016-11-21 11:14:53,Morning,Weekday
Farm House,2016-11-21 11:14:53,Morning,Weekday
Brownie,2016-11-21 11:14:53,Morning,Weekday
Coffee,2016-11-21 11:55:05,Morning,Weekday
Coffee,2016-11-21 12:02:47,Afternoon,Weekday
Bread,2016-11-21 12:02:47,Afternoon,Weekday
Coffee,2016-11-21 12:02:47,Afternoon,Weekday
Keeping It Local,2016-11-21 12:02:47,Afternoon,Weekday
Tea,2016-11-21 12:25:19,Afternoon,Weekday
Coffee,2016-11-21 12:36:10,Afternoon,Weekday
Bread,2016-11-21 12:36:10,Afternoon,Weekday
Farm House,2016-11-21 12:36:57,Afternoon,Weekday
Coffee,2016-11-21 12:48:40,Afternoon,Weekday
Sandwich,2016-11-21 13:15:53,Afternoon,Weekday
Farm House,2016-11-21 13:30:09,Afternoon,Weekday
Scandinavian,2016-11-21 13:30:09,Afternoon,Weekday
Coffee,2016-11-21 13:38:42,Afternoon,Weekday
Coffee,2016-11-21 13:41:35,Afternoon,Weekday
Cake,2016-11-21 13:41:35,Afternoon,Weekday
Bread,2016-11-21 14:07:51,Afternoon,Weekday
Tea,2016-11-21 14:07:51,Afternoon,Weekday
Truffles,2016-11-21 14:20:46,Afternoon,Weekday
Bread,2016-11-21 14:28:05,Afternoon,Weekday
Fudge,2016-11-21 14:28:05,Afternoon,Weekday
Medialuna,2016-11-21 14:28:05,Afternoon,Weekday
Pastry,2016-11-21 14:28:05,Afternoon,Weekday
Bread,2016-11-21 14:29:28,Afternoon,Weekday
Tea,2016-11-21 14:32:20,Afternoon,Weekday
Brownie,2016-11-21 14:32:20,Afternoon,Weekday
Cake,2016-11-21 14:32:20,Afternoon,Weekday
Juice,2016-11-21 14:36:21,Afternoon,Weekday
Medialuna,2016-11-21 14:36:21,Afternoon,Weekday
Tea,2016-11-21 14:54:43,Afternoon,Weekday
Cake,2016-11-21 14:54:43,Afternoon,Weekday
Coffee,2016-11-21 14:57:55,Afternoon,Weekday
Tea,2016-11-21 14:57:55,Afternoon,Weekday
Sandwich,2016-11-21 14:57:55,Afternoon,Weekday
Medialuna,2016-11-21 14:57:55,Afternoon,Weekday
Bread,2016-11-21 14:57:55,Afternoon,Weekday
Alfajores,2016-11-21 15:23:32,Afternoon,Weekday
Coffee,2016-11-21 15:24:55,Afternoon,Weekday
Coffee,2016-11-21 15:24:55,Afternoon,Weekday
Cookies,2016-11-21 15:35:40,Afternoon,Weekday
My-5 Fruit Shoot,2016-11-21 15:35:40,Afternoon,Weekday
Coffee,2016-11-21 15:35:40,Afternoon,Weekday
Keeping It Local,2016-11-21 15:35:40,Afternoon,Weekday
Hot chocolate,2016-11-21 15:47:22,Afternoon,Weekday
Hot chocolate,2016-11-21 15:47:22,Afternoon,Weekday
Bread,2016-11-21 15:47:22,Afternoon,Weekday
Alfajores,2016-11-21 15:47:22,Afternoon,Weekday
Bread,2016-11-21 16:00:34,Afternoon,Weekday
Farm House,2016-11-21 16:11:05,Afternoon,Weekday
Coffee,2016-11-21 16:18:45,Afternoon,Weekday
Juice,2016-11-21 16:18:45,Afternoon,Weekday
Pastry,2016-11-21 16:18:45,Afternoon,Weekday
Cookies,2016-11-21 16:26:36,Afternoon,Weekday
Brownie,2016-11-21 16:27:15,Afternoon,Weekday
Coffee,2016-11-22 08:06:09,Morning,Weekday
Medialuna,2016-11-22 08:06:09,Morning,Weekday
Keeping It Local,2016-11-22 09:07:58,Morning,Weekday
Coffee,2016-11-22 09:07:58,Morning,Weekday
Tea,2016-11-22 09:33:58,Morning,Weekday
Tea,2016-11-22 09:42:17,Morning,Weekday
Medialuna,2016-11-22 09:42:17,Morning,Weekday
Scandinavian,2016-11-22 09:59:54,Morning,Weekday
Bread,2016-11-22 09:59:54,Morning,Weekday
Scandinavian,2016-11-22 10:01:11,Morning,Weekday
Bread,2016-11-22 10:01:11,Morning,Weekday
Pastry,2016-11-22 10:08:29,Morning,Weekday
Keeping It Local,2016-11-22 10:08:29,Morning,Weekday
Coffee,2016-11-22 10:08:29,Morning,Weekday
Hot chocolate,2016-11-22 10:08:29,Morning,Weekday
Bread,2016-11-22 10:21:00,Morning,Weekday
Coffee,2016-11-22 10:25:46,Morning,Weekday
Bread,2016-11-22 10:28:49,Morning,Weekday
Coffee,2016-11-22 10:29:45,Morning,Weekday
Cookies,2016-11-22 10:29:45,Morning,Weekday
Coffee,2016-11-22 10:34:47,Morning,Weekday
Coffee,2016-11-22 10:34:47,Morning,Weekday
Pastry,2016-11-22 10:34:47,Morning,Weekday
Tea,2016-11-22 11:05:36,Morning,Weekday
Coffee,2016-11-22 11:57:33,Morning,Weekday
Brownie,2016-11-22 11:57:33,Morning,Weekday
Bread,2016-11-22 11:57:33,Morning,Weekday
Sandwich,2016-11-22 12:15:35,Afternoon,Weekday
Coke,2016-11-22 12:15:35,Afternoon,Weekday
Cake,2016-11-22 12:34:24,Afternoon,Weekday
Bread,2016-11-22 12:34:24,Afternoon,Weekday
Tea,2016-11-22 12:34:24,Afternoon,Weekday
Medialuna,2016-11-22 12:34:24,Afternoon,Weekday
Bread,2016-11-22 12:35:12,Afternoon,Weekday
Coffee,2016-11-22 12:40:54,Afternoon,Weekday
Medialuna,2016-11-22 12:40:54,Afternoon,Weekday
Brownie,2016-11-22 12:40:54,Afternoon,Weekday
Bread,2016-11-22 12:41:13,Afternoon,Weekday
Coffee,2016-11-22 13:05:30,Afternoon,Weekday
Medialuna,2016-11-22 13:07:35,Afternoon,Weekday
Coffee,2016-11-22 13:17:32,Afternoon,Weekday
Scandinavian,2016-11-22 13:17:32,Afternoon,Weekday
Medialuna,2016-11-22 13:17:32,Afternoon,Weekday
Tea,2016-11-22 13:26:51,Afternoon,Weekday
Brownie,2016-11-22 13:26:51,Afternoon,Weekday
Coffee,2016-11-22 13:34:01,Afternoon,Weekday
Pastry,2016-11-22 13:34:01,Afternoon,Weekday
Coffee,2016-11-22 13:47:25,Afternoon,Weekday
Fudge,2016-11-22 13:59:06,Afternoon,Weekday
Cake,2016-11-22 13:59:06,Afternoon,Weekday
Coffee,2016-11-22 13:59:06,Afternoon,Weekday
Tea,2016-11-22 13:59:06,Afternoon,Weekday
Bread,2016-11-22 14:12:12,Afternoon,Weekday
Coffee,2016-11-22 14:22:58,Afternoon,Weekday
Cake,2016-11-22 14:22:58,Afternoon,Weekday
Sandwich,2016-11-22 14:42:17,Afternoon,Weekday
Coffee,2016-11-22 14:42:17,Afternoon,Weekday
Coffee,2016-11-22 14:42:17,Afternoon,Weekday
Tea,2016-11-22 14:42:17,Afternoon,Weekday
Brownie,2016-11-22 14:42:17,Afternoon,Weekday
Cake,2016-11-22 14:42:17,Afternoon,Weekday
Coffee,2016-11-22 15:02:34,Afternoon,Weekday
Alfajores,2016-11-22 15:02:34,Afternoon,Weekday
Coffee,2016-11-22 15:02:34,Afternoon,Weekday
Cake,2016-11-22 15:02:34,Afternoon,Weekday
Coffee,2016-11-22 15:08:04,Afternoon,Weekday
Coffee,2016-11-22 15:08:04,Afternoon,Weekday
Mineral water,2016-11-22 15:17:35,Afternoon,Weekday
Coffee,2016-11-22 15:25:09,Afternoon,Weekday
Cookies,2016-11-22 15:25:09,Afternoon,Weekday
Bread,2016-11-22 15:29:40,Afternoon,Weekday
Cake,2016-11-22 15:29:40,Afternoon,Weekday
Bread,2016-11-22 15:39:58,Afternoon,Weekday
Coffee,2016-11-22 15:40:20,Afternoon,Weekday
Tea,2016-11-22 16:36:23,Afternoon,Weekday
Brownie,2016-11-22 16:36:23,Afternoon,Weekday
Cake,2016-11-22 16:36:23,Afternoon,Weekday
Hot chocolate,2016-11-22 16:39:08,Afternoon,Weekday
Hot chocolate,2016-11-22 16:39:08,Afternoon,Weekday
Medialuna,2016-11-22 16:39:08,Afternoon,Weekday
Hot chocolate,2016-11-22 16:39:57,Afternoon,Weekday
Coffee,2016-11-22 17:10:13,Evening,Weekday
Bread,2016-11-22 17:10:13,Evening,Weekday
Cake,2016-11-22 17:18:51,Evening,Weekday
Coffee,2016-11-22 17:18:51,Evening,Weekday
Coffee,2016-11-23 08:11:28,Morning,Weekday
Cake,2016-11-23 08:11:28,Morning,Weekday
Hot chocolate,2016-11-23 09:05:20,Morning,Weekday
Medialuna,2016-11-23 09:05:20,Morning,Weekday
Coffee,2016-11-23 09:05:20,Morning,Weekday
Hot chocolate,2016-11-23 09:06:41,Morning,Weekday
Medialuna,2016-11-23 09:06:41,Morning,Weekday
Coffee,2016-11-23 09:06:41,Morning,Weekday
Coffee,2016-11-23 09:07:21,Morning,Weekday
Hot chocolate,2016-11-23 09:07:21,Morning,Weekday
Medialuna,2016-11-23 09:07:21,Morning,Weekday
Coffee,2016-11-23 09:54:31,Morning,Weekday
Keeping It Local,2016-11-23 09:54:31,Morning,Weekday
Bread,2016-11-23 09:54:31,Morning,Weekday
Coffee,2016-11-23 10:06:05,Morning,Weekday
Coffee,2016-11-23 10:11:18,Morning,Weekday
Coffee,2016-11-23 10:15:49,Morning,Weekday
Coffee,2016-11-23 10:19:40,Morning,Weekday
Bread,2016-11-23 10:19:40,Morning,Weekday
Coffee,2016-11-23 10:22:23,Morning,Weekday
Sandwich,2016-11-23 10:22:23,Morning,Weekday
Bread,2016-11-23 10:33:49,Morning,Weekday
Keeping It Local,2016-11-23 10:33:49,Morning,Weekday
Cake,2016-11-23 10:33:49,Morning,Weekday
Coffee,2016-11-23 10:50:14,Morning,Weekday
Brownie,2016-11-23 11:12:42,Morning,Weekday
Cookies,2016-11-23 11:12:42,Morning,Weekday
Bread,2016-11-23 11:34:24,Morning,Weekday
Juice,2016-11-23 11:42:00,Morning,Weekday
Bread,2016-11-23 11:42:00,Morning,Weekday
Coffee,2016-11-23 11:50:37,Morning,Weekday
Cookies,2016-11-23 11:50:37,Morning,Weekday
Coffee,2016-11-23 11:50:56,Morning,Weekday
Coffee,2016-11-23 12:24:12,Afternoon,Weekday
Medialuna,2016-11-23 12:24:12,Afternoon,Weekday
Cookies,2016-11-23 12:24:12,Afternoon,Weekday
Tea,2016-11-23 12:24:12,Afternoon,Weekday
Tea,2016-11-23 12:35:02,Afternoon,Weekday
Cookies,2016-11-23 12:35:02,Afternoon,Weekday
Mineral water,2016-11-23 12:42:33,Afternoon,Weekday
Coffee,2016-11-23 12:49:38,Afternoon,Weekday
Bread,2016-11-23 12:49:38,Afternoon,Weekday
Tea,2016-11-23 12:49:38,Afternoon,Weekday
Pastry,2016-11-23 12:49:38,Afternoon,Weekday
Tiffin,2016-11-23 12:49:38,Afternoon,Weekday
Cake,2016-11-23 12:49:38,Afternoon,Weekday
Coffee,2016-11-23 13:04:46,Afternoon,Weekday
Cookies,2016-11-23 13:13:54,Afternoon,Weekday
Sandwich,2016-11-23 13:25:25,Afternoon,Weekday
Coffee,2016-11-23 13:26:38,Afternoon,Weekday
Tea,2016-11-23 13:40:31,Afternoon,Weekday
Sandwich,2016-11-23 13:40:31,Afternoon,Weekday
Jam,2016-11-23 13:51:18,Afternoon,Weekday
Brownie,2016-11-23 13:55:58,Afternoon,Weekday
Tea,2016-11-23 13:55:58,Afternoon,Weekday
Bread,2016-11-23 14:07:37,Afternoon,Weekday
Bread,2016-11-23 14:22:27,Afternoon,Weekday
Olum & polenta,2016-11-23 14:22:27,Afternoon,Weekday
Bread,2016-11-23 14:52:03,Afternoon,Weekday
Polenta,2016-11-23 14:53:33,Afternoon,Weekday
Tea,2016-11-23 14:53:33,Afternoon,Weekday
Coffee,2016-11-23 14:59:48,Afternoon,Weekday
Sandwich,2016-11-23 14:59:48,Afternoon,Weekday
Coffee,2016-11-23 15:00:34,Afternoon,Weekday
Coffee,2016-11-23 15:05:02,Afternoon,Weekday
Cake,2016-11-23 15:05:02,Afternoon,Weekday
Tea,2016-11-23 15:09:18,Afternoon,Weekday
Coffee,2016-11-23 15:09:18,Afternoon,Weekday
Alfajores,2016-11-23 15:09:18,Afternoon,Weekday
Coke,2016-11-23 15:23:13,Afternoon,Weekday
Coffee,2016-11-23 15:44:44,Afternoon,Weekday
Coffee,2016-11-23 16:00:19,Afternoon,Weekday
Coffee,2016-11-23 16:14:41,Afternoon,Weekday
Medialuna,2016-11-23 16:14:41,Afternoon,Weekday
Cookies,2016-11-23 16:31:03,Afternoon,Weekday
Bread,2016-11-23 16:31:03,Afternoon,Weekday
Coffee,2016-11-23 16:36:53,Afternoon,Weekday
Coffee,2016-11-23 17:00:41,Evening,Weekday
Bread,2016-11-23 17:29:19,Evening,Weekday
Bread,2016-11-24 08:41:10,Morning,Weekday
Coffee,2016-11-24 09:08:12,Morning,Weekday
Coffee,2016-11-24 09:10:24,Morning,Weekday
Hot chocolate,2016-11-24 09:11:11,Morning,Weekday
Pastry,2016-11-24 09:20:18,Morning,Weekday
Coffee,2016-11-24 09:21:00,Morning,Weekday
Keeping It Local,2016-11-24 09:21:00,Morning,Weekday
Pastry,2016-11-24 09:24:35,Morning,Weekday
Bread,2016-11-24 09:24:35,Morning,Weekday
Bread,2016-11-24 09:26:35,Morning,Weekday
Keeping It Local,2016-11-24 09:26:35,Morning,Weekday
Pastry,2016-11-24 09:28:53,Morning,Weekday
Hot chocolate,2016-11-24 09:30:14,Morning,Weekday
Coffee,2016-11-24 09:31:29,Morning,Weekday
Pastry,2016-11-24 09:31:29,Morning,Weekday
Bread,2016-11-24 09:43:20,Morning,Weekday
Medialuna,2016-11-24 09:43:20,Morning,Weekday
Medialuna,2016-11-24 09:53:52,Morning,Weekday
Medialuna,2016-11-24 09:53:52,Morning,Weekday
Pastry,2016-11-24 09:53:52,Morning,Weekday
Alfajores,2016-11-24 09:53:52,Morning,Weekday
Coffee,2016-11-24 09:55:27,Morning,Weekday
Coffee,2016-11-24 10:02:17,Morning,Weekday
Tea,2016-11-24 10:05:35,Morning,Weekday
Cake,2016-11-24 10:05:35,Morning,Weekday
Coffee,2016-11-24 10:06:47,Morning,Weekday
Bread,2016-11-24 10:06:47,Morning,Weekday
Coffee,2016-11-24 10:07:54,Morning,Weekday
Bread,2016-11-24 10:13:28,Morning,Weekday
Tea,2016-11-24 10:13:28,Morning,Weekday
Cake,2016-11-24 10:13:28,Morning,Weekday
Bread,2016-11-24 10:18:24,Morning,Weekday
Bread,2016-11-24 10:18:24,Morning,Weekday
Coffee,2016-11-24 10:18:24,Morning,Weekday
Coffee,2016-11-24 10:23:10,Morning,Weekday
Alfajores,2016-11-24 10:23:10,Morning,Weekday
Coffee,2016-11-24 10:25:34,Morning,Weekday
Bread,2016-11-24 10:45:39,Morning,Weekday
Cookies,2016-11-24 10:45:39,Morning,Weekday
Bread,2016-11-24 10:48:35,Morning,Weekday
Sandwich,2016-11-24 10:48:35,Morning,Weekday
Tea,2016-11-24 10:48:35,Morning,Weekday
Bread,2016-11-24 10:51:27,Morning,Weekday
Tea,2016-11-24 10:59:16,Morning,Weekday
Coffee,2016-11-24 10:59:16,Morning,Weekday
Cake,2016-11-24 10:59:16,Morning,Weekday
Bread,2016-11-24 11:03:46,Morning,Weekday
Hot chocolate,2016-11-24 11:05:57,Morning,Weekday
Brownie,2016-11-24 11:05:57,Morning,Weekday
Bread,2016-11-24 11:34:17,Morning,Weekday
Tea,2016-11-24 11:39:29,Morning,Weekday
Coffee,2016-11-24 11:39:29,Morning,Weekday
Coffee,2016-11-24 11:46:56,Morning,Weekday
Cake,2016-11-24 11:46:56,Morning,Weekday
The Nomad,2016-11-24 11:57:00,Morning,Weekday
Bread,2016-11-24 11:57:00,Morning,Weekday
Tea,2016-11-24 11:57:00,Morning,Weekday
Coffee,2016-11-24 12:05:18,Afternoon,Weekday
Smoothies,2016-11-24 12:05:18,Afternoon,Weekday
Bread,2016-11-24 12:18:32,Afternoon,Weekday
Bread,2016-11-24 12:20:13,Afternoon,Weekday
Coffee,2016-11-24 12:35:32,Afternoon,Weekday
Bread,2016-11-24 12:35:32,Afternoon,Weekday
Coffee,2016-11-24 12:54:14,Afternoon,Weekday
Cake,2016-11-24 12:54:14,Afternoon,Weekday
Fudge,2016-11-24 12:57:45,Afternoon,Weekday
Coffee,2016-11-24 12:57:45,Afternoon,Weekday
Coffee,2016-11-24 12:57:45,Afternoon,Weekday
Sandwich,2016-11-24 12:57:45,Afternoon,Weekday
Brownie,2016-11-24 13:12:59,Afternoon,Weekday
Bread,2016-11-24 13:23:10,Afternoon,Weekday
Sandwich,2016-11-24 13:23:10,Afternoon,Weekday
Coffee,2016-11-24 13:28:42,Afternoon,Weekday
Bread,2016-11-24 13:29:16,Afternoon,Weekday
Brownie,2016-11-24 13:29:16,Afternoon,Weekday
Sandwich,2016-11-24 13:31:38,Afternoon,Weekday
Coffee,2016-11-24 13:39:41,Afternoon,Weekday
Sandwich,2016-11-24 13:39:41,Afternoon,Weekday
Hearty & Seasonal,2016-11-24 13:39:41,Afternoon,Weekday
Coffee,2016-11-24 13:58:03,Afternoon,Weekday
Tea,2016-11-24 13:58:38,Afternoon,Weekday
Cake,2016-11-24 13:58:38,Afternoon,Weekday
Coffee,2016-11-24 14:18:49,Afternoon,Weekday
Bread,2016-11-24 14:18:49,Afternoon,Weekday
Coffee,2016-11-24 14:19:19,Afternoon,Weekday
Sandwich,2016-11-24 14:19:19,Afternoon,Weekday
Coffee,2016-11-24 14:32:19,Afternoon,Weekday
Cake,2016-11-24 14:35:19,Afternoon,Weekday
Coffee,2016-11-24 14:52:39,Afternoon,Weekday
Alfajores,2016-11-24 14:52:39,Afternoon,Weekday
Coffee,2016-11-24 14:53:44,Afternoon,Weekday
Cake,2016-11-24 14:53:44,Afternoon,Weekday
Tea,2016-11-24 14:58:05,Afternoon,Weekday
Tea,2016-11-24 14:58:05,Afternoon,Weekday
Bread,2016-11-24 15:17:33,Afternoon,Weekday
Tea,2016-11-24 15:30:26,Afternoon,Weekday
Cake,2016-11-24 15:30:26,Afternoon,Weekday
Brownie,2016-11-24 15:33:37,Afternoon,Weekday
Alfajores,2016-11-24 15:33:37,Afternoon,Weekday
Hack the stack,2016-11-24 16:00:48,Afternoon,Weekday
Art Tray,2016-11-24 16:00:48,Afternoon,Weekday
Coffee,2016-11-24 16:00:48,Afternoon,Weekday
Tea,2016-11-24 16:09:50,Afternoon,Weekday
Coffee,2016-11-24 16:32:12,Afternoon,Weekday
Cake,2016-11-24 16:32:12,Afternoon,Weekday
Coffee,2016-11-24 16:49:46,Afternoon,Weekday
Coke,2016-11-24 16:49:46,Afternoon,Weekday
Hack the stack,2016-11-24 17:02:59,Evening,Weekday
My-5 Fruit Shoot,2016-11-24 17:02:59,Evening,Weekday
Tea,2016-11-24 17:02:59,Evening,Weekday
Art Tray,2016-11-24 17:02:59,Evening,Weekday
Ella's Kitchen Pouches,2016-11-24 17:10:11,Evening,Weekday
Coffee,2016-11-25 08:08:12,Morning,Weekday
Medialuna,2016-11-25 08:08:12,Morning,Weekday
Coffee,2016-11-25 08:52:24,Morning,Weekday
Coffee,2016-11-25 09:04:23,Morning,Weekday
Coffee,2016-11-25 09:04:23,Morning,Weekday
Coffee,2016-11-25 09:09:28,Morning,Weekday
Bread,2016-11-25 09:09:28,Morning,Weekday
Coffee,2016-11-25 09:10:18,Morning,Weekday
Medialuna,2016-11-25 09:10:18,Morning,Weekday
Coffee,2016-11-25 09:21:29,Morning,Weekday
Coffee,2016-11-25 09:29:47,Morning,Weekday
Coffee,2016-11-25 09:31:45,Morning,Weekday
Pastry,2016-11-25 09:31:45,Morning,Weekday
Bread,2016-11-25 09:31:45,Morning,Weekday
Bread,2016-11-25 09:35:47,Morning,Weekday
Coffee,2016-11-25 09:35:47,Morning,Weekday
Bread,2016-11-25 09:36:46,Morning,Weekday
Keeping It Local,2016-11-25 09:44:09,Morning,Weekday
Coffee,2016-11-25 09:44:09,Morning,Weekday
Bread,2016-11-25 09:44:09,Morning,Weekday
Coffee,2016-11-25 09:50:38,Morning,Weekday
Coffee,2016-11-25 09:51:05,Morning,Weekday
Coffee,2016-11-25 09:51:05,Morning,Weekday
Keeping It Local,2016-11-25 09:55:08,Morning,Weekday
Tea,2016-11-25 09:55:08,Morning,Weekday
Brownie,2016-11-25 09:55:08,Morning,Weekday
Bread,2016-11-25 09:55:08,Morning,Weekday
Coffee,2016-11-25 09:57:38,Morning,Weekday
Pastry,2016-11-25 09:57:38,Morning,Weekday
Bread,2016-11-25 09:59:23,Morning,Weekday
Coffee,2016-11-25 10:05:26,Morning,Weekday
Cake,2016-11-25 10:05:26,Morning,Weekday
Coffee,2016-11-25 10:13:08,Morning,Weekday
Keeping It Local,2016-11-25 10:13:08,Morning,Weekday
Coffee,2016-11-25 10:15:13,Morning,Weekday
Bread,2016-11-25 10:28:53,Morning,Weekday
Medialuna,2016-11-25 10:28:53,Morning,Weekday
Bread,2016-11-25 10:38:18,Morning,Weekday
Focaccia,2016-11-25 10:38:18,Morning,Weekday
Medialuna,2016-11-25 10:41:02,Morning,Weekday
Coffee,2016-11-25 10:41:02,Morning,Weekday
Bread,2016-11-25 10:44:12,Morning,Weekday
Coffee,2016-11-25 10:49:29,Morning,Weekday
Coffee,2016-11-25 10:49:29,Morning,Weekday
Coffee,2016-11-25 10:59:16,Morning,Weekday
Bread,2016-11-25 11:00:56,Morning,Weekday
Farm House,2016-11-25 11:05:09,Morning,Weekday
Coffee,2016-11-25 11:06:20,Morning,Weekday
Pastry,2016-11-25 11:06:20,Morning,Weekday
Cookies,2016-11-25 11:39:21,Morning,Weekday
Juice,2016-11-25 11:39:21,Morning,Weekday
Tea,2016-11-25 11:39:21,Morning,Weekday
Alfajores,2016-11-25 11:39:21,Morning,Weekday
Coffee,2016-11-25 11:40:12,Morning,Weekday
Alfajores,2016-11-25 11:40:12,Morning,Weekday
Coffee,2016-11-25 11:48:09,Morning,Weekday
Sandwich,2016-11-25 11:48:09,Morning,Weekday
Coffee,2016-11-25 12:09:10,Afternoon,Weekday
Coffee,2016-11-25 12:10:32,Afternoon,Weekday
Coffee,2016-11-25 12:10:32,Afternoon,Weekday
Bread,2016-11-25 12:11:20,Afternoon,Weekday
Coffee,2016-11-25 12:12:04,Afternoon,Weekday
Bread,2016-11-25 12:12:04,Afternoon,Weekday
Coffee,2016-11-25 12:21:22,Afternoon,Weekday
Tea,2016-11-25 12:27:02,Afternoon,Weekday
Sandwich,2016-11-25 12:28:41,Afternoon,Weekday
Bread,2016-11-25 12:28:41,Afternoon,Weekday
Tea,2016-11-25 12:42:26,Afternoon,Weekday
Art Tray,2016-11-25 12:42:26,Afternoon,Weekday
Bread,2016-11-25 12:44:39,Afternoon,Weekday
Coffee,2016-11-25 12:52:56,Afternoon,Weekday
Cake,2016-11-25 12:52:56,Afternoon,Weekday
Mineral water,2016-11-25 12:55:03,Afternoon,Weekday
Coffee,2016-11-25 12:55:03,Afternoon,Weekday
Mineral water,2016-11-25 12:56:57,Afternoon,Weekday
Tartine,2016-11-25 12:58:15,Afternoon,Weekday
Coffee,2016-11-25 13:02:09,Afternoon,Weekday
Bread,2016-11-25 13:04:15,Afternoon,Weekday
Coffee,2016-11-25 13:04:15,Afternoon,Weekday
Bread,2016-11-25 13:07:26,Afternoon,Weekday
Hot chocolate,2016-11-25 13:12:29,Afternoon,Weekday
Bread,2016-11-25 13:12:29,Afternoon,Weekday
Sandwich,2016-11-25 13:12:29,Afternoon,Weekday
Juice,2016-11-25 13:38:40,Afternoon,Weekday
Bread,2016-11-25 13:40:22,Afternoon,Weekday
Mineral water,2016-11-25 13:57:31,Afternoon,Weekday
Sandwich,2016-11-25 14:13:06,Afternoon,Weekday
Bread,2016-11-25 14:13:06,Afternoon,Weekday
Jam,2016-11-25 14:13:06,Afternoon,Weekday
Coffee,2016-11-25 14:14:53,Afternoon,Weekday
Sandwich,2016-11-25 14:14:53,Afternoon,Weekday
Bread,2016-11-25 14:14:53,Afternoon,Weekday
Tea,2016-11-25 14:32:37,Afternoon,Weekday
Tea,2016-11-25 14:33:06,Afternoon,Weekday
Bread,2016-11-25 14:48:17,Afternoon,Weekday
Pastry,2016-11-25 14:48:17,Afternoon,Weekday
Coffee,2016-11-25 15:31:28,Afternoon,Weekday
Tea,2016-11-25 15:31:28,Afternoon,Weekday
Bread,2016-11-25 15:31:54,Afternoon,Weekday
Brownie,2016-11-25 15:31:54,Afternoon,Weekday
Alfajores,2016-11-25 15:53:37,Afternoon,Weekday
Alfajores,2016-11-25 15:53:37,Afternoon,Weekday
Bread,2016-11-25 15:53:37,Afternoon,Weekday
Coffee,2016-11-25 16:02:01,Afternoon,Weekday
Medialuna,2016-11-25 16:02:01,Afternoon,Weekday
Medialuna,2016-11-25 16:07:57,Afternoon,Weekday
Coffee,2016-11-25 16:16:15,Afternoon,Weekday
Bread,2016-11-25 16:16:15,Afternoon,Weekday
Pastry,2016-11-25 16:16:15,Afternoon,Weekday
Medialuna,2016-11-25 16:16:15,Afternoon,Weekday
Tea,2016-11-25 17:10:20,Evening,Weekday
Alfajores,2016-11-25 17:10:20,Evening,Weekday
Cake,2016-11-25 17:10:20,Evening,Weekday
Tea,2016-11-25 17:12:09,Evening,Weekday
Brownie,2016-11-25 17:12:09,Evening,Weekday
Alfajores,2016-11-25 17:12:09,Evening,Weekday
Pastry,2016-11-25 17:12:09,Evening,Weekday
Bread,2016-11-25 17:12:09,Evening,Weekday
Medialuna,2016-11-25 17:15:19,Evening,Weekday
Pastry,2016-11-25 17:15:19,Evening,Weekday
Brownie,2016-11-25 17:19:52,Evening,Weekday
Bread,2016-11-26 08:29:14,Morning,Weekend
Coffee,2016-11-26 08:47:27,Morning,Weekend
Bread,2016-11-26 08:50:14,Morning,Weekend
Coffee,2016-11-26 08:50:14,Morning,Weekend
Bread,2016-11-26 08:50:14,Morning,Weekend
Bread,2016-11-26 09:03:00,Morning,Weekend
Bread,2016-11-26 09:15:06,Morning,Weekend
Coffee,2016-11-26 09:15:06,Morning,Weekend
Medialuna,2016-11-26 09:15:06,Morning,Weekend
Bread,2016-11-26 09:27:29,Morning,Weekend
Bread,2016-11-26 09:28:40,Morning,Weekend
Pastry,2016-11-26 09:32:45,Morning,Weekend
Bread,2016-11-26 09:52:43,Morning,Weekend
Farm House,2016-11-26 09:55:05,Morning,Weekend
Medialuna,2016-11-26 09:57:45,Morning,Weekend
Scandinavian,2016-11-26 09:57:45,Morning,Weekend
Coffee,2016-11-26 09:57:45,Morning,Weekend
Coffee,2016-11-26 10:05:00,Morning,Weekend
Coffee,2016-11-26 10:08:42,Morning,Weekend
Bread,2016-11-26 10:18:21,Morning,Weekend
Medialuna,2016-11-26 10:18:21,Morning,Weekend
Cake,2016-11-26 10:20:35,Morning,Weekend
Muffin,2016-11-26 10:22:02,Morning,Weekend
Coffee,2016-11-26 10:22:02,Morning,Weekend
Bread,2016-11-26 10:23:47,Morning,Weekend
Scandinavian,2016-11-26 10:24:26,Morning,Weekend
Muffin,2016-11-26 10:27:41,Morning,Weekend
Scandinavian,2016-11-26 10:30:16,Morning,Weekend
Coffee,2016-11-26 10:31:30,Morning,Weekend
Bread,2016-11-26 10:32:22,Morning,Weekend
Bread,2016-11-26 10:33:34,Morning,Weekend
Coffee,2016-11-26 10:35:00,Morning,Weekend
Medialuna,2016-11-26 10:35:00,Morning,Weekend
Bread,2016-11-26 10:36:58,Morning,Weekend
Medialuna,2016-11-26 10:40:28,Morning,Weekend
Bread,2016-11-26 10:40:28,Morning,Weekend
Tea,2016-11-26 10:40:28,Morning,Weekend
Coffee,2016-11-26 10:40:28,Morning,Weekend
Bread,2016-11-26 10:42:19,Morning,Weekend
Cake,2016-11-26 10:47:12,Morning,Weekend
Muffin,2016-11-26 10:47:12,Morning,Weekend
Muffin,2016-11-26 10:47:12,Morning,Weekend
Jam,2016-11-26 10:47:12,Morning,Weekend
Bread,2016-11-26 10:48:06,Morning,Weekend
Pastry,2016-11-26 10:48:06,Morning,Weekend
Coffee,2016-11-26 10:51:19,Morning,Weekend
Coffee,2016-11-26 10:56:41,Morning,Weekend
Scandinavian,2016-11-26 10:57:04,Morning,Weekend
Scandinavian,2016-11-26 10:59:13,Morning,Weekend
Pastry,2016-11-26 11:01:12,Morning,Weekend
Medialuna,2016-11-26 11:01:12,Morning,Weekend
Coffee,2016-11-26 11:01:12,Morning,Weekend
Medialuna,2016-11-26 11:02:59,Morning,Weekend
Pastry,2016-11-26 11:02:59,Morning,Weekend
Bread,2016-11-26 11:02:59,Morning,Weekend
Coffee,2016-11-26 11:02:59,Morning,Weekend
Medialuna,2016-11-26 11:06:13,Morning,Weekend
Bread,2016-11-26 11:06:13,Morning,Weekend
Coffee,2016-11-26 11:15:37,Morning,Weekend
Tea,2016-11-26 11:15:37,Morning,Weekend
Pastry,2016-11-26 11:15:37,Morning,Weekend
Coffee,2016-11-26 11:17:16,Morning,Weekend
Juice,2016-11-26 11:27:56,Morning,Weekend
Coffee,2016-11-26 11:34:49,Morning,Weekend
Coffee,2016-11-26 11:34:49,Morning,Weekend
Muffin,2016-11-26 11:39:49,Morning,Weekend
Cake,2016-11-26 11:39:49,Morning,Weekend
Pastry,2016-11-26 11:39:49,Morning,Weekend
Tea,2016-11-26 11:39:49,Morning,Weekend
Coffee,2016-11-26 11:39:49,Morning,Weekend
Coffee,2016-11-26 11:39:49,Morning,Weekend
Hot chocolate,2016-11-26 11:40:55,Morning,Weekend
Muffin,2016-11-26 11:47:21,Morning,Weekend
Tartine,2016-11-26 11:53:54,Morning,Weekend
Juice,2016-11-26 11:53:54,Morning,Weekend
Bread,2016-11-26 11:53:54,Morning,Weekend
Coffee,2016-11-26 11:53:54,Morning,Weekend
Coffee,2016-11-26 11:55:23,Morning,Weekend
Fudge,2016-11-26 11:55:23,Morning,Weekend
Coffee,2016-11-26 12:00:24,Afternoon,Weekend
Bread,2016-11-26 12:00:24,Afternoon,Weekend
Bread,2016-11-26 12:13:05,Afternoon,Weekend
Coffee,2016-11-26 12:16:32,Afternoon,Weekend
Tea,2016-11-26 12:16:32,Afternoon,Weekend
Coffee,2016-11-26 12:18:07,Afternoon,Weekend
Sandwich,2016-11-26 12:18:07,Afternoon,Weekend
Coffee,2016-11-26 12:30:57,Afternoon,Weekend
Coke,2016-11-26 12:30:57,Afternoon,Weekend
Sandwich,2016-11-26 12:30:57,Afternoon,Weekend
Scandinavian,2016-11-26 12:33:01,Afternoon,Weekend
Tea,2016-11-26 12:33:23,Afternoon,Weekend
Muffin,2016-11-26 12:33:23,Afternoon,Weekend
Bread,2016-11-26 12:35:13,Afternoon,Weekend
Scandinavian,2016-11-26 12:35:13,Afternoon,Weekend
Coffee,2016-11-26 12:58:29,Afternoon,Weekend
Coffee,2016-11-26 12:58:29,Afternoon,Weekend
Coffee,2016-11-26 13:11:47,Afternoon,Weekend
The Nomad,2016-11-26 13:11:47,Afternoon,Weekend
Tartine,2016-11-26 13:11:47,Afternoon,Weekend
Coffee,2016-11-26 13:12:49,Afternoon,Weekend
Coffee,2016-11-26 13:12:49,Afternoon,Weekend
Sandwich,2016-11-26 13:12:49,Afternoon,Weekend
Coffee,2016-11-26 13:13:51,Afternoon,Weekend
Alfajores,2016-11-26 13:13:51,Afternoon,Weekend
Coffee,2016-11-26 13:17:01,Afternoon,Weekend
Tea,2016-11-26 13:17:01,Afternoon,Weekend
Scandinavian,2016-11-26 13:20:06,Afternoon,Weekend
Bread,2016-11-26 13:21:09,Afternoon,Weekend
Mineral water,2016-11-26 13:23:01,Afternoon,Weekend
Alfajores,2016-11-26 13:29:41,Afternoon,Weekend
Muffin,2016-11-26 13:29:41,Afternoon,Weekend
Cake,2016-11-26 13:29:41,Afternoon,Weekend
Tea,2016-11-26 13:32:00,Afternoon,Weekend
Bread,2016-11-26 13:33:30,Afternoon,Weekend
Bread,2016-11-26 13:41:15,Afternoon,Weekend
Scandinavian,2016-11-26 13:45:25,Afternoon,Weekend
Coffee,2016-11-26 13:57:23,Afternoon,Weekend
Bread,2016-11-26 13:57:23,Afternoon,Weekend
Sandwich,2016-11-26 13:57:23,Afternoon,Weekend
Hot chocolate,2016-11-26 14:09:08,Afternoon,Weekend
Tea,2016-11-26 14:09:08,Afternoon,Weekend
Muffin,2016-11-26 14:13:58,Afternoon,Weekend
Sandwich,2016-11-26 14:14:31,Afternoon,Weekend
Coffee,2016-11-26 14:14:31,Afternoon,Weekend
Bread,2016-11-26 14:22:18,Afternoon,Weekend
Muffin,2016-11-26 14:25:35,Afternoon,Weekend
Coffee,2016-11-26 14:25:35,Afternoon,Weekend
Coffee,2016-11-26 14:27:39,Afternoon,Weekend
Coffee,2016-11-26 14:27:39,Afternoon,Weekend
Pastry,2016-11-26 14:27:39,Afternoon,Weekend
Cake,2016-11-26 14:27:39,Afternoon,Weekend
Tea,2016-11-26 14:29:48,Afternoon,Weekend
Hot chocolate,2016-11-26 14:29:48,Afternoon,Weekend
Cookies,2016-11-26 14:29:48,Afternoon,Weekend
Cake,2016-11-26 14:29:48,Afternoon,Weekend
Cake,2016-11-26 14:38:24,Afternoon,Weekend
Sandwich,2016-11-26 14:47:30,Afternoon,Weekend
Bread,2016-11-26 14:47:30,Afternoon,Weekend
Bakewell,2016-11-26 14:54:40,Afternoon,Weekend
Coffee,2016-11-26 14:54:40,Afternoon,Weekend
Alfajores,2016-11-26 14:56:01,Afternoon,Weekend
Bread,2016-11-26 14:56:01,Afternoon,Weekend
Tea,2016-11-26 14:56:01,Afternoon,Weekend
Sandwich,2016-11-26 15:31:47,Afternoon,Weekend
Medialuna,2016-11-26 15:31:47,Afternoon,Weekend
Tea,2016-11-26 15:31:47,Afternoon,Weekend
Coffee,2016-11-26 15:31:47,Afternoon,Weekend
Bread,2016-11-26 15:34:36,Afternoon,Weekend
Tea,2016-11-26 15:34:36,Afternoon,Weekend
Alfajores,2016-11-26 15:34:36,Afternoon,Weekend
Medialuna,2016-11-26 15:34:36,Afternoon,Weekend
Bread,2016-11-26 15:44:34,Afternoon,Weekend
Muffin,2016-11-26 15:44:34,Afternoon,Weekend
Coffee,2016-11-26 15:44:34,Afternoon,Weekend
Hot chocolate,2016-11-26 15:46:40,Afternoon,Weekend
Bread,2016-11-26 15:46:40,Afternoon,Weekend
Muffin,2016-11-26 15:46:40,Afternoon,Weekend
Coffee,2016-11-26 15:46:40,Afternoon,Weekend
Pastry,2016-11-26 15:46:40,Afternoon,Weekend
Tea,2016-11-26 16:07:29,Afternoon,Weekend
Alfajores,2016-11-26 16:07:29,Afternoon,Weekend
Bakewell,2016-11-26 16:08:28,Afternoon,Weekend
Cake,2016-11-26 16:08:28,Afternoon,Weekend
Focaccia,2016-11-26 16:19:19,Afternoon,Weekend
Tea,2016-11-26 16:34:53,Afternoon,Weekend
Pastry,2016-11-26 16:34:53,Afternoon,Weekend
Bakewell,2016-11-26 16:34:53,Afternoon,Weekend
Alfajores,2016-11-26 16:47:49,Afternoon,Weekend
Alfajores,2016-11-26 16:47:49,Afternoon,Weekend
Coffee,2016-11-26 16:47:49,Afternoon,Weekend
Coffee,2016-11-26 16:47:49,Afternoon,Weekend
Coffee,2016-11-26 16:47:49,Afternoon,Weekend
Coffee,2016-11-26 16:50:05,Afternoon,Weekend
Alfajores,2016-11-26 16:50:05,Afternoon,Weekend
Coffee,2016-11-27 09:28:07,Morning,Weekend
The Nomad,2016-11-27 09:28:07,Morning,Weekend
Bread,2016-11-27 09:28:07,Morning,Weekend
Coffee,2016-11-27 09:54:36,Morning,Weekend
Coffee,2016-11-27 09:58:21,Morning,Weekend
Jammie Dodgers,2016-11-27 09:58:21,Morning,Weekend
Juice,2016-11-27 09:58:21,Morning,Weekend
Medialuna,2016-11-27 09:59:57,Morning,Weekend
Coffee,2016-11-27 10:03:29,Morning,Weekend
Tea,2016-11-27 10:03:29,Morning,Weekend
Juice,2016-11-27 10:03:29,Morning,Weekend
Smoothies,2016-11-27 10:03:29,Morning,Weekend
Jammie Dodgers,2016-11-27 10:03:29,Morning,Weekend
Muffin,2016-11-27 10:03:29,Morning,Weekend
Juice,2016-11-27 10:03:29,Morning,Weekend
Bakewell,2016-11-27 10:03:29,Morning,Weekend
Cake,2016-11-27 10:05:06,Morning,Weekend
Pastry,2016-11-27 10:05:06,Morning,Weekend
Coffee,2016-11-27 10:08:03,Morning,Weekend
Brownie,2016-11-27 10:08:03,Morning,Weekend
Juice,2016-11-27 10:10:53,Morning,Weekend
Jammie Dodgers,2016-11-27 10:10:53,Morning,Weekend
Coffee,2016-11-27 10:23:03,Morning,Weekend
Coffee,2016-11-27 10:27:40,Morning,Weekend
Bakewell,2016-11-27 10:27:40,Morning,Weekend
Bread,2016-11-27 10:34:24,Morning,Weekend
Tea,2016-11-27 10:34:24,Morning,Weekend
Pastry,2016-11-27 10:34:24,Morning,Weekend
Bread,2016-11-27 10:48:12,Morning,Weekend
Coffee,2016-11-27 10:48:12,Morning,Weekend
Bread,2016-11-27 10:48:12,Morning,Weekend
Hot chocolate,2016-11-27 10:48:12,Morning,Weekend
Pastry,2016-11-27 10:51:20,Morning,Weekend
Coffee,2016-11-27 10:51:20,Morning,Weekend
Hot chocolate,2016-11-27 10:51:20,Morning,Weekend
Bread,2016-11-27 10:53:06,Morning,Weekend
Bread,2016-11-27 10:53:06,Morning,Weekend
Coffee,2016-11-27 10:53:06,Morning,Weekend
Alfajores,2016-11-27 10:55:20,Morning,Weekend
Pastry,2016-11-27 10:55:20,Morning,Weekend
Bread,2016-11-27 10:59:57,Morning,Weekend
Coffee,2016-11-27 11:02:01,Morning,Weekend
Hot chocolate,2016-11-27 11:02:01,Morning,Weekend
Muffin,2016-11-27 11:02:01,Morning,Weekend
Bread,2016-11-27 11:08:29,Morning,Weekend
Coffee,2016-11-27 11:08:29,Morning,Weekend
Coffee,2016-11-27 11:08:29,Morning,Weekend
Smoothies,2016-11-27 11:08:29,Morning,Weekend
Pastry,2016-11-27 11:08:29,Morning,Weekend
Brownie,2016-11-27 11:14:35,Morning,Weekend
Hot chocolate,2016-11-27 11:14:35,Morning,Weekend
Coffee,2016-11-27 11:14:35,Morning,Weekend
Tartine,2016-11-27 11:17:13,Morning,Weekend
Hearty & Seasonal,2016-11-27 11:17:13,Morning,Weekend
Fudge,2016-11-27 11:17:32,Morning,Weekend
Bread,2016-11-27 11:18:45,Morning,Weekend
Coffee,2016-11-27 11:20:08,Morning,Weekend
Coffee,2016-11-27 11:21:34,Morning,Weekend
Keeping It Local,2016-11-27 11:21:34,Morning,Weekend
Coffee,2016-11-27 11:23:45,Morning,Weekend
Tea,2016-11-27 11:23:45,Morning,Weekend
Medialuna,2016-11-27 11:23:45,Morning,Weekend
Medialuna,2016-11-27 11:25:50,Morning,Weekend
Jammie Dodgers,2016-11-27 11:25:50,Morning,Weekend
Tea,2016-11-27 11:25:50,Morning,Weekend
Hot chocolate,2016-11-27 11:25:50,Morning,Weekend
Muffin,2016-11-27 11:25:50,Morning,Weekend
Coffee,2016-11-27 11:27:36,Morning,Weekend
Coffee,2016-11-27 11:28:58,Morning,Weekend
Keeping It Local,2016-11-27 11:28:58,Morning,Weekend
Coffee,2016-11-27 11:30:29,Morning,Weekend
Medialuna,2016-11-27 11:30:29,Morning,Weekend
Coffee,2016-11-27 11:30:29,Morning,Weekend
Bread,2016-11-27 11:32:05,Morning,Weekend
Hot chocolate,2016-11-27 11:32:05,Morning,Weekend
Medialuna,2016-11-27 11:32:05,Morning,Weekend
Bread,2016-11-27 11:36:20,Morning,Weekend
Bread,2016-11-27 11:42:42,Morning,Weekend
Muffin,2016-11-27 11:49:49,Morning,Weekend
Muffin,2016-11-27 11:49:49,Morning,Weekend
Brownie,2016-11-27 11:49:49,Morning,Weekend
Alfajores,2016-11-27 11:49:49,Morning,Weekend
Hot chocolate,2016-11-27 11:49:49,Morning,Weekend
Coffee,2016-11-27 11:49:49,Morning,Weekend
Coffee,2016-11-27 11:49:49,Morning,Weekend
Pastry,2016-11-27 11:55:11,Morning,Weekend
Brownie,2016-11-27 11:59:45,Morning,Weekend
Coffee,2016-11-27 11:59:45,Morning,Weekend
Jammie Dodgers,2016-11-27 12:15:10,Afternoon,Weekend
Coffee,2016-11-27 12:16:44,Afternoon,Weekend
Hearty & Seasonal,2016-11-27 12:16:44,Afternoon,Weekend
Art Tray,2016-11-27 12:21:01,Afternoon,Weekend
Hearty & Seasonal,2016-11-27 12:21:01,Afternoon,Weekend
Hearty & Seasonal,2016-11-27 12:21:01,Afternoon,Weekend
Tea,2016-11-27 12:21:01,Afternoon,Weekend
Coffee,2016-11-27 12:21:01,Afternoon,Weekend
Coffee,2016-11-27 12:30:35,Afternoon,Weekend
Coffee,2016-11-27 12:30:35,Afternoon,Weekend
Coffee,2016-11-27 12:30:35,Afternoon,Weekend
Alfajores,2016-11-27 12:30:35,Afternoon,Weekend
Brownie,2016-11-27 12:30:35,Afternoon,Weekend
Coffee,2016-11-27 12:35:12,Afternoon,Weekend
Coffee,2016-11-27 12:35:12,Afternoon,Weekend
Medialuna,2016-11-27 12:35:12,Afternoon,Weekend
Hearty & Seasonal,2016-11-27 12:35:12,Afternoon,Weekend
Coffee,2016-11-27 12:45:08,Afternoon,Weekend
Bread,2016-11-27 12:45:08,Afternoon,Weekend
Farm House,2016-11-27 12:45:08,Afternoon,Weekend
Farm House,2016-11-27 12:52:30,Afternoon,Weekend
Coffee,2016-11-27 12:56:13,Afternoon,Weekend
Tea,2016-11-27 12:56:13,Afternoon,Weekend
Cake,2016-11-27 12:56:13,Afternoon,Weekend
Hearty & Seasonal,2016-11-27 12:58:50,Afternoon,Weekend
Tea,2016-11-27 12:58:50,Afternoon,Weekend
Hot chocolate,2016-11-27 13:15:14,Afternoon,Weekend
Coffee,2016-11-27 13:15:14,Afternoon,Weekend
Coffee,2016-11-27 13:15:14,Afternoon,Weekend
Bakewell,2016-11-27 13:16:59,Afternoon,Weekend
Cake,2016-11-27 13:16:59,Afternoon,Weekend
Coffee,2016-11-27 13:38:04,Afternoon,Weekend
Hearty & Seasonal,2016-11-27 13:38:04,Afternoon,Weekend
Coffee,2016-11-27 13:44:51,Afternoon,Weekend
Muffin,2016-11-27 13:44:51,Afternoon,Weekend
Cake,2016-11-27 13:46:49,Afternoon,Weekend
Brownie,2016-11-27 13:46:49,Afternoon,Weekend
Coffee,2016-11-27 14:00:18,Afternoon,Weekend
Coffee,2016-11-27 14:00:18,Afternoon,Weekend
Sandwich,2016-11-27 14:00:18,Afternoon,Weekend
Bakewell,2016-11-27 14:00:18,Afternoon,Weekend
Cookies,2016-11-27 14:00:18,Afternoon,Weekend
Art Tray,2016-11-27 14:00:18,Afternoon,Weekend
Bakewell,2016-11-27 14:00:58,Afternoon,Weekend
Coffee,2016-11-27 14:32:49,Afternoon,Weekend
Coffee,2016-11-27 14:42:53,Afternoon,Weekend
Coffee,2016-11-27 14:42:53,Afternoon,Weekend
Medialuna,2016-11-27 14:42:53,Afternoon,Weekend
Cookies,2016-11-27 14:42:53,Afternoon,Weekend
Alfajores,2016-11-27 14:45:24,Afternoon,Weekend
Cake,2016-11-27 14:45:24,Afternoon,Weekend
Coffee,2016-11-27 14:45:24,Afternoon,Weekend
Coffee,2016-11-27 14:45:24,Afternoon,Weekend
Fudge,2016-11-27 14:46:51,Afternoon,Weekend
Mineral water,2016-11-27 15:37:58,Afternoon,Weekend
Brownie,2016-11-27 15:43:01,Afternoon,Weekend
Bakewell,2016-11-27 15:43:01,Afternoon,Weekend
Bread,2016-11-27 15:43:01,Afternoon,Weekend
Coffee,2016-11-27 15:43:01,Afternoon,Weekend
Coffee,2016-11-27 15:51:15,Afternoon,Weekend
Tea,2016-11-27 15:51:15,Afternoon,Weekend
Coffee,2016-11-27 16:12:22,Afternoon,Weekend
Coffee,2016-11-28 07:44:17,Morning,Weekday
Bread,2016-11-28 07:44:17,Morning,Weekday
Pastry,2016-11-28 07:49:40,Morning,Weekday
Bread,2016-11-28 08:14:50,Morning,Weekday
Medialuna,2016-11-28 08:38:56,Morning,Weekday
Coffee,2016-11-28 08:38:56,Morning,Weekday
Coffee,2016-11-28 09:01:37,Morning,Weekday
Ella's Kitchen Pouches,2016-11-28 09:14:26,Morning,Weekday
Coffee,2016-11-28 09:14:26,Morning,Weekday
Coffee,2016-11-28 09:45:33,Morning,Weekday
Pastry,2016-11-28 09:45:33,Morning,Weekday
Coffee,2016-11-28 09:52:24,Morning,Weekday
Coffee,2016-11-28 10:12:36,Morning,Weekday
Tartine,2016-11-28 10:12:36,Morning,Weekday
Bread,2016-11-28 10:20:40,Morning,Weekday
Coffee,2016-11-28 10:35:08,Morning,Weekday
Tea,2016-11-28 10:48:46,Morning,Weekday
Coffee,2016-11-28 10:48:46,Morning,Weekday
Coffee,2016-11-28 10:51:54,Morning,Weekday
Coffee,2016-11-28 10:51:54,Morning,Weekday
Medialuna,2016-11-28 10:51:54,Morning,Weekday
Pastry,2016-11-28 10:51:54,Morning,Weekday
Pastry,2016-11-28 11:10:12,Morning,Weekday
Coffee,2016-11-28 11:10:12,Morning,Weekday
Coffee,2016-11-28 11:11:09,Morning,Weekday
Medialuna,2016-11-28 11:11:09,Morning,Weekday
Tea,2016-11-28 11:30:39,Morning,Weekday
Coffee,2016-11-28 11:30:39,Morning,Weekday
Keeping It Local,2016-11-28 11:30:39,Morning,Weekday
Pastry,2016-11-28 11:46:52,Morning,Weekday
Bread,2016-11-28 11:46:52,Morning,Weekday
Cookies,2016-11-28 11:46:52,Morning,Weekday
Coffee,2016-11-28 11:46:52,Morning,Weekday
Bread,2016-11-28 11:46:52,Morning,Weekday
Jam,2016-11-28 12:05:00,Afternoon,Weekday
Sandwich,2016-11-28 12:05:00,Afternoon,Weekday
Bread,2016-11-28 12:05:00,Afternoon,Weekday
Smoothies,2016-11-28 12:05:00,Afternoon,Weekday
Bread,2016-11-28 12:06:37,Afternoon,Weekday
Cookies,2016-11-28 12:06:37,Afternoon,Weekday
Bread,2016-11-28 12:26:23,Afternoon,Weekday
Cookies,2016-11-28 12:56:40,Afternoon,Weekday
Coffee,2016-11-28 12:56:40,Afternoon,Weekday
Coffee,2016-11-28 12:56:40,Afternoon,Weekday
Sandwich,2016-11-28 13:10:23,Afternoon,Weekday
Hot chocolate,2016-11-28 13:27:44,Afternoon,Weekday
Bread,2016-11-28 13:31:05,Afternoon,Weekday
Coffee,2016-11-28 13:31:05,Afternoon,Weekday
Bakewell,2016-11-28 13:31:05,Afternoon,Weekday
Lemon and coconut,2016-11-28 13:31:05,Afternoon,Weekday
Coffee,2016-11-28 13:38:06,Afternoon,Weekday
Coffee,2016-11-28 13:58:40,Afternoon,Weekday
Coffee,2016-11-28 13:58:40,Afternoon,Weekday
Lemon and coconut,2016-11-28 13:58:40,Afternoon,Weekday
Sandwich,2016-11-28 13:58:40,Afternoon,Weekday
Tea,2016-11-28 14:05:23,Afternoon,Weekday
Bread,2016-11-28 14:09:14,Afternoon,Weekday
Coffee,2016-11-28 14:09:14,Afternoon,Weekday
Bread,2016-11-28 14:48:33,Afternoon,Weekday
Bread,2016-11-28 15:08:12,Afternoon,Weekday
Coffee,2016-11-28 15:12:14,Afternoon,Weekday
Coffee,2016-11-28 15:24:13,Afternoon,Weekday
Hot chocolate,2016-11-28 15:24:13,Afternoon,Weekday
Pastry,2016-11-28 15:24:13,Afternoon,Weekday
Cake,2016-11-28 15:24:13,Afternoon,Weekday
Bread,2016-11-28 15:27:36,Afternoon,Weekday
Bread,2016-11-28 15:28:16,Afternoon,Weekday
Bread,2016-11-28 15:58:23,Afternoon,Weekday
Coffee,2016-11-28 16:03:39,Afternoon,Weekday
Coffee,2016-11-28 16:03:39,Afternoon,Weekday
Bread,2016-11-28 16:14:13,Afternoon,Weekday
Tea,2016-11-28 16:14:13,Afternoon,Weekday
Lemon and coconut,2016-11-28 16:14:13,Afternoon,Weekday
Cake,2016-11-28 16:14:13,Afternoon,Weekday
Pastry,2016-11-28 16:19:01,Afternoon,Weekday
Medialuna,2016-11-28 16:19:01,Afternoon,Weekday
Coffee,2016-11-28 16:19:01,Afternoon,Weekday
Tea,2016-11-28 16:19:01,Afternoon,Weekday
Bread,2016-11-28 16:25:25,Afternoon,Weekday
Tea,2016-11-28 16:45:21,Afternoon,Weekday
Coffee,2016-11-28 16:45:21,Afternoon,Weekday
Tiffin,2016-11-28 16:45:21,Afternoon,Weekday
Cookies,2016-11-28 16:45:21,Afternoon,Weekday
Ella's Kitchen Pouches,2016-11-28 16:45:21,Afternoon,Weekday
Coffee,2016-11-28 17:17:58,Evening,Weekday
Pastry,2016-11-29 08:27:36,Morning,Weekday
Pastry,2016-11-29 08:27:36,Morning,Weekday
Pastry,2016-11-29 08:58:47,Morning,Weekday
Bread,2016-11-29 08:58:47,Morning,Weekday
Coffee,2016-11-29 08:58:47,Morning,Weekday
Tea,2016-11-29 09:09:09,Morning,Weekday
Keeping It Local,2016-11-29 09:09:09,Morning,Weekday
Coffee,2016-11-29 09:09:34,Morning,Weekday
Coffee,2016-11-29 09:10:16,Morning,Weekday
Medialuna,2016-11-29 09:10:16,Morning,Weekday
Bread,2016-11-29 09:11:54,Morning,Weekday
Keeping It Local,2016-11-29 09:13:47,Morning,Weekday
Coffee,2016-11-29 09:13:47,Morning,Weekday
Coffee,2016-11-29 09:13:47,Morning,Weekday
Hot chocolate,2016-11-29 09:19:18,Morning,Weekday
Pastry,2016-11-29 09:19:18,Morning,Weekday
Bread,2016-11-29 09:25:35,Morning,Weekday
Coffee,2016-11-29 09:39:58,Morning,Weekday
Tea,2016-11-29 09:39:58,Morning,Weekday
Bread,2016-11-29 09:41:47,Morning,Weekday
Coke,2016-11-29 09:42:10,Morning,Weekday
Bread,2016-11-29 10:18:47,Morning,Weekday
Bread,2016-11-29 10:19:35,Morning,Weekday
Bread,2016-11-29 10:19:35,Morning,Weekday
Coffee,2016-11-29 10:42:41,Morning,Weekday
Coffee,2016-11-29 10:42:41,Morning,Weekday
Medialuna,2016-11-29 10:42:41,Morning,Weekday
Pastry,2016-11-29 10:42:41,Morning,Weekday
Muffin,2016-11-29 10:43:41,Morning,Weekday
Coffee,2016-11-29 10:43:41,Morning,Weekday
Coffee,2016-11-29 10:45:02,Morning,Weekday
Muffin,2016-11-29 10:45:02,Morning,Weekday
Coffee,2016-11-29 10:48:08,Morning,Weekday
Bread,2016-11-29 10:48:08,Morning,Weekday
Farm House,2016-11-29 10:50:36,Morning,Weekday
Muffin,2016-11-29 10:53:21,Morning,Weekday
Coffee,2016-11-29 10:53:21,Morning,Weekday
Bread,2016-11-29 10:59:58,Morning,Weekday
Coffee,2016-11-29 10:59:58,Morning,Weekday
Bread,2016-11-29 10:59:58,Morning,Weekday
Coffee,2016-11-29 11:02:41,Morning,Weekday
Coffee,2016-11-29 11:03:17,Morning,Weekday
Scandinavian,2016-11-29 11:26:28,Morning,Weekday
Farm House,2016-11-29 11:26:28,Morning,Weekday
Coffee,2016-11-29 11:26:39,Morning,Weekday
Tea,2016-11-29 11:29:57,Morning,Weekday
Coffee,2016-11-29 11:34:50,Morning,Weekday
Muffin,2016-11-29 11:34:50,Morning,Weekday
Bread,2016-11-29 11:39:26,Morning,Weekday
Bread,2016-11-29 11:41:02,Morning,Weekday
Scandinavian,2016-11-29 11:41:02,Morning,Weekday
Tea,2016-11-29 11:52:57,Morning,Weekday
Medialuna,2016-11-29 12:00:52,Afternoon,Weekday
Coffee,2016-11-29 12:00:52,Afternoon,Weekday
Tea,2016-11-29 12:21:00,Afternoon,Weekday
Tea,2016-11-29 12:22:06,Afternoon,Weekday
Sandwich,2016-11-29 12:22:06,Afternoon,Weekday
Coffee,2016-11-29 12:25:41,Afternoon,Weekday
Cake,2016-11-29 12:25:41,Afternoon,Weekday
Coffee,2016-11-29 12:27:35,Afternoon,Weekday
Cake,2016-11-29 12:27:35,Afternoon,Weekday
Muffin,2016-11-29 12:27:35,Afternoon,Weekday
Cookies,2016-11-29 12:29:02,Afternoon,Weekday
Tea,2016-11-29 12:41:17,Afternoon,Weekday
Sandwich,2016-11-29 13:00:08,Afternoon,Weekday
Farm House,2016-11-29 13:06:24,Afternoon,Weekday
Cake,2016-11-29 13:39:51,Afternoon,Weekday
Sandwich,2016-11-29 13:39:51,Afternoon,Weekday
Coffee,2016-11-29 13:50:46,Afternoon,Weekday
Hot chocolate,2016-11-29 13:50:46,Afternoon,Weekday
Cake,2016-11-29 13:50:46,Afternoon,Weekday
Bread,2016-11-29 13:50:46,Afternoon,Weekday
Tea,2016-11-29 14:00:01,Afternoon,Weekday
Tea,2016-11-29 14:00:01,Afternoon,Weekday
Muffin,2016-11-29 14:00:01,Afternoon,Weekday
Coffee,2016-11-29 15:13:20,Afternoon,Weekday
Tea,2016-11-29 15:13:20,Afternoon,Weekday
Bread,2016-11-29 15:13:20,Afternoon,Weekday
Fudge,2016-11-29 15:13:20,Afternoon,Weekday
Jam,2016-11-29 15:13:20,Afternoon,Weekday
Juice,2016-11-29 15:33:44,Afternoon,Weekday
Tea,2016-11-29 15:33:44,Afternoon,Weekday
Cookies,2016-11-29 15:33:44,Afternoon,Weekday
Coffee,2016-11-29 15:34:56,Afternoon,Weekday
Bread,2016-11-29 15:34:56,Afternoon,Weekday
Cake,2016-11-29 15:34:56,Afternoon,Weekday
Coke,2016-11-29 15:44:47,Afternoon,Weekday
Tiffin,2016-11-29 15:45:32,Afternoon,Weekday
Pastry,2016-11-29 15:45:32,Afternoon,Weekday
Alfajores,2016-11-29 15:49:48,Afternoon,Weekday
Tiffin,2016-11-29 16:02:02,Afternoon,Weekday
Coffee,2016-11-29 16:02:02,Afternoon,Weekday
Bread,2016-11-29 17:24:19,Evening,Weekday
Bread,2016-11-30 08:09:52,Morning,Weekday
Medialuna,2016-11-30 08:29:43,Morning,Weekday
Bread,2016-11-30 08:29:43,Morning,Weekday
Cake,2016-11-30 08:36:31,Morning,Weekday
Bread,2016-11-30 08:36:31,Morning,Weekday
Bread,2016-11-30 08:36:41,Morning,Weekday
Farm House,2016-11-30 09:47:55,Morning,Weekday
Medialuna,2016-11-30 10:19:12,Morning,Weekday
Pastry,2016-11-30 10:19:12,Morning,Weekday
Keeping It Local,2016-11-30 10:41:06,Morning,Weekday
Cookies,2016-11-30 10:41:06,Morning,Weekday
Coffee,2016-11-30 10:41:06,Morning,Weekday
Coffee,2016-11-30 10:47:39,Morning,Weekday
Coffee,2016-11-30 10:47:39,Morning,Weekday
Coffee,2016-11-30 10:53:59,Morning,Weekday
Tea,2016-11-30 10:53:59,Morning,Weekday
Hot chocolate,2016-11-30 10:53:59,Morning,Weekday
Smoothies,2016-11-30 11:04:30,Morning,Weekday
Coffee,2016-11-30 11:05:21,Morning,Weekday
Keeping It Local,2016-11-30 11:05:21,Morning,Weekday
Coffee,2016-11-30 11:06:28,Morning,Weekday
Farm House,2016-11-30 11:06:54,Morning,Weekday
Tea,2016-11-30 11:09:16,Morning,Weekday
Tea,2016-11-30 11:09:16,Morning,Weekday
Bread,2016-11-30 11:14:46,Morning,Weekday
Medialuna,2016-11-30 11:14:46,Morning,Weekday
Pastry,2016-11-30 11:17:05,Morning,Weekday
Bread,2016-11-30 11:17:05,Morning,Weekday
Coffee,2016-11-30 11:18:23,Morning,Weekday
Pastry,2016-11-30 11:18:23,Morning,Weekday
Coffee,2016-11-30 11:21:28,Morning,Weekday
Keeping It Local,2016-11-30 11:21:28,Morning,Weekday
Coffee,2016-11-30 11:21:54,Morning,Weekday
Bread,2016-11-30 11:29:56,Morning,Weekday
Bread,2016-11-30 11:37:19,Morning,Weekday
Cookies,2016-11-30 11:37:19,Morning,Weekday
Coffee,2016-11-30 11:38:44,Morning,Weekday
Bread,2016-11-30 11:48:55,Morning,Weekday
Keeping It Local,2016-11-30 11:56:15,Morning,Weekday
Coffee,2016-11-30 11:56:15,Morning,Weekday
Fudge,2016-11-30 11:56:15,Morning,Weekday
Jam,2016-11-30 11:56:15,Morning,Weekday
Tea,2016-11-30 12:08:10,Afternoon,Weekday
Hot chocolate,2016-11-30 12:08:10,Afternoon,Weekday
Keeping It Local,2016-11-30 12:08:10,Afternoon,Weekday
Coffee,2016-11-30 12:08:10,Afternoon,Weekday
Art Tray,2016-11-30 12:08:10,Afternoon,Weekday
Coffee,2016-11-30 12:12:24,Afternoon,Weekday
Coffee,2016-11-30 12:17:28,Afternoon,Weekday
Cake,2016-11-30 12:17:28,Afternoon,Weekday
Bread,2016-11-30 12:26:51,Afternoon,Weekday
Bread,2016-11-30 12:26:51,Afternoon,Weekday
Jammie Dodgers,2016-11-30 12:26:51,Afternoon,Weekday
Muffin,2016-11-30 12:29:27,Afternoon,Weekday
Smoothies,2016-11-30 12:29:27,Afternoon,Weekday
Coffee,2016-11-30 12:41:41,Afternoon,Weekday
Coffee,2016-11-30 12:41:41,Afternoon,Weekday
Jammie Dodgers,2016-11-30 12:41:41,Afternoon,Weekday
Cookies,2016-11-30 12:41:41,Afternoon,Weekday
Coffee,2016-11-30 13:29:13,Afternoon,Weekday
Cake,2016-11-30 13:29:13,Afternoon,Weekday
Bread,2016-11-30 13:29:13,Afternoon,Weekday
Bread,2016-11-30 13:31:06,Afternoon,Weekday
Muffin,2016-11-30 13:31:06,Afternoon,Weekday
Cookies,2016-11-30 13:31:06,Afternoon,Weekday
Bread,2016-11-30 13:50:56,Afternoon,Weekday
Tea,2016-11-30 14:10:25,Afternoon,Weekday
Hot chocolate,2016-11-30 14:33:49,Afternoon,Weekday
Bread,2016-11-30 14:33:49,Afternoon,Weekday
Alfajores,2016-11-30 14:33:49,Afternoon,Weekday
Tea,2016-11-30 14:37:02,Afternoon,Weekday
Muffin,2016-11-30 14:50:26,Afternoon,Weekday
Sandwich,2016-11-30 15:15:42,Afternoon,Weekday
Mineral water,2016-11-30 15:15:42,Afternoon,Weekday
Bread,2016-11-30 15:15:42,Afternoon,Weekday
Coffee,2016-11-30 15:15:42,Afternoon,Weekday
Alfajores,2016-11-30 15:15:42,Afternoon,Weekday
Bread,2016-11-30 15:15:42,Afternoon,Weekday
Sandwich,2016-11-30 15:16:37,Afternoon,Weekday
Alfajores,2016-11-30 15:16:37,Afternoon,Weekday
Coffee,2016-11-30 15:40:15,Afternoon,Weekday
Coffee,2016-11-30 15:42:39,Afternoon,Weekday
Coffee,2016-11-30 15:42:39,Afternoon,Weekday
Muffin,2016-11-30 15:42:39,Afternoon,Weekday
Coffee,2016-11-30 15:43:06,Afternoon,Weekday
Tiffin,2016-11-30 15:43:06,Afternoon,Weekday
Coffee,2016-11-30 15:46:01,Afternoon,Weekday
Bread,2016-11-30 15:46:01,Afternoon,Weekday
Hot chocolate,2016-11-30 15:50:19,Afternoon,Weekday
Cookies,2016-11-30 15:50:19,Afternoon,Weekday
Hot chocolate,2016-11-30 15:50:19,Afternoon,Weekday
Tea,2016-11-30 16:01:53,Afternoon,Weekday
Bread,2016-11-30 16:06:58,Afternoon,Weekday
Hot chocolate,2016-11-30 16:06:58,Afternoon,Weekday
Hot chocolate,2016-11-30 16:32:08,Afternoon,Weekday
Fudge,2016-11-30 16:32:08,Afternoon,Weekday
Coffee,2016-11-30 16:43:28,Afternoon,Weekday
Coffee,2016-11-30 16:44:09,Afternoon,Weekday
Tiffin,2016-11-30 16:44:09,Afternoon,Weekday
Tiffin,2016-11-30 16:48:04,Afternoon,Weekday
Bread,2016-11-30 16:48:04,Afternoon,Weekday
Bread,2016-11-30 16:48:04,Afternoon,Weekday
Bread,2016-01-12 08:41:55,Morning,Weekday
Bread,2016-01-12 09:09:02,Morning,Weekday
Pastry,2016-01-12 09:09:02,Morning,Weekday
Jam,2016-01-12 09:09:02,Morning,Weekday
Hot chocolate,2016-01-12 09:10:07,Morning,Weekday
Coffee,2016-01-12 09:47:34,Morning,Weekday
Hot chocolate,2016-01-12 09:47:34,Morning,Weekday
Pastry,2016-01-12 09:47:34,Morning,Weekday
Bread,2016-01-12 09:47:34,Morning,Weekday
Pastry,2016-01-12 10:13:39,Morning,Weekday
Coffee,2016-01-12 10:13:39,Morning,Weekday
Bread,2016-01-12 10:40:18,Morning,Weekday
Tea,2016-01-12 10:40:18,Morning,Weekday
Muffin,2016-01-12 10:40:18,Morning,Weekday
Pastry,2016-01-12 10:40:18,Morning,Weekday
Bread,2016-01-12 10:46:43,Morning,Weekday
Coffee,2016-01-12 10:46:43,Morning,Weekday
Coffee,2016-01-12 10:46:43,Morning,Weekday
Coffee,2016-01-12 10:48:45,Morning,Weekday
Pastry,2016-01-12 10:48:45,Morning,Weekday
Tea,2016-01-12 10:49:40,Morning,Weekday
Tea,2016-01-12 10:53:20,Morning,Weekday
Tea,2016-01-12 10:54:54,Morning,Weekday
The Nomad,2016-01-12 10:54:54,Morning,Weekday
Coffee,2016-01-12 11:04:54,Morning,Weekday
Medialuna,2016-01-12 11:13:54,Morning,Weekday
Farm House,2016-01-12 11:22:51,Morning,Weekday
Bread,2016-01-12 11:32:51,Morning,Weekday
Coffee,2016-01-12 11:44:44,Morning,Weekday
Coffee,2016-01-12 11:44:44,Morning,Weekday
Farm House,2016-01-12 11:45:35,Morning,Weekday
Bread,2016-01-12 12:05:24,Afternoon,Weekday
Coffee,2016-01-12 12:05:24,Afternoon,Weekday
Pastry,2016-01-12 12:05:24,Afternoon,Weekday
Keeping It Local,2016-01-12 12:05:24,Afternoon,Weekday
Bread,2016-01-12 12:06:05,Afternoon,Weekday
Coffee,2016-01-12 12:06:05,Afternoon,Weekday
Hearty & Seasonal,2016-01-12 12:10:28,Afternoon,Weekday
Bread,2016-01-12 12:23:19,Afternoon,Weekday
Fudge,2016-01-12 12:38:39,Afternoon,Weekday
Scandinavian,2016-01-12 12:50:35,Afternoon,Weekday
Bread,2016-01-12 13:08:05,Afternoon,Weekday
Alfajores,2016-01-12 13:08:05,Afternoon,Weekday
Bread,2016-01-12 13:08:05,Afternoon,Weekday
Sandwich,2016-01-12 13:11:44,Afternoon,Weekday
Coke,2016-01-12 13:11:44,Afternoon,Weekday
Juice,2016-01-12 13:11:44,Afternoon,Weekday
Coffee,2016-01-12 13:11:44,Afternoon,Weekday
Farm House,2016-01-12 13:16:00,Afternoon,Weekday
Bread,2016-01-12 13:39:24,Afternoon,Weekday
Coffee,2016-01-12 13:45:42,Afternoon,Weekday
Medialuna,2016-01-12 13:45:42,Afternoon,Weekday
Pastry,2016-01-12 13:54:25,Afternoon,Weekday
Bread,2016-01-12 13:54:25,Afternoon,Weekday
Coffee,2016-01-12 13:54:25,Afternoon,Weekday
Sandwich,2016-01-12 13:56:13,Afternoon,Weekday
Coffee,2016-01-12 13:56:13,Afternoon,Weekday
Bread,2016-01-12 14:00:28,Afternoon,Weekday
Muffin,2016-01-12 14:05:58,Afternoon,Weekday
Bread,2016-01-12 14:05:58,Afternoon,Weekday
Coffee,2016-01-12 14:09:04,Afternoon,Weekday
Coffee,2016-01-12 14:25:13,Afternoon,Weekday
Muffin,2016-01-12 14:25:13,Afternoon,Weekday
Coffee,2016-01-12 14:26:38,Afternoon,Weekday
Fudge,2016-01-12 14:29:44,Afternoon,Weekday
Spread,2016-01-12 14:29:44,Afternoon,Weekday
Bread,2016-01-12 14:32:07,Afternoon,Weekday
Coffee,2016-01-12 14:40:47,Afternoon,Weekday
Pastry,2016-01-12 14:40:47,Afternoon,Weekday
Bread,2016-01-12 14:40:47,Afternoon,Weekday
Coffee,2016-01-12 14:54:33,Afternoon,Weekday
Cake,2016-01-12 14:54:33,Afternoon,Weekday
Coffee,2016-01-12 14:57:02,Afternoon,Weekday
Bread,2016-01-12 15:07:05,Afternoon,Weekday
Tea,2016-01-12 15:25:36,Afternoon,Weekday
Coffee,2016-01-12 15:41:58,Afternoon,Weekday
Hot chocolate,2016-01-12 16:04:30,Afternoon,Weekday
Coffee,2016-01-12 16:04:30,Afternoon,Weekday
Cake,2016-01-12 16:04:30,Afternoon,Weekday
Tea,2016-01-12 16:26:13,Afternoon,Weekday
Bread,2016-01-12 16:26:13,Afternoon,Weekday
Cake,2016-01-12 17:30:41,Evening,Weekday
Medialuna,2016-01-12 17:35:58,Evening,Weekday
Coffee,2016-02-12 08:17:26,Morning,Weekday
Pastry,2016-02-12 08:17:26,Morning,Weekday
Coffee,2016-02-12 08:28:14,Morning,Weekday
Coffee,2016-02-12 08:31:42,Morning,Weekday
Bread,2016-02-12 08:36:55,Morning,Weekday
Coffee,2016-02-12 08:54:09,Morning,Weekday
Cake,2016-02-12 08:54:09,Morning,Weekday
Bread,2016-02-12 08:59:08,Morning,Weekday
Coffee,2016-02-12 09:08:59,Morning,Weekday
Coffee,2016-02-12 09:10:00,Morning,Weekday
Tea,2016-02-12 09:11:28,Morning,Weekday
Keeping It Local,2016-02-12 09:16:46,Morning,Weekday
Coffee,2016-02-12 09:16:46,Morning,Weekday
Sandwich,2016-02-12 09:19:46,Morning,Weekday
Tea,2016-02-12 09:19:46,Morning,Weekday
Coffee,2016-02-12 09:20:31,Morning,Weekday
Coffee,2016-02-12 09:22:48,Morning,Weekday
Coffee,2016-02-12 09:22:48,Morning,Weekday
Coffee,2016-02-12 09:24:14,Morning,Weekday
Bread,2016-02-12 09:30:19,Morning,Weekday
Tea,2016-02-12 09:42:36,Morning,Weekday
Bread,2016-02-12 09:42:36,Morning,Weekday
Pastry,2016-02-12 09:43:03,Morning,Weekday
Coffee,2016-02-12 09:43:03,Morning,Weekday
Coffee,2016-02-12 09:59:58,Morning,Weekday
Bread,2016-02-12 09:59:58,Morning,Weekday
Pastry,2016-02-12 09:59:58,Morning,Weekday
Coffee,2016-02-12 10:18:44,Morning,Weekday
Medialuna,2016-02-12 10:18:44,Morning,Weekday
Tea,2016-02-12 10:25:04,Morning,Weekday
Coffee,2016-02-12 10:25:04,Morning,Weekday
Bread,2016-02-12 10:35:22,Morning,Weekday
Coffee,2016-02-12 10:36:35,Morning,Weekday
Coffee,2016-02-12 10:38:59,Morning,Weekday
Coffee,2016-02-12 10:38:59,Morning,Weekday
Medialuna,2016-02-12 10:38:59,Morning,Weekday
Pastry,2016-02-12 10:38:59,Morning,Weekday
Cookies,2016-02-12 10:38:59,Morning,Weekday
Bread,2016-02-12 10:41:47,Morning,Weekday
Cake,2016-02-12 10:41:47,Morning,Weekday
Bread,2016-02-12 11:00:14,Morning,Weekday
Coffee,2016-02-12 11:00:14,Morning,Weekday
Bread,2016-02-12 11:04:33,Morning,Weekday
Coffee,2016-02-12 11:14:50,Morning,Weekday
Toast,2016-02-12 11:22:47,Morning,Weekday
Hot chocolate,2016-02-12 11:25:58,Morning,Weekday
Hot chocolate,2016-02-12 11:25:58,Morning,Weekday
Fudge,2016-02-12 11:32:37,Morning,Weekday
Scandinavian,2016-02-12 11:32:37,Morning,Weekday
Medialuna,2016-02-12 12:05:55,Afternoon,Weekday
Coffee,2016-02-12 12:05:55,Afternoon,Weekday
Coffee,2016-02-12 12:24:09,Afternoon,Weekday
Pastry,2016-02-12 12:24:09,Afternoon,Weekday
Coffee,2016-02-12 12:37:46,Afternoon,Weekday
Medialuna,2016-02-12 12:37:46,Afternoon,Weekday
Cake,2016-02-12 12:37:46,Afternoon,Weekday
Sandwich,2016-02-12 12:52:32,Afternoon,Weekday
Farm House,2016-02-12 12:52:32,Afternoon,Weekday
Fudge,2016-02-12 12:52:32,Afternoon,Weekday
Sandwich,2016-02-12 12:59:29,Afternoon,Weekday
Scone,2016-02-12 12:59:29,Afternoon,Weekday
Sandwich,2016-02-12 13:01:00,Afternoon,Weekday
Bread,2016-02-12 13:01:00,Afternoon,Weekday
Sandwich,2016-02-12 13:02:08,Afternoon,Weekday
Coffee,2016-02-12 13:06:05,Afternoon,Weekday
Sandwich,2016-02-12 13:18:20,Afternoon,Weekday
Sandwich,2016-02-12 13:18:20,Afternoon,Weekday
Bread,2016-02-12 13:18:20,Afternoon,Weekday
Sandwich,2016-02-12 13:21:28,Afternoon,Weekday
Coke,2016-02-12 13:21:28,Afternoon,Weekday
Sandwich,2016-02-12 13:22:16,Afternoon,Weekday
Coke,2016-02-12 13:22:16,Afternoon,Weekday
Sandwich,2016-02-12 13:24:26,Afternoon,Weekday
Sandwich,2016-02-12 13:35:49,Afternoon,Weekday
Scone,2016-02-12 13:35:49,Afternoon,Weekday
Hot chocolate,2016-02-12 13:37:59,Afternoon,Weekday
Coffee,2016-02-12 13:40:42,Afternoon,Weekday
Muffin,2016-02-12 13:40:42,Afternoon,Weekday
Bread,2016-02-12 13:57:23,Afternoon,Weekday
Bread,2016-02-12 14:01:58,Afternoon,Weekday
Bread,2016-02-12 14:05:12,Afternoon,Weekday
Coffee,2016-02-12 14:08:33,Afternoon,Weekday
Alfajores,2016-02-12 14:08:33,Afternoon,Weekday
Bread,2016-02-12 14:30:37,Afternoon,Weekday
Sandwich,2016-02-12 14:30:37,Afternoon,Weekday
Bread,2016-02-12 14:45:29,Afternoon,Weekday
Scone,2016-02-12 14:45:29,Afternoon,Weekday
Coffee,2016-02-12 14:47:03,Afternoon,Weekday
Medialuna,2016-02-12 14:47:03,Afternoon,Weekday
Cake,2016-02-12 14:48:29,Afternoon,Weekday
Truffles,2016-02-12 15:26:21,Afternoon,Weekday
Cake,2016-02-12 15:33:04,Afternoon,Weekday
Coffee,2016-02-12 15:33:04,Afternoon,Weekday
Scone,2016-02-12 15:42:05,Afternoon,Weekday
Scone,2016-02-12 15:52:51,Afternoon,Weekday
Hot chocolate,2016-02-12 15:52:51,Afternoon,Weekday
Mineral water,2016-02-12 15:52:51,Afternoon,Weekday
Cookies,2016-02-12 15:52:51,Afternoon,Weekday
Coffee,2016-02-12 15:55:18,Afternoon,Weekday
Tea,2016-02-12 15:55:18,Afternoon,Weekday
Scone,2016-02-12 15:55:18,Afternoon,Weekday
Bread,2016-02-12 15:55:39,Afternoon,Weekday
Coffee,2016-02-12 16:51:43,Afternoon,Weekday
Bread,2016-02-12 18:09:38,Evening,Weekday
Jam,2016-03-12 08:30:02,Morning,Weekend
Bread,2016-03-12 08:30:02,Morning,Weekend
Scandinavian,2016-03-12 08:30:02,Morning,Weekend
Bread,2016-03-12 09:14:38,Morning,Weekend
Bread,2016-03-12 09:14:38,Morning,Weekend
Scandinavian,2016-03-12 09:14:38,Morning,Weekend
Coffee,2016-03-12 09:33:13,Morning,Weekend
Medialuna,2016-03-12 09:33:13,Morning,Weekend
Pastry,2016-03-12 09:35:23,Morning,Weekend
Bread,2016-03-12 09:35:23,Morning,Weekend
Bread,2016-03-12 09:39:27,Morning,Weekend
Farm House,2016-03-12 09:43:05,Morning,Weekend
Scone,2016-03-12 09:45:51,Morning,Weekend
Hot chocolate,2016-03-12 09:45:51,Morning,Weekend
Coffee,2016-03-12 09:45:51,Morning,Weekend
Coffee,2016-03-12 09:45:51,Morning,Weekend
Farm House,2016-03-12 09:54:59,Morning,Weekend
Pastry,2016-03-12 09:54:59,Morning,Weekend
Medialuna,2016-03-12 09:54:59,Morning,Weekend
Hot chocolate,2016-03-12 09:54:59,Morning,Weekend
Coffee,2016-03-12 09:54:59,Morning,Weekend
Bread,2016-03-12 09:57:25,Morning,Weekend
Bread,2016-03-12 10:01:51,Morning,Weekend
Bread,2016-03-12 10:01:51,Morning,Weekend
Coffee,2016-03-12 10:01:51,Morning,Weekend
Coffee,2016-03-12 10:03:48,Morning,Weekend
Scandinavian,2016-03-12 10:03:48,Morning,Weekend
Bread,2016-03-12 10:06:01,Morning,Weekend
Coffee,2016-03-12 10:07:11,Morning,Weekend
Medialuna,2016-03-12 10:07:11,Morning,Weekend
Pastry,2016-03-12 10:07:11,Morning,Weekend
Bread,2016-03-12 10:08:42,Morning,Weekend
Scandinavian,2016-03-12 10:08:42,Morning,Weekend
Coffee,2016-03-12 10:10:27,Morning,Weekend
Scone,2016-03-12 10:10:27,Morning,Weekend
Coffee,2016-03-12 10:12:03,Morning,Weekend
Bread,2016-03-12 10:18:56,Morning,Weekend
Bread,2016-03-12 10:38:35,Morning,Weekend
Pastry,2016-03-12 10:38:35,Morning,Weekend
Coffee,2016-03-12 10:45:49,Morning,Weekend
Bread,2016-03-12 10:45:49,Morning,Weekend
Bread,2016-03-12 10:49:34,Morning,Weekend
Bread,2016-03-12 10:53:37,Morning,Weekend
Coffee,2016-03-12 10:58:48,Morning,Weekend
Coffee,2016-03-12 11:03:15,Morning,Weekend
Scone,2016-03-12 11:03:15,Morning,Weekend
Cake,2016-03-12 11:04:20,Morning,Weekend
Coffee,2016-03-12 11:05:06,Morning,Weekend
Bread,2016-03-12 11:08:53,Morning,Weekend
Fudge,2016-03-12 11:08:53,Morning,Weekend
Medialuna,2016-03-12 11:16:59,Morning,Weekend
Bread,2016-03-12 11:16:59,Morning,Weekend
Farm House,2016-03-12 11:16:59,Morning,Weekend
Muffin,2016-03-12 11:18:34,Morning,Weekend
Scone,2016-03-12 11:18:34,Morning,Weekend
Coffee,2016-03-12 11:20:05,Morning,Weekend
Coffee,2016-03-12 11:21:47,Morning,Weekend
Alfajores,2016-03-12 11:21:47,Morning,Weekend
Scone,2016-03-12 11:21:47,Morning,Weekend
Coffee,2016-03-12 11:22:33,Morning,Weekend
Tea,2016-03-12 11:23:10,Morning,Weekend
Scone,2016-03-12 11:23:10,Morning,Weekend
Juice,2016-03-12 11:27:40,Morning,Weekend
Tea,2016-03-12 11:27:40,Morning,Weekend
Cake,2016-03-12 11:27:40,Morning,Weekend
Coffee,2016-03-12 11:30:42,Morning,Weekend
Tartine,2016-03-12 11:30:42,Morning,Weekend
Fudge,2016-03-12 11:30:42,Morning,Weekend
Jam,2016-03-12 11:30:42,Morning,Weekend
Bread,2016-03-12 11:31:42,Morning,Weekend
Coffee,2016-03-12 11:38:50,Morning,Weekend
Medialuna,2016-03-12 11:38:50,Morning,Weekend
Tea,2016-03-12 11:41:44,Morning,Weekend
Bread,2016-03-12 11:41:44,Morning,Weekend
Bread,2016-03-12 11:41:44,Morning,Weekend
Coke,2016-03-12 11:45:39,Morning,Weekend
Coffee,2016-03-12 11:50:58,Morning,Weekend
Medialuna,2016-03-12 11:50:58,Morning,Weekend
Bread,2016-03-12 11:58:05,Morning,Weekend
Truffles,2016-03-12 12:24:36,Afternoon,Weekend
Bread,2016-03-12 12:24:36,Afternoon,Weekend
Coffee,2016-03-12 12:34:55,Afternoon,Weekend
Bread,2016-03-12 12:34:55,Afternoon,Weekend
Tea,2016-03-12 12:34:55,Afternoon,Weekend
Pastry,2016-03-12 12:34:55,Afternoon,Weekend
Cake,2016-03-12 12:34:55,Afternoon,Weekend
Sandwich,2016-03-12 12:43:56,Afternoon,Weekend
Hot chocolate,2016-03-12 12:45:38,Afternoon,Weekend
Coffee,2016-03-12 12:47:27,Afternoon,Weekend
Sandwich,2016-03-12 12:47:27,Afternoon,Weekend
Sandwich,2016-03-12 12:47:27,Afternoon,Weekend
Sandwich,2016-03-12 12:50:18,Afternoon,Weekend
Tea,2016-03-12 12:50:18,Afternoon,Weekend
Coffee,2016-03-12 12:50:18,Afternoon,Weekend
Coffee,2016-03-12 12:55:50,Afternoon,Weekend
Scone,2016-03-12 12:55:50,Afternoon,Weekend
Cake,2016-03-12 12:56:54,Afternoon,Weekend
Bread,2016-03-12 13:10:18,Afternoon,Weekend
Cookies,2016-03-12 13:10:18,Afternoon,Weekend
Coffee,2016-03-12 13:17:24,Afternoon,Weekend
Sandwich,2016-03-12 13:17:24,Afternoon,Weekend
Cake,2016-03-12 13:18:39,Afternoon,Weekend
Scone,2016-03-12 13:18:39,Afternoon,Weekend
Coffee,2016-03-12 13:18:39,Afternoon,Weekend
Mineral water,2016-03-12 13:21:46,Afternoon,Weekend
Bread,2016-03-12 13:21:46,Afternoon,Weekend
Coffee,2016-03-12 13:26:21,Afternoon,Weekend
Bread,2016-03-12 13:26:21,Afternoon,Weekend
Muffin,2016-03-12 13:28:12,Afternoon,Weekend
Cake,2016-03-12 13:28:12,Afternoon,Weekend
Scone,2016-03-12 13:28:12,Afternoon,Weekend
Tea,2016-03-12 13:38:21,Afternoon,Weekend
Scone,2016-03-12 13:38:21,Afternoon,Weekend
Muffin,2016-03-12 13:45:20,Afternoon,Weekend
Pastry,2016-03-12 13:45:20,Afternoon,Weekend
Muffin,2016-03-12 13:53:32,Afternoon,Weekend
Cake,2016-03-12 13:53:32,Afternoon,Weekend
Coffee,2016-03-12 13:53:32,Afternoon,Weekend
Coffee,2016-03-12 13:53:32,Afternoon,Weekend
Cake,2016-03-12 14:03:00,Afternoon,Weekend
Tea,2016-03-12 14:05:50,Afternoon,Weekend
Bread,2016-03-12 14:05:50,Afternoon,Weekend
Scone,2016-03-12 14:05:50,Afternoon,Weekend
Cake,2016-03-12 14:05:50,Afternoon,Weekend
Coffee,2016-03-12 14:07:07,Afternoon,Weekend
Medialuna,2016-03-12 14:07:07,Afternoon,Weekend
Jam,2016-03-12 14:12:03,Afternoon,Weekend
Fudge,2016-03-12 14:12:03,Afternoon,Weekend
Scone,2016-03-12 14:13:40,Afternoon,Weekend
Pastry,2016-03-12 14:13:40,Afternoon,Weekend
Fudge,2016-03-12 14:21:31,Afternoon,Weekend
Hot chocolate,2016-03-12 14:21:31,Afternoon,Weekend
Cake,2016-03-12 14:28:06,Afternoon,Weekend
Sandwich,2016-03-12 14:28:06,Afternoon,Weekend
Sandwich,2016-03-12 14:28:06,Afternoon,Weekend
Juice,2016-03-12 14:28:06,Afternoon,Weekend
Coffee,2016-03-12 14:28:06,Afternoon,Weekend
Coffee,2016-03-12 14:28:06,Afternoon,Weekend
Sandwich,2016-03-12 14:28:06,Afternoon,Weekend
Bread,2016-03-12 14:29:01,Afternoon,Weekend
Juice,2016-03-12 14:34:31,Afternoon,Weekend
Coffee,2016-03-12 14:34:31,Afternoon,Weekend
Coffee,2016-03-12 14:34:31,Afternoon,Weekend
Scone,2016-03-12 14:37:36,Afternoon,Weekend
Bread,2016-03-12 14:37:36,Afternoon,Weekend
Coffee,2016-03-12 14:37:36,Afternoon,Weekend
Hot chocolate,2016-03-12 14:37:36,Afternoon,Weekend
Coffee,2016-03-12 14:41:34,Afternoon,Weekend
Scone,2016-03-12 14:41:34,Afternoon,Weekend
Muffin,2016-03-12 14:41:34,Afternoon,Weekend
Hot chocolate,2016-03-12 14:41:34,Afternoon,Weekend
Bread,2016-03-12 14:47:21,Afternoon,Weekend
Medialuna,2016-03-12 14:50:38,Afternoon,Weekend
Cake,2016-03-12 14:55:47,Afternoon,Weekend
Alfajores,2016-03-12 14:55:47,Afternoon,Weekend
Hot chocolate,2016-03-12 14:57:53,Afternoon,Weekend
Coffee,2016-03-12 15:17:19,Afternoon,Weekend
Coffee,2016-03-12 15:17:19,Afternoon,Weekend
Coffee,2016-03-12 15:25:53,Afternoon,Weekend
Coffee,2016-03-12 15:37:11,Afternoon,Weekend
Tea,2016-03-12 15:37:11,Afternoon,Weekend
Jam,2016-03-12 15:39:35,Afternoon,Weekend
Cake,2016-03-12 15:39:35,Afternoon,Weekend
Bread,2016-03-12 15:39:35,Afternoon,Weekend
Coffee,2016-03-12 15:39:35,Afternoon,Weekend
Coffee,2016-03-12 15:42:03,Afternoon,Weekend
Tea,2016-03-12 15:43:10,Afternoon,Weekend
Scone,2016-03-12 15:43:10,Afternoon,Weekend
Bread,2016-03-12 15:45:44,Afternoon,Weekend
Bread,2016-03-12 15:46:28,Afternoon,Weekend
Smoothies,2016-03-12 15:48:43,Afternoon,Weekend
Muffin,2016-03-12 15:48:43,Afternoon,Weekend
Hot chocolate,2016-03-12 15:48:43,Afternoon,Weekend
Toast,2016-03-12 15:48:43,Afternoon,Weekend
Alfajores,2016-03-12 15:50:17,Afternoon,Weekend
Muffin,2016-03-12 15:50:17,Afternoon,Weekend
Medialuna,2016-03-12 15:50:17,Afternoon,Weekend
Bread,2016-03-12 16:03:05,Afternoon,Weekend
Coffee,2016-03-12 16:03:05,Afternoon,Weekend
Scone,2016-03-12 16:03:05,Afternoon,Weekend
Tea,2016-03-12 16:08:31,Afternoon,Weekend
Juice,2016-03-12 16:08:31,Afternoon,Weekend
Coffee,2016-03-12 16:13:03,Afternoon,Weekend
Coffee,2016-03-12 16:13:03,Afternoon,Weekend
Bread,2016-03-12 16:13:03,Afternoon,Weekend
Pastry,2016-03-12 16:16:00,Afternoon,Weekend
Bread,2016-03-12 16:22:47,Afternoon,Weekend
Tea,2016-03-12 16:22:47,Afternoon,Weekend
Pastry,2016-03-12 16:22:47,Afternoon,Weekend
Coffee,2016-03-12 16:37:59,Afternoon,Weekend
Medialuna,2016-03-12 16:37:59,Afternoon,Weekend
Coffee,2016-04-12 09:23:12,Morning,Weekend
Medialuna,2016-04-12 09:23:12,Morning,Weekend
Bread,2016-04-12 09:25:28,Morning,Weekend
Pastry,2016-04-12 10:13:39,Morning,Weekend
Bread,2016-04-12 10:13:39,Morning,Weekend
Bread,2016-04-12 10:14:25,Morning,Weekend
Toast,2016-04-12 10:14:25,Morning,Weekend
Bread,2016-04-12 10:33:49,Morning,Weekend
Medialuna,2016-04-12 10:33:49,Morning,Weekend
Toast,2016-04-12 10:33:49,Morning,Weekend
Coffee,2016-04-12 10:48:04,Morning,Weekend
Scone,2016-04-12 10:48:04,Morning,Weekend
Pastry,2016-04-12 10:48:04,Morning,Weekend
Coffee,2016-04-12 10:51:32,Morning,Weekend
Tea,2016-04-12 10:51:32,Morning,Weekend
Muffin,2016-04-12 10:51:32,Morning,Weekend
Muffin,2016-04-12 10:51:32,Morning,Weekend
Coffee,2016-04-12 10:52:25,Morning,Weekend
Toast,2016-04-12 10:52:25,Morning,Weekend
Coffee,2016-04-12 10:54:15,Morning,Weekend
Coffee,2016-04-12 10:54:15,Morning,Weekend
Medialuna,2016-04-12 10:54:15,Morning,Weekend
Pastry,2016-04-12 10:54:15,Morning,Weekend
Bread,2016-04-12 11:07:33,Morning,Weekend
Ella's Kitchen Pouches,2016-04-12 11:07:33,Morning,Weekend
Coffee,2016-04-12 11:24:07,Morning,Weekend
Toast,2016-04-12 11:24:07,Morning,Weekend
Bread,2016-04-12 11:35:33,Morning,Weekend
Medialuna,2016-04-12 11:35:33,Morning,Weekend
Hot chocolate,2016-04-12 11:47:49,Morning,Weekend
Tea,2016-04-12 11:47:49,Morning,Weekend
Bread,2016-04-12 11:49:23,Morning,Weekend
Muffin,2016-04-12 11:49:23,Morning,Weekend
Coffee,2016-04-12 11:53:20,Morning,Weekend
Bread,2016-04-12 11:53:20,Morning,Weekend
Coffee,2016-04-12 11:53:20,Morning,Weekend
Farm House,2016-04-12 11:56:26,Morning,Weekend
Coffee,2016-04-12 11:57:49,Morning,Weekend
Coffee,2016-04-12 11:57:49,Morning,Weekend
Bread,2016-04-12 12:04:19,Afternoon,Weekend
Alfajores,2016-04-12 12:04:19,Afternoon,Weekend
Cookies,2016-04-12 12:04:19,Afternoon,Weekend
Coffee,2016-04-12 12:06:34,Afternoon,Weekend
Medialuna,2016-04-12 12:06:34,Afternoon,Weekend
Pastry,2016-04-12 12:06:34,Afternoon,Weekend
Alfajores,2016-04-12 12:06:34,Afternoon,Weekend
Bread,2016-04-12 12:13:06,Afternoon,Weekend
Coffee,2016-04-12 12:13:06,Afternoon,Weekend
Bread,2016-04-12 12:31:06,Afternoon,Weekend
Coffee,2016-04-12 12:33:58,Afternoon,Weekend
Truffles,2016-04-12 12:33:58,Afternoon,Weekend
Coffee,2016-04-12 12:35:48,Afternoon,Weekend
Fudge,2016-04-12 12:35:48,Afternoon,Weekend
Fudge,2016-04-12 12:35:48,Afternoon,Weekend
Bread,2016-04-12 12:35:48,Afternoon,Weekend
Bread,2016-04-12 12:40:19,Afternoon,Weekend
Coffee,2016-04-12 12:46:15,Afternoon,Weekend
Bread,2016-04-12 12:46:15,Afternoon,Weekend
Bread,2016-04-12 12:47:59,Afternoon,Weekend
Coffee,2016-04-12 13:11:13,Afternoon,Weekend
Medialuna,2016-04-12 13:11:13,Afternoon,Weekend
Crepes,2016-04-12 13:11:13,Afternoon,Weekend
Alfajores,2016-04-12 13:11:13,Afternoon,Weekend
Coffee,2016-04-12 13:14:33,Afternoon,Weekend
Coffee,2016-04-12 13:14:33,Afternoon,Weekend
Cake,2016-04-12 13:14:33,Afternoon,Weekend
Bread,2016-04-12 13:15:56,Afternoon,Weekend
Coffee,2016-04-12 13:15:56,Afternoon,Weekend
Cake,2016-04-12 13:15:56,Afternoon,Weekend
Cookies,2016-04-12 13:15:56,Afternoon,Weekend
Coffee,2016-04-12 13:18:31,Afternoon,Weekend
Bread,2016-04-12 13:21:06,Afternoon,Weekend
Farm House,2016-04-12 13:50:59,Afternoon,Weekend
Bread,2016-04-12 13:58:32,Afternoon,Weekend
Coffee,2016-04-12 14:03:46,Afternoon,Weekend
Medialuna,2016-04-12 14:03:46,Afternoon,Weekend
Hot chocolate,2016-04-12 14:07:44,Afternoon,Weekend
Tea,2016-04-12 14:07:44,Afternoon,Weekend
Coffee,2016-04-12 14:07:44,Afternoon,Weekend
Coffee,2016-04-12 14:07:44,Afternoon,Weekend
Cake,2016-04-12 14:07:44,Afternoon,Weekend
Tea,2016-04-12 14:12:54,Afternoon,Weekend
Hot chocolate,2016-04-12 14:12:54,Afternoon,Weekend
Truffles,2016-04-12 14:12:54,Afternoon,Weekend
Hot chocolate,2016-04-12 14:16:55,Afternoon,Weekend
Hot chocolate,2016-04-12 14:16:55,Afternoon,Weekend
Hot chocolate,2016-04-12 14:16:55,Afternoon,Weekend
Coffee,2016-04-12 14:27:31,Afternoon,Weekend
Coffee,2016-04-12 14:27:31,Afternoon,Weekend
Coffee,2016-04-12 14:27:31,Afternoon,Weekend
Sandwich,2016-04-12 14:27:31,Afternoon,Weekend
Crepes,2016-04-12 14:27:31,Afternoon,Weekend
Bread,2016-04-12 14:32:26,Afternoon,Weekend
Crepes,2016-04-12 14:32:26,Afternoon,Weekend
Bread,2016-04-12 14:40:52,Afternoon,Weekend
Muffin,2016-04-12 14:40:52,Afternoon,Weekend
Cake,2016-04-12 14:40:52,Afternoon,Weekend
Coffee,2016-04-12 14:40:52,Afternoon,Weekend
Medialuna,2016-04-12 14:40:52,Afternoon,Weekend
Coffee,2016-04-12 14:41:27,Afternoon,Weekend
Bread,2016-04-12 14:46:44,Afternoon,Weekend
Coffee,2016-04-12 14:46:44,Afternoon,Weekend
Cookies,2016-04-12 14:46:44,Afternoon,Weekend
Medialuna,2016-04-12 14:50:25,Afternoon,Weekend
Crepes,2016-04-12 14:50:25,Afternoon,Weekend
Muffin,2016-04-12 14:52:49,Afternoon,Weekend
Medialuna,2016-04-12 14:54:51,Afternoon,Weekend
Tea,2016-04-12 14:54:51,Afternoon,Weekend
Pastry,2016-04-12 15:02:11,Afternoon,Weekend
Tea,2016-04-12 15:41:11,Afternoon,Weekend
Coffee,2016-04-12 15:46:13,Afternoon,Weekend
Scone,2016-04-12 15:46:13,Afternoon,Weekend
Coffee,2016-04-12 15:46:13,Afternoon,Weekend
Bread,2016-04-12 16:12:14,Afternoon,Weekend
Coffee,2016-04-12 16:12:14,Afternoon,Weekend
Coffee,2016-04-12 16:12:14,Afternoon,Weekend
Coffee,2016-04-12 16:12:14,Afternoon,Weekend
Truffles,2016-04-12 16:15:01,Afternoon,Weekend
Tea,2016-04-12 16:15:01,Afternoon,Weekend
Cookies,2016-04-12 16:19:11,Afternoon,Weekend
Cookies,2016-04-12 16:19:11,Afternoon,Weekend
Coffee,2016-05-12 08:25:55,Morning,Weekday
Bread,2016-05-12 08:35:23,Morning,Weekday
Coffee,2016-05-12 08:36:11,Morning,Weekday
Bread,2016-05-12 08:36:11,Morning,Weekday
Toast,2016-05-12 08:36:11,Morning,Weekday
Pastry,2016-05-12 08:36:11,Morning,Weekday
Coffee,2016-05-12 09:04:44,Morning,Weekday
Muffin,2016-05-12 09:09:17,Morning,Weekday
Bread,2016-05-12 09:19:19,Morning,Weekday
Farm House,2016-05-12 09:20:45,Morning,Weekday
Coffee,2016-05-12 09:22:08,Morning,Weekday
Bread,2016-05-12 09:24:21,Morning,Weekday
Bread,2016-05-12 09:25:24,Morning,Weekday
Tea,2016-05-12 09:28:53,Morning,Weekday
Coffee,2016-05-12 09:28:53,Morning,Weekday
Pastry,2016-05-12 09:28:53,Morning,Weekday
Alfajores,2016-05-12 09:28:53,Morning,Weekday
Coffee,2016-05-12 09:33:12,Morning,Weekday
Coffee,2016-05-12 09:33:12,Morning,Weekday
Toast,2016-05-12 09:33:12,Morning,Weekday
Medialuna,2016-05-12 09:33:12,Morning,Weekday
Coffee,2016-05-12 09:33:58,Morning,Weekday
Juice,2016-05-12 09:42:43,Morning,Weekday
Tea,2016-05-12 09:42:43,Morning,Weekday
Bread,2016-05-12 09:42:43,Morning,Weekday
Medialuna,2016-05-12 09:42:43,Morning,Weekday
Medialuna,2016-05-12 09:45:14,Morning,Weekday
Coffee,2016-05-12 09:45:14,Morning,Weekday
Toast,2016-05-12 09:45:14,Morning,Weekday
Pastry,2016-05-12 09:46:18,Morning,Weekday
Tea,2016-05-12 09:46:18,Morning,Weekday
Farm House,2016-05-12 09:51:34,Morning,Weekday
Coffee,2016-05-12 10:07:40,Morning,Weekday
Coffee,2016-05-12 10:07:40,Morning,Weekday
Coffee,2016-05-12 10:14:02,Morning,Weekday
Coffee,2016-05-12 10:40:23,Morning,Weekday
Coffee,2016-05-12 10:40:23,Morning,Weekday
Muffin,2016-05-12 10:40:23,Morning,Weekday
Coffee,2016-05-12 10:41:51,Morning,Weekday
Coffee,2016-05-12 10:42:31,Morning,Weekday
Muffin,2016-05-12 10:42:31,Morning,Weekday
Coffee,2016-05-12 10:52:01,Morning,Weekday
Sandwich,2016-05-12 10:52:01,Morning,Weekday
Dulce de Leche,2016-05-12 10:56:44,Morning,Weekday
Bread,2016-05-12 10:56:44,Morning,Weekday
Coffee,2016-05-12 10:56:44,Morning,Weekday
Pastry,2016-05-12 10:56:44,Morning,Weekday
Bread,2016-05-12 10:56:44,Morning,Weekday
Jam,2016-05-12 10:58:46,Morning,Weekday
Coffee,2016-05-12 11:04:23,Morning,Weekday
Coffee,2016-05-12 11:04:23,Morning,Weekday
Medialuna,2016-05-12 11:04:23,Morning,Weekday
Cookies,2016-05-12 11:09:34,Morning,Weekday
Coffee,2016-05-12 11:09:34,Morning,Weekday
Pastry,2016-05-12 11:09:34,Morning,Weekday
Farm House,2016-05-12 12:14:03,Afternoon,Weekday
Coffee,2016-05-12 12:26:57,Afternoon,Weekday
Coffee,2016-05-12 12:33:52,Afternoon,Weekday
Bread,2016-05-12 12:51:42,Afternoon,Weekday
Pastry,2016-05-12 12:51:42,Afternoon,Weekday
Juice,2016-05-12 12:56:06,Afternoon,Weekday
Sandwich,2016-05-12 12:56:06,Afternoon,Weekday
Coffee,2016-05-12 12:58:48,Afternoon,Weekday
Coffee,2016-05-12 12:58:48,Afternoon,Weekday
Alfajores,2016-05-12 12:58:48,Afternoon,Weekday
Coffee,2016-05-12 13:11:30,Afternoon,Weekday
Sandwich,2016-05-12 13:11:30,Afternoon,Weekday
Bread,2016-05-12 13:30:27,Afternoon,Weekday
Bread,2016-05-12 13:31:30,Afternoon,Weekday
Bread,2016-05-12 13:40:52,Afternoon,Weekday
Tea,2016-05-12 13:40:52,Afternoon,Weekday
Medialuna,2016-05-12 13:40:52,Afternoon,Weekday
Coffee,2016-05-12 13:46:47,Afternoon,Weekday
Muffin,2016-05-12 13:46:47,Afternoon,Weekday
Cake,2016-05-12 13:50:44,Afternoon,Weekday
Tea,2016-05-12 13:50:44,Afternoon,Weekday
Cookies,2016-05-12 13:52:34,Afternoon,Weekday
Coffee,2016-05-12 13:52:34,Afternoon,Weekday
Hearty & Seasonal,2016-05-12 14:04:32,Afternoon,Weekday
Coke,2016-05-12 14:04:32,Afternoon,Weekday
Coffee,2016-05-12 14:12:21,Afternoon,Weekday
Coffee,2016-05-12 14:12:21,Afternoon,Weekday
Muffin,2016-05-12 14:12:21,Afternoon,Weekday
Sandwich,2016-05-12 14:12:21,Afternoon,Weekday
Alfajores,2016-05-12 14:15:37,Afternoon,Weekday
Alfajores,2016-05-12 14:30:28,Afternoon,Weekday
Sandwich,2016-05-12 14:39:46,Afternoon,Weekday
Coffee,2016-05-12 14:39:46,Afternoon,Weekday
Hot chocolate,2016-05-12 14:43:20,Afternoon,Weekday
Coffee,2016-05-12 14:43:20,Afternoon,Weekday
Muffin,2016-05-12 14:43:20,Afternoon,Weekday
Sandwich,2016-05-12 14:43:20,Afternoon,Weekday
Muffin,2016-05-12 14:48:51,Afternoon,Weekday
Coffee,2016-05-12 15:00:58,Afternoon,Weekday
Tea,2016-05-12 15:00:58,Afternoon,Weekday
Bread,2016-05-12 15:00:58,Afternoon,Weekday
Coffee,2016-05-12 15:01:39,Afternoon,Weekday
Bread,2016-05-12 15:13:04,Afternoon,Weekday
Medialuna,2016-05-12 15:13:04,Afternoon,Weekday
Cookies,2016-05-12 15:13:04,Afternoon,Weekday
Tea,2016-05-12 15:13:04,Afternoon,Weekday
Coffee,2016-05-12 15:27:04,Afternoon,Weekday
Coffee,2016-05-12 15:45:32,Afternoon,Weekday
Bread,2016-05-12 15:45:32,Afternoon,Weekday
Coffee,2016-05-12 15:45:32,Afternoon,Weekday
Alfajores,2016-05-12 16:23:40,Afternoon,Weekday
Alfajores,2016-05-12 16:23:40,Afternoon,Weekday
Coffee,2016-05-12 16:23:40,Afternoon,Weekday
Sandwich,2016-05-12 16:23:40,Afternoon,Weekday
Sandwich,2016-05-12 16:23:40,Afternoon,Weekday
Bread,2016-05-12 16:23:40,Afternoon,Weekday
Coffee,2016-05-12 16:53:44,Afternoon,Weekday
Coffee,2016-05-12 16:53:44,Afternoon,Weekday
Bread,2016-05-12 16:53:44,Afternoon,Weekday
Cookies,2016-05-12 16:53:44,Afternoon,Weekday
Medialuna,2016-05-12 16:53:44,Afternoon,Weekday
Coffee,2016-05-12 16:53:44,Afternoon,Weekday
Coffee,2016-06-12 08:11:46,Morning,Weekday
Cookies,2016-06-12 08:11:46,Morning,Weekday
Farm House,2016-06-12 08:26:54,Morning,Weekday
Coffee,2016-06-12 08:58:58,Morning,Weekday
Coke,2016-06-12 09:20:17,Morning,Weekday
Coffee,2016-06-12 09:26:06,Morning,Weekday
Bread,2016-06-12 09:26:06,Morning,Weekday
Pastry,2016-06-12 09:27:18,Morning,Weekday
Bread,2016-06-12 09:27:18,Morning,Weekday
Coffee,2016-06-12 09:48:09,Morning,Weekday
Hot chocolate,2016-06-12 09:50:30,Morning,Weekday
Alfajores,2016-06-12 09:50:30,Morning,Weekday
Bread,2016-06-12 09:50:30,Morning,Weekday
Muffin,2016-06-12 09:50:30,Morning,Weekday
Coffee,2016-06-12 09:51:10,Morning,Weekday
Bread,2016-06-12 09:51:38,Morning,Weekday
Coffee,2016-06-12 09:52:37,Morning,Weekday
Coffee,2016-06-12 09:52:37,Morning,Weekday
Coffee,2016-06-12 09:53:52,Morning,Weekday
Coffee,2016-06-12 09:53:52,Morning,Weekday
Medialuna,2016-06-12 09:53:52,Morning,Weekday
Coffee,2016-06-12 09:54:45,Morning,Weekday
Pastry,2016-06-12 10:15:01,Morning,Weekday
Medialuna,2016-06-12 10:15:01,Morning,Weekday
Bread,2016-06-12 10:15:01,Morning,Weekday
Muffin,2016-06-12 10:18:59,Morning,Weekday
Coffee,2016-06-12 10:18:59,Morning,Weekday
Coffee,2016-06-12 10:18:59,Morning,Weekday
Bread,2016-06-12 10:25:37,Morning,Weekday
Bread,2016-06-12 10:28:26,Morning,Weekday
Bread,2016-06-12 10:30:22,Morning,Weekday
Coffee,2016-06-12 10:30:22,Morning,Weekday
Bread,2016-06-12 10:45:44,Morning,Weekday
Tea,2016-06-12 10:45:44,Morning,Weekday
Bread,2016-06-12 10:49:29,Morning,Weekday
Cookies,2016-06-12 10:49:29,Morning,Weekday
Muffin,2016-06-12 10:49:29,Morning,Weekday
Tea,2016-06-12 10:52:24,Morning,Weekday
Coffee,2016-06-12 10:52:24,Morning,Weekday
Medialuna,2016-06-12 10:54:51,Morning,Weekday
Pastry,2016-06-12 10:54:51,Morning,Weekday
Bread,2016-06-12 10:54:51,Morning,Weekday
Coffee,2016-06-12 10:55:48,Morning,Weekday
Alfajores,2016-06-12 10:55:48,Morning,Weekday
Toast,2016-06-12 10:57:54,Morning,Weekday
Coffee,2016-06-12 10:59:09,Morning,Weekday
Tea,2016-06-12 11:03:20,Morning,Weekday
Hot chocolate,2016-06-12 11:07:06,Morning,Weekday
Medialuna,2016-06-12 11:07:06,Morning,Weekday
Coffee,2016-06-12 11:07:30,Morning,Weekday
Pastry,2016-06-12 11:07:30,Morning,Weekday
Coffee,2016-06-12 11:08:19,Morning,Weekday
Cake,2016-06-12 11:21:40,Morning,Weekday
Bread,2016-06-12 11:21:40,Morning,Weekday
Cake,2016-06-12 11:23:27,Morning,Weekday
Coffee,2016-06-12 11:23:27,Morning,Weekday
Coffee,2016-06-12 11:45:33,Morning,Weekday
Hot chocolate,2016-06-12 11:45:33,Morning,Weekday
Pastry,2016-06-12 11:45:33,Morning,Weekday
Tea,2016-06-12 12:02:51,Afternoon,Weekday
Bread,2016-06-12 12:07:33,Afternoon,Weekday
Tea,2016-06-12 12:11:28,Afternoon,Weekday
Bread,2016-06-12 12:24:06,Afternoon,Weekday
Farm House,2016-06-12 12:24:06,Afternoon,Weekday
Coffee,2016-06-12 12:24:44,Afternoon,Weekday
Bread,2016-06-12 12:35:33,Afternoon,Weekday
Bread,2016-06-12 12:39:43,Afternoon,Weekday
Bread,2016-06-12 12:44:06,Afternoon,Weekday
Cookies,2016-06-12 12:44:06,Afternoon,Weekday
Coffee,2016-06-12 12:47:13,Afternoon,Weekday
Bread,2016-06-12 12:47:13,Afternoon,Weekday
Cookies,2016-06-12 12:50:14,Afternoon,Weekday
Coffee,2016-06-12 12:50:14,Afternoon,Weekday
Farm House,2016-06-12 13:02:34,Afternoon,Weekday
Bread,2016-06-12 13:12:31,Afternoon,Weekday
Coffee,2016-06-12 13:14:28,Afternoon,Weekday
Coffee,2016-06-12 13:16:31,Afternoon,Weekday
Tea,2016-06-12 13:16:31,Afternoon,Weekday
Sandwich,2016-06-12 13:16:31,Afternoon,Weekday
Muffin,2016-06-12 13:16:31,Afternoon,Weekday
Coffee,2016-06-12 13:22:06,Afternoon,Weekday
Bread,2016-06-12 13:22:06,Afternoon,Weekday
Cake,2016-06-12 13:22:06,Afternoon,Weekday
Bread,2016-06-12 13:36:54,Afternoon,Weekday
Tea,2016-06-12 14:01:12,Afternoon,Weekday
Tea,2016-06-12 14:02:32,Afternoon,Weekday
Coffee,2016-06-12 14:02:32,Afternoon,Weekday
Coffee,2016-06-12 14:10:33,Afternoon,Weekday
Sandwich,2016-06-12 14:29:07,Afternoon,Weekday
Tea,2016-06-12 14:29:07,Afternoon,Weekday
Alfajores,2016-06-12 14:29:07,Afternoon,Weekday
Coffee,2016-06-12 15:09:18,Afternoon,Weekday
Mineral water,2016-06-12 15:09:18,Afternoon,Weekday
Alfajores,2016-06-12 15:09:18,Afternoon,Weekday
Cake,2016-06-12 15:09:18,Afternoon,Weekday
Sandwich,2016-06-12 15:09:18,Afternoon,Weekday
Coffee,2016-06-12 15:29:23,Afternoon,Weekday
Bread,2016-06-12 15:29:23,Afternoon,Weekday
Coffee,2016-06-12 15:30:04,Afternoon,Weekday
Tea,2016-06-12 15:44:35,Afternoon,Weekday
Cake,2016-06-12 15:44:35,Afternoon,Weekday
Bread,2016-06-12 15:49:41,Afternoon,Weekday
Cookies,2016-06-12 15:53:35,Afternoon,Weekday
Coffee,2016-06-12 16:01:07,Afternoon,Weekday
Juice,2016-06-12 16:01:07,Afternoon,Weekday
Coffee,2016-06-12 16:22:54,Afternoon,Weekday
Muffin,2016-06-12 16:22:54,Afternoon,Weekday
Mineral water,2016-06-12 16:22:54,Afternoon,Weekday
Juice,2016-06-12 16:22:54,Afternoon,Weekday
Bread,2016-06-12 16:24:31,Afternoon,Weekday
Bread,2016-07-12 08:38:22,Morning,Weekday
Bread,2016-07-12 09:02:48,Morning,Weekday
Bread,2016-07-12 09:15:18,Morning,Weekday
Hot chocolate,2016-07-12 09:15:18,Morning,Weekday
Juice,2016-07-12 09:15:18,Morning,Weekday
Toast,2016-07-12 09:15:18,Morning,Weekday
Coffee,2016-07-12 09:21:35,Morning,Weekday
Cake,2016-07-12 09:21:35,Morning,Weekday
Bread,2016-07-12 09:21:35,Morning,Weekday
Coffee,2016-07-12 09:25:00,Morning,Weekday
Toast,2016-07-12 09:25:00,Morning,Weekday
Coffee,2016-07-12 09:26:40,Morning,Weekday
Toast,2016-07-12 09:26:40,Morning,Weekday
Tea,2016-07-12 09:27:45,Morning,Weekday
Tea,2016-07-12 09:29:20,Morning,Weekday
Toast,2016-07-12 09:29:20,Morning,Weekday
Cookies,2016-07-12 09:29:20,Morning,Weekday
Farm House,2016-07-12 10:11:14,Morning,Weekday
Bread,2016-07-12 10:28:53,Morning,Weekday
Cake,2016-07-12 10:28:53,Morning,Weekday
Bread,2016-07-12 10:58:32,Morning,Weekday
Coffee,2016-07-12 11:00:46,Morning,Weekday
Coffee,2016-07-12 11:00:46,Morning,Weekday
Tea,2016-07-12 11:01:17,Morning,Weekday
Alfajores,2016-07-12 11:01:17,Morning,Weekday
Bread,2016-07-12 11:02:36,Morning,Weekday
Coffee,2016-07-12 11:03:59,Morning,Weekday
Juice,2016-07-12 11:13:22,Morning,Weekday
Coffee,2016-07-12 11:13:22,Morning,Weekday
Tea,2016-07-12 11:13:22,Morning,Weekday
Coffee,2016-07-12 11:28:16,Morning,Weekday
Medialuna,2016-07-12 11:28:16,Morning,Weekday
Bread,2016-07-12 11:41:59,Morning,Weekday
Medialuna,2016-07-12 11:42:43,Morning,Weekday
Coffee,2016-07-12 11:42:43,Morning,Weekday
Cake,2016-07-12 12:03:14,Afternoon,Weekday
Tea,2016-07-12 12:03:14,Afternoon,Weekday
Bread,2016-07-12 12:07:00,Afternoon,Weekday
Coffee,2016-07-12 12:07:00,Afternoon,Weekday
Farm House,2016-07-12 12:08:10,Afternoon,Weekday
Bread,2016-07-12 12:13:07,Afternoon,Weekday
Farm House,2016-07-12 12:21:41,Afternoon,Weekday
Crepes,2016-07-12 12:21:41,Afternoon,Weekday
Bread,2016-07-12 12:29:46,Afternoon,Weekday
Hot chocolate,2016-07-12 12:35:28,Afternoon,Weekday
Coffee,2016-07-12 12:47:30,Afternoon,Weekday
Coffee,2016-07-12 12:47:30,Afternoon,Weekday
Hot chocolate,2016-07-12 12:47:30,Afternoon,Weekday
Sandwich,2016-07-12 12:47:30,Afternoon,Weekday
Sandwich,2016-07-12 12:56:11,Afternoon,Weekday
Coffee,2016-07-12 12:57:13,Afternoon,Weekday
Truffles,2016-07-12 12:57:13,Afternoon,Weekday
Jam,2016-07-12 12:59:27,Afternoon,Weekday
Bread,2016-07-12 13:08:22,Afternoon,Weekday
Bread,2016-07-12 13:23:02,Afternoon,Weekday
Sandwich,2016-07-12 13:35:04,Afternoon,Weekday
Coffee,2016-07-12 13:35:04,Afternoon,Weekday
Mineral water,2016-07-12 13:35:04,Afternoon,Weekday
Bread,2016-07-12 13:48:57,Afternoon,Weekday
Coke,2016-07-12 14:01:10,Afternoon,Weekday
Coke,2016-07-12 14:01:10,Afternoon,Weekday
Cookies,2016-07-12 14:01:10,Afternoon,Weekday
Bread,2016-07-12 14:23:46,Afternoon,Weekday
Bread,2016-07-12 14:23:46,Afternoon,Weekday
Coffee,2016-07-12 14:31:10,Afternoon,Weekday
Coffee,2016-07-12 14:31:10,Afternoon,Weekday
Sandwich,2016-07-12 14:31:10,Afternoon,Weekday
Bread,2016-07-12 14:45:54,Afternoon,Weekday
Coffee,2016-07-12 14:45:54,Afternoon,Weekday
Tea,2016-07-12 14:47:44,Afternoon,Weekday
Coffee,2016-07-12 14:47:44,Afternoon,Weekday
Tea,2016-07-12 15:16:54,Afternoon,Weekday
Coffee,2016-07-12 15:16:54,Afternoon,Weekday
Hot chocolate,2016-07-12 16:00:12,Afternoon,Weekday
Coffee,2016-07-12 16:25:57,Afternoon,Weekday
Coffee,2016-07-12 16:25:57,Afternoon,Weekday
Alfajores,2016-07-12 16:25:57,Afternoon,Weekday
Fudge,2016-07-12 17:04:56,Evening,Weekday
Jam,2016-07-12 17:04:56,Evening,Weekday
Cake,2016-07-12 17:04:56,Evening,Weekday
Coffee,2016-07-12 17:04:56,Evening,Weekday
Cake,2016-08-12 08:26:16,Morning,Weekday
Coffee,2016-08-12 08:46:11,Morning,Weekday
Bread,2016-08-12 08:46:11,Morning,Weekday
Pastry,2016-08-12 09:03:07,Morning,Weekday
Coffee,2016-08-12 09:03:07,Morning,Weekday
Coffee,2016-08-12 09:04:24,Morning,Weekday
Pastry,2016-08-12 09:04:24,Morning,Weekday
Coffee,2016-08-12 09:14:56,Morning,Weekday
Pastry,2016-08-12 09:14:56,Morning,Weekday
Truffles,2016-08-12 09:18:48,Morning,Weekday
Bread,2016-08-12 09:18:48,Morning,Weekday
Coffee,2016-08-12 09:26:36,Morning,Weekday
Coffee,2016-08-12 09:28:20,Morning,Weekday
Coffee,2016-08-12 09:32:00,Morning,Weekday
Toast,2016-08-12 09:32:00,Morning,Weekday
Vegan mincepie,2016-08-12 09:32:00,Morning,Weekday
Mineral water,2016-08-12 09:32:00,Morning,Weekday
Coffee,2016-08-12 09:32:00,Morning,Weekday
Medialuna,2016-08-12 09:33:26,Morning,Weekday
Bread,2016-08-12 09:33:26,Morning,Weekday
Coffee,2016-08-12 09:44:53,Morning,Weekday
Cake,2016-08-12 09:44:53,Morning,Weekday
Coffee,2016-08-12 10:09:16,Morning,Weekday
Pastry,2016-08-12 10:09:16,Morning,Weekday
Coffee,2016-08-12 10:16:28,Morning,Weekday
Coffee,2016-08-12 10:40:06,Morning,Weekday
Bread,2016-08-12 10:53:51,Morning,Weekday
Cake,2016-08-12 10:53:51,Morning,Weekday
Cookies,2016-08-12 10:53:51,Morning,Weekday
Coffee,2016-08-12 10:55:18,Morning,Weekday
Tea,2016-08-12 10:55:18,Morning,Weekday
Bread,2016-08-12 10:55:18,Morning,Weekday
Cake,2016-08-12 10:55:18,Morning,Weekday
Toast,2016-08-12 11:02:40,Morning,Weekday
Juice,2016-08-12 11:02:40,Morning,Weekday
Bread,2016-08-12 11:03:36,Morning,Weekday
Pastry,2016-08-12 11:04:22,Morning,Weekday
Pastry,2016-08-12 11:04:22,Morning,Weekday
Coffee,2016-08-12 11:26:03,Morning,Weekday
Truffles,2016-08-12 11:27:11,Morning,Weekday
Tea,2016-08-12 11:35:19,Morning,Weekday
Bread,2016-08-12 11:36:09,Morning,Weekday
Farm House,2016-08-12 11:39:06,Morning,Weekday
Coffee,2016-08-12 11:51:58,Morning,Weekday
Cake,2016-08-12 11:51:58,Morning,Weekday
Coffee,2016-08-12 11:53:34,Morning,Weekday
Sandwich,2016-08-12 11:53:34,Morning,Weekday
Tea,2016-08-12 12:19:45,Afternoon,Weekday
Hearty & Seasonal,2016-08-12 12:45:41,Afternoon,Weekday
Tea,2016-08-12 12:45:41,Afternoon,Weekday
Coffee,2016-08-12 13:03:52,Afternoon,Weekday
Coffee,2016-08-12 13:04:38,Afternoon,Weekday
Tea,2016-08-12 13:41:08,Afternoon,Weekday
Cake,2016-08-12 13:41:08,Afternoon,Weekday
Farm House,2016-08-12 13:42:08,Afternoon,Weekday
Coffee,2016-08-12 13:53:09,Afternoon,Weekday
Coffee,2016-08-12 14:20:51,Afternoon,Weekday
Bread,2016-08-12 14:34:32,Afternoon,Weekday
Coffee,2016-08-12 15:11:16,Afternoon,Weekday
Cake,2016-08-12 15:11:16,Afternoon,Weekday
Cake,2016-08-12 15:17:44,Afternoon,Weekday
Alfajores,2016-08-12 15:40:39,Afternoon,Weekday
Medialuna,2016-08-12 15:40:39,Afternoon,Weekday
Brownie,2016-08-12 15:40:39,Afternoon,Weekday
Bread,2016-08-12 15:41:22,Afternoon,Weekday
Bread,2016-08-12 16:54:21,Afternoon,Weekday
Bread,2016-09-12 09:03:46,Morning,Weekday
Jam,2016-09-12 09:03:46,Morning,Weekday
Tea,2016-09-12 09:05:25,Morning,Weekday
Sandwich,2016-09-12 09:05:25,Morning,Weekday
Coffee,2016-09-12 09:13:18,Morning,Weekday
Medialuna,2016-09-12 09:13:18,Morning,Weekday
Juice,2016-09-12 09:13:18,Morning,Weekday
Coke,2016-09-12 09:13:18,Morning,Weekday
Toast,2016-09-12 09:15:48,Morning,Weekday
Coffee,2016-09-12 09:15:48,Morning,Weekday
Bread,2016-09-12 09:15:48,Morning,Weekday
Bread,2016-09-12 09:17:08,Morning,Weekday
Coffee,2016-09-12 09:17:08,Morning,Weekday
Toast,2016-09-12 09:17:08,Morning,Weekday
Bread,2016-09-12 09:19:46,Morning,Weekday
Coffee,2016-09-12 09:19:46,Morning,Weekday
Medialuna,2016-09-12 09:19:46,Morning,Weekday
Coffee,2016-09-12 09:31:22,Morning,Weekday
Bread,2016-09-12 09:31:52,Morning,Weekday
Toast,2016-09-12 09:31:52,Morning,Weekday
Bread,2016-09-12 09:42:56,Morning,Weekday
Coffee,2016-09-12 09:58:47,Morning,Weekday
Coffee,2016-09-12 09:58:47,Morning,Weekday
Medialuna,2016-09-12 09:58:47,Morning,Weekday
Cake,2016-09-12 09:58:47,Morning,Weekday
Tea,2016-09-12 10:11:09,Morning,Weekday
Tea,2016-09-12 10:16:40,Morning,Weekday
Coffee,2016-09-12 10:17:03,Morning,Weekday
Medialuna,2016-09-12 10:17:03,Morning,Weekday
Bread,2016-09-12 10:18:33,Morning,Weekday
Bread,2016-09-12 10:20:34,Morning,Weekday
Coffee,2016-09-12 10:20:34,Morning,Weekday
Bread,2016-09-12 10:36:25,Morning,Weekday
Bread,2016-09-12 10:40:00,Morning,Weekday
Brownie,2016-09-12 10:40:00,Morning,Weekday
Coffee,2016-09-12 10:43:53,Morning,Weekday
Tea,2016-09-12 10:45:04,Morning,Weekday
The Nomad,2016-09-12 10:45:04,Morning,Weekday
Fudge,2016-09-12 10:56:23,Morning,Weekday
Alfajores,2016-09-12 10:58:25,Morning,Weekday
Coffee,2016-09-12 10:58:25,Morning,Weekday
Bread,2016-09-12 10:59:55,Morning,Weekday
Coffee,2016-09-12 11:02:01,Morning,Weekday
Alfajores,2016-09-12 11:02:01,Morning,Weekday
Brownie,2016-09-12 11:03:24,Morning,Weekday
Coffee,2016-09-12 11:03:24,Morning,Weekday
Bread,2016-09-12 11:07:26,Morning,Weekday
Jam,2016-09-12 11:15:23,Morning,Weekday
Fudge,2016-09-12 11:15:23,Morning,Weekday
Tea,2016-09-12 11:18:31,Morning,Weekday
Coffee,2016-09-12 11:24:13,Morning,Weekday
Coffee,2016-09-12 11:32:08,Morning,Weekday
Bread,2016-09-12 11:46:29,Morning,Weekday
Coffee,2016-09-12 11:48:20,Morning,Weekday
Coffee,2016-09-12 12:06:09,Afternoon,Weekday
Medialuna,2016-09-12 12:07:50,Afternoon,Weekday
Cake,2016-09-12 12:07:50,Afternoon,Weekday
Coffee,2016-09-12 12:10:24,Afternoon,Weekday
Cake,2016-09-12 12:10:24,Afternoon,Weekday
Coffee,2016-09-12 12:16:51,Afternoon,Weekday
Coffee,2016-09-12 12:16:51,Afternoon,Weekday
The Nomad,2016-09-12 12:30:31,Afternoon,Weekday
Tea,2016-09-12 12:30:31,Afternoon,Weekday
Bread,2016-09-12 12:30:31,Afternoon,Weekday
Brownie,2016-09-12 12:30:31,Afternoon,Weekday
Fudge,2016-09-12 12:30:31,Afternoon,Weekday
Fudge,2016-09-12 12:30:31,Afternoon,Weekday
Scone,2016-09-12 12:45:21,Afternoon,Weekday
Tea,2016-09-12 12:45:21,Afternoon,Weekday
Bread,2016-09-12 12:52:56,Afternoon,Weekday
Sandwich,2016-09-12 12:56:47,Afternoon,Weekday
Bread,2016-09-12 12:56:47,Afternoon,Weekday
Mineral water,2016-09-12 12:56:47,Afternoon,Weekday
Coffee,2016-09-12 12:56:47,Afternoon,Weekday
Juice,2016-09-12 12:56:47,Afternoon,Weekday
Bread,2016-09-12 13:00:58,Afternoon,Weekday
Bread,2016-09-12 13:00:58,Afternoon,Weekday
Scandinavian,2016-09-12 13:00:58,Afternoon,Weekday
Sandwich,2016-09-12 13:42:26,Afternoon,Weekday
Coffee,2016-09-12 13:43:48,Afternoon,Weekday
Brownie,2016-09-12 13:43:48,Afternoon,Weekday
Hearty & Seasonal,2016-09-12 13:48:24,Afternoon,Weekday
Brownie,2016-09-12 13:48:24,Afternoon,Weekday
Bread,2016-09-12 13:48:24,Afternoon,Weekday
Tea,2016-09-12 13:50:55,Afternoon,Weekday
Hearty & Seasonal,2016-09-12 13:50:55,Afternoon,Weekday
Coffee,2016-09-12 13:52:06,Afternoon,Weekday
Brownie,2016-09-12 13:52:06,Afternoon,Weekday
Coffee,2016-09-12 14:19:07,Afternoon,Weekday
Farm House,2016-09-12 14:19:07,Afternoon,Weekday
Coffee,2016-09-12 14:36:39,Afternoon,Weekday
Scone,2016-09-12 14:36:39,Afternoon,Weekday
Scone,2016-09-12 14:49:47,Afternoon,Weekday
Crepes,2016-09-12 14:49:47,Afternoon,Weekday
Alfajores,2016-09-12 14:49:47,Afternoon,Weekday
Alfajores,2016-09-12 14:49:47,Afternoon,Weekday
Scandinavian,2016-09-12 15:04:04,Afternoon,Weekday
Cake,2016-09-12 15:25:43,Afternoon,Weekday
Bread,2016-09-12 15:26:56,Afternoon,Weekday
Bread,2016-09-12 15:38:57,Afternoon,Weekday
Bread,2016-09-12 15:43:46,Afternoon,Weekday
Tea,2016-09-12 15:43:46,Afternoon,Weekday
Brownie,2016-09-12 15:54:45,Afternoon,Weekday
Mineral water,2016-09-12 15:54:45,Afternoon,Weekday
Farm House,2016-09-12 15:59:06,Afternoon,Weekday
Coffee,2016-09-12 16:03:20,Afternoon,Weekday
Sandwich,2016-09-12 16:16:09,Afternoon,Weekday
Scone,2016-09-12 16:16:09,Afternoon,Weekday
Bread,2016-09-12 16:16:09,Afternoon,Weekday
Coffee,2016-09-12 16:16:09,Afternoon,Weekday
Coffee,2016-09-12 16:18:01,Afternoon,Weekday
Hot chocolate,2016-09-12 16:18:01,Afternoon,Weekday
Tea,2016-09-12 16:18:01,Afternoon,Weekday
Alfajores,2016-09-12 16:18:01,Afternoon,Weekday
Sandwich,2016-09-12 16:18:01,Afternoon,Weekday
Bread,2016-10-12 08:19:55,Morning,Weekend
Scone,2016-10-12 08:19:55,Morning,Weekend
Juice,2016-10-12 08:19:55,Morning,Weekend
Coffee,2016-10-12 08:50:37,Morning,Weekend
Bread,2016-10-12 08:53:46,Morning,Weekend
Bread,2016-10-12 08:55:00,Morning,Weekend
Coffee,2016-10-12 09:10:23,Morning,Weekend
Coffee,2016-10-12 09:10:23,Morning,Weekend
Toast,2016-10-12 09:10:23,Morning,Weekend
Pastry,2016-10-12 09:10:23,Morning,Weekend
Bread,2016-10-12 09:14:48,Morning,Weekend
Focaccia,2016-10-12 09:14:48,Morning,Weekend
Scone,2016-10-12 09:16:49,Morning,Weekend
Focaccia,2016-10-12 09:18:42,Morning,Weekend
Scandinavian,2016-10-12 09:19:13,Morning,Weekend
Coffee,2016-10-12 09:38:01,Morning,Weekend
Tea,2016-10-12 09:38:01,Morning,Weekend
Coffee,2016-10-12 09:40:05,Morning,Weekend
Coffee,2016-10-12 09:40:05,Morning,Weekend
Farm House,2016-10-12 09:40:05,Morning,Weekend
Focaccia,2016-10-12 09:54:44,Morning,Weekend
Pastry,2016-10-12 09:54:44,Morning,Weekend
Coffee,2016-10-12 10:01:48,Morning,Weekend
Pastry,2016-10-12 10:01:48,Morning,Weekend
Medialuna,2016-10-12 10:01:48,Morning,Weekend
Sandwich,2016-10-12 10:09:25,Morning,Weekend
Bread,2016-10-12 10:09:25,Morning,Weekend
Bread,2016-10-12 10:12:50,Morning,Weekend
Coffee,2016-10-12 10:12:50,Morning,Weekend
Medialuna,2016-10-12 10:12:50,Morning,Weekend
Medialuna,2016-10-12 10:12:50,Morning,Weekend
Jam,2016-10-12 10:12:50,Morning,Weekend
Sandwich,2016-10-12 10:14:55,Morning,Weekend
Tea,2016-10-12 10:14:55,Morning,Weekend
Coffee,2016-10-12 10:14:55,Morning,Weekend
Coffee,2016-10-12 10:17:44,Morning,Weekend
Farm House,2016-10-12 10:17:44,Morning,Weekend
Bread,2016-10-12 10:19:11,Morning,Weekend
Bread,2016-10-12 10:31:31,Morning,Weekend
Coffee,2016-10-12 10:31:31,Morning,Weekend
Coffee,2016-10-12 10:37:09,Morning,Weekend
Coffee,2016-10-12 10:37:09,Morning,Weekend
Toast,2016-10-12 10:37:09,Morning,Weekend
Scandinavian,2016-10-12 10:37:09,Morning,Weekend
Farm House,2016-10-12 10:39:51,Morning,Weekend
Bread,2016-10-12 10:39:51,Morning,Weekend
Medialuna,2016-10-12 10:39:51,Morning,Weekend
Bread,2016-10-12 10:42:09,Morning,Weekend
Cake,2016-10-12 10:46:14,Morning,Weekend
Pastry,2016-10-12 10:48:51,Morning,Weekend
Coffee,2016-10-12 10:48:51,Morning,Weekend
Brownie,2016-10-12 10:48:51,Morning,Weekend
Bread,2016-10-12 11:05:37,Morning,Weekend
Coffee,2016-10-12 11:12:47,Morning,Weekend
Tea,2016-10-12 11:12:47,Morning,Weekend
Scone,2016-10-12 11:12:47,Morning,Weekend
Coffee,2016-10-12 11:14:20,Morning,Weekend
Coffee,2016-10-12 11:14:20,Morning,Weekend
Bread,2016-10-12 11:15:23,Morning,Weekend
Tea,2016-10-12 11:15:23,Morning,Weekend
Coffee,2016-10-12 11:24:23,Morning,Weekend
Scone,2016-10-12 11:24:23,Morning,Weekend
Farm House,2016-10-12 11:37:09,Morning,Weekend
Scandinavian,2016-10-12 11:37:09,Morning,Weekend
Vegan mincepie,2016-10-12 11:41:15,Morning,Weekend
Cake,2016-10-12 11:41:15,Morning,Weekend
Tea,2016-10-12 11:41:57,Morning,Weekend
Coffee,2016-10-12 11:41:57,Morning,Weekend
Bread,2016-10-12 11:43:08,Morning,Weekend
Coffee,2016-10-12 11:50:51,Morning,Weekend
Scandinavian,2016-10-12 11:51:38,Morning,Weekend
Bread,2016-10-12 11:58:16,Morning,Weekend
Tea,2016-10-12 12:02:49,Afternoon,Weekend
Bread,2016-10-12 12:02:49,Afternoon,Weekend
Medialuna,2016-10-12 12:03:47,Afternoon,Weekend
Pastry,2016-10-12 12:03:47,Afternoon,Weekend
Coffee,2016-10-12 12:03:47,Afternoon,Weekend
Truffles,2016-10-12 12:13:24,Afternoon,Weekend
Juice,2016-10-12 12:13:24,Afternoon,Weekend
Coffee,2016-10-12 12:14:43,Afternoon,Weekend
Jammie Dodgers,2016-10-12 12:14:43,Afternoon,Weekend
Art Tray,2016-10-12 12:14:43,Afternoon,Weekend
Frittata,2016-10-12 12:15:22,Afternoon,Weekend
Bread,2016-10-12 12:19:34,Afternoon,Weekend
Sandwich,2016-10-12 12:21:04,Afternoon,Weekend
Coffee,2016-10-12 12:21:04,Afternoon,Weekend
Coffee,2016-10-12 12:25:15,Afternoon,Weekend
Juice,2016-10-12 12:25:15,Afternoon,Weekend
Tea,2016-10-12 13:00:41,Afternoon,Weekend
Sandwich,2016-10-12 13:00:41,Afternoon,Weekend
Jam,2016-10-12 13:02:03,Afternoon,Weekend
Scone,2016-10-12 13:02:45,Afternoon,Weekend
Coffee,2016-10-12 13:06:56,Afternoon,Weekend
Sandwich,2016-10-12 13:06:56,Afternoon,Weekend
Coffee,2016-10-12 13:15:28,Afternoon,Weekend
Bread,2016-10-12 13:16:19,Afternoon,Weekend
Tea,2016-10-12 13:16:19,Afternoon,Weekend
Frittata,2016-10-12 13:21:07,Afternoon,Weekend
Tea,2016-10-12 13:21:07,Afternoon,Weekend
Bread,2016-10-12 13:21:07,Afternoon,Weekend
Scandinavian,2016-10-12 13:23:00,Afternoon,Weekend
Sandwich,2016-10-12 13:28:07,Afternoon,Weekend
Art Tray,2016-10-12 13:28:07,Afternoon,Weekend
Truffles,2016-10-12 13:28:07,Afternoon,Weekend
Coffee,2016-10-12 13:28:07,Afternoon,Weekend
Scone,2016-10-12 13:29:46,Afternoon,Weekend
Frittata,2016-10-12 13:29:46,Afternoon,Weekend
Juice,2016-10-12 13:29:46,Afternoon,Weekend
Tea,2016-10-12 13:39:39,Afternoon,Weekend
Coffee,2016-10-12 13:54:17,Afternoon,Weekend
Mineral water,2016-10-12 13:54:17,Afternoon,Weekend
Frittata,2016-10-12 13:54:17,Afternoon,Weekend
Coffee,2016-10-12 13:58:17,Afternoon,Weekend
Tea,2016-10-12 13:58:17,Afternoon,Weekend
Bread,2016-10-12 14:00:50,Afternoon,Weekend
Bread,2016-10-12 14:00:50,Afternoon,Weekend
Brownie,2016-10-12 14:00:50,Afternoon,Weekend
Scone,2016-10-12 14:00:50,Afternoon,Weekend
Coffee,2016-10-12 14:03:58,Afternoon,Weekend
Frittata,2016-10-12 14:30:30,Afternoon,Weekend
Sandwich,2016-10-12 14:30:30,Afternoon,Weekend
Coffee,2016-10-12 14:30:30,Afternoon,Weekend
Tea,2016-10-12 14:37:46,Afternoon,Weekend
Coffee,2016-10-12 14:44:35,Afternoon,Weekend
Tea,2016-10-12 14:44:35,Afternoon,Weekend
Vegan mincepie,2016-10-12 15:04:03,Afternoon,Weekend
Coffee,2016-10-12 15:04:03,Afternoon,Weekend
Hot chocolate,2016-10-12 15:04:03,Afternoon,Weekend
Juice,2016-10-12 15:05:12,Afternoon,Weekend
Cake,2016-10-12 15:10:30,Afternoon,Weekend
Tea,2016-10-12 15:10:30,Afternoon,Weekend
Tea,2016-10-12 15:18:36,Afternoon,Weekend
Bread,2016-10-12 15:33:13,Afternoon,Weekend
Farm House,2016-10-12 15:33:13,Afternoon,Weekend
Coffee,2016-10-12 15:46:51,Afternoon,Weekend
Tea,2016-10-12 15:46:51,Afternoon,Weekend
Bread,2016-10-12 15:46:51,Afternoon,Weekend
Mineral water,2016-10-12 15:46:51,Afternoon,Weekend
Scone,2016-10-12 15:46:51,Afternoon,Weekend
Bread,2016-10-12 15:46:51,Afternoon,Weekend
Bread,2016-10-12 15:54:14,Afternoon,Weekend
Bread,2016-10-12 16:07:09,Afternoon,Weekend
Hot chocolate,2016-10-12 16:07:09,Afternoon,Weekend
Hot chocolate,2016-10-12 16:07:09,Afternoon,Weekend
Coke,2016-10-12 16:09:03,Afternoon,Weekend
Sandwich,2016-10-12 16:09:03,Afternoon,Weekend
Sandwich,2016-10-12 16:10:25,Afternoon,Weekend
Mineral water,2016-10-12 16:10:25,Afternoon,Weekend
Hot chocolate,2016-10-12 16:12:13,Afternoon,Weekend
Tea,2016-10-12 16:12:13,Afternoon,Weekend
Cake,2016-10-12 16:12:13,Afternoon,Weekend
Scandinavian,2016-10-12 16:23:46,Afternoon,Weekend
Frittata,2016-10-12 16:24:56,Afternoon,Weekend
Cake,2016-10-12 16:24:56,Afternoon,Weekend
Cake,2016-10-12 16:30:41,Afternoon,Weekend
Coffee,2016-10-12 16:40:30,Afternoon,Weekend
Bread,2016-10-12 16:40:30,Afternoon,Weekend
Coffee,2016-10-12 16:44:50,Afternoon,Weekend
Tea,2016-10-12 16:44:50,Afternoon,Weekend
Bread,2016-10-12 16:44:50,Afternoon,Weekend
Scone,2016-10-12 16:45:57,Afternoon,Weekend
Coffee,2016-10-12 16:45:57,Afternoon,Weekend
Bread,2016-10-12 16:46:51,Afternoon,Weekend
Jam,2016-10-12 17:12:43,Evening,Weekend
Bread,2016-11-12 09:08:30,Morning,Weekend
Coffee,2016-11-12 09:11:47,Morning,Weekend
Medialuna,2016-11-12 09:11:47,Morning,Weekend
Bread,2016-11-12 09:14:33,Morning,Weekend
Farm House,2016-11-12 09:14:33,Morning,Weekend
Bread,2016-11-12 09:16:54,Morning,Weekend
Coffee,2016-11-12 09:24:44,Morning,Weekend
Pastry,2016-11-12 09:24:44,Morning,Weekend
Bread,2016-11-12 09:29:03,Morning,Weekend
Coffee,2016-11-12 09:29:03,Morning,Weekend
Medialuna,2016-11-12 09:32:19,Morning,Weekend
Coffee,2016-11-12 09:32:19,Morning,Weekend
Scone,2016-11-12 09:35:17,Morning,Weekend
Bread,2016-11-12 09:35:17,Morning,Weekend
Coffee,2016-11-12 09:38:31,Morning,Weekend
Coke,2016-11-12 09:38:31,Morning,Weekend
Coffee,2016-11-12 10:01:58,Morning,Weekend
Truffles,2016-11-12 10:04:37,Morning,Weekend
Bread,2016-11-12 10:08:10,Morning,Weekend
Mineral water,2016-11-12 10:16:02,Morning,Weekend
Hot chocolate,2016-11-12 10:55:19,Morning,Weekend
Coffee,2016-11-12 10:55:19,Morning,Weekend
Bread,2016-11-12 10:55:19,Morning,Weekend
Toast,2016-11-12 10:55:19,Morning,Weekend
Medialuna,2016-11-12 10:55:19,Morning,Weekend
Alfajores,2016-11-12 10:55:19,Morning,Weekend
Fudge,2016-11-12 10:55:19,Morning,Weekend
Jam,2016-11-12 10:56:30,Morning,Weekend
Medialuna,2016-11-12 11:00:41,Morning,Weekend
Bakewell,2016-11-12 11:00:41,Morning,Weekend
Coffee,2016-11-12 11:00:41,Morning,Weekend
Bread,2016-11-12 11:00:41,Morning,Weekend
Toast,2016-11-12 11:00:41,Morning,Weekend
Coffee,2016-11-12 11:11:38,Morning,Weekend
Bread,2016-11-12 11:13:45,Morning,Weekend
Coffee,2016-11-12 11:29:24,Morning,Weekend
Coffee,2016-11-12 11:29:24,Morning,Weekend
Bakewell,2016-11-12 11:29:24,Morning,Weekend
Medialuna,2016-11-12 11:29:24,Morning,Weekend
Coffee,2016-11-12 11:36:53,Morning,Weekend
Coffee,2016-11-12 11:36:53,Morning,Weekend
Bread,2016-11-12 11:36:53,Morning,Weekend
Farm House,2016-11-12 11:42:56,Morning,Weekend
Bread,2016-11-12 11:43:39,Morning,Weekend
Medialuna,2016-11-12 11:47:04,Morning,Weekend
Scone,2016-11-12 11:47:04,Morning,Weekend
Coffee,2016-11-12 11:47:04,Morning,Weekend
Coffee,2016-11-12 11:47:04,Morning,Weekend
Bread,2016-11-12 11:57:43,Morning,Weekend
Farm House,2016-11-12 12:00:39,Afternoon,Weekend
Coffee,2016-11-12 12:00:39,Afternoon,Weekend
Medialuna,2016-11-12 12:00:39,Afternoon,Weekend
Bread,2016-11-12 12:00:39,Afternoon,Weekend
Smoothies,2016-11-12 12:06:33,Afternoon,Weekend
Coffee,2016-11-12 12:07:29,Afternoon,Weekend
Medialuna,2016-11-12 12:45:14,Afternoon,Weekend
Coffee,2016-11-12 12:45:14,Afternoon,Weekend
Mineral water,2016-11-12 12:47:20,Afternoon,Weekend
Bread,2016-11-12 12:59:40,Afternoon,Weekend
Mineral water,2016-11-12 12:59:40,Afternoon,Weekend
Hot chocolate,2016-11-12 12:59:40,Afternoon,Weekend
Sandwich,2016-11-12 13:02:56,Afternoon,Weekend
Tea,2016-11-12 13:02:56,Afternoon,Weekend
Coffee,2016-11-12 13:05:06,Afternoon,Weekend
Cookies,2016-11-12 13:05:06,Afternoon,Weekend
Alfajores,2016-11-12 13:08:04,Afternoon,Weekend
Alfajores,2016-11-12 13:08:04,Afternoon,Weekend
Vegan mincepie,2016-11-12 13:33:11,Afternoon,Weekend
Bread,2016-11-12 13:33:11,Afternoon,Weekend
Coffee,2016-11-12 13:33:11,Afternoon,Weekend
Coffee,2016-11-12 13:34:52,Afternoon,Weekend
Medialuna,2016-11-12 13:42:48,Afternoon,Weekend
Coffee,2016-11-12 13:43:48,Afternoon,Weekend
Frittata,2016-11-12 13:43:48,Afternoon,Weekend
Toast,2016-11-12 13:43:48,Afternoon,Weekend
Coffee,2016-11-12 13:51:48,Afternoon,Weekend
Hot chocolate,2016-11-12 13:51:48,Afternoon,Weekend
Muffin,2016-11-12 13:51:48,Afternoon,Weekend
Coffee,2016-11-12 13:54:56,Afternoon,Weekend
Scandinavian,2016-11-12 13:54:56,Afternoon,Weekend
Bakewell,2016-11-12 14:21:33,Afternoon,Weekend
Tea,2016-11-12 14:21:33,Afternoon,Weekend
Coffee,2016-11-12 14:29:19,Afternoon,Weekend
Frittata,2016-11-12 14:32:44,Afternoon,Weekend
Coffee,2016-11-12 14:32:44,Afternoon,Weekend
Scandinavian,2016-11-12 15:04:06,Afternoon,Weekend
Coffee,2016-11-12 15:16:58,Afternoon,Weekend
Coffee,2016-11-12 15:16:58,Afternoon,Weekend
Coffee,2016-11-12 15:26:13,Afternoon,Weekend
Tea,2016-11-12 15:26:13,Afternoon,Weekend
Scandinavian,2016-11-12 15:27:11,Afternoon,Weekend
Bread,2016-11-12 15:48:13,Afternoon,Weekend
Tea,2016-12-12 08:51:43,Morning,Weekday
Bread,2016-12-12 08:52:44,Morning,Weekday
Bread,2016-12-12 08:54:59,Morning,Weekday
Medialuna,2016-12-12 08:54:59,Morning,Weekday
Pastry,2016-12-12 08:58:21,Morning,Weekday
Toast,2016-12-12 08:58:21,Morning,Weekday
Coffee,2016-12-12 08:58:21,Morning,Weekday
Coffee,2016-12-12 09:02:23,Morning,Weekday
Pastry,2016-12-12 09:02:23,Morning,Weekday
Tea,2016-12-12 09:13:20,Morning,Weekday
Coffee,2016-12-12 09:28:15,Morning,Weekday
Toast,2016-12-12 09:28:15,Morning,Weekday
Coffee,2016-12-12 10:00:20,Morning,Weekday
Jam,2016-12-12 10:09:22,Morning,Weekday
Coffee,2016-12-12 10:09:22,Morning,Weekday
Hot chocolate,2016-12-12 10:09:22,Morning,Weekday
Toast,2016-12-12 10:09:22,Morning,Weekday
Coffee,2016-12-12 10:16:00,Morning,Weekday
Sandwich,2016-12-12 10:16:00,Morning,Weekday
Bread,2016-12-12 10:36:09,Morning,Weekday
Tea,2016-12-12 10:36:09,Morning,Weekday
Bakewell,2016-12-12 10:36:09,Morning,Weekday
Alfajores,2016-12-12 10:36:09,Morning,Weekday
Bread,2016-12-12 10:38:49,Morning,Weekday
Coffee,2016-12-12 10:38:49,Morning,Weekday
Cake,2016-12-12 10:38:49,Morning,Weekday
Bread,2016-12-12 11:14:48,Morning,Weekday
Bread,2016-12-12 11:23:36,Morning,Weekday
Coffee,2016-12-12 11:29:00,Morning,Weekday
Coffee,2016-12-12 11:29:00,Morning,Weekday
Bakewell,2016-12-12 11:29:00,Morning,Weekday
Cake,2016-12-12 11:29:00,Morning,Weekday
Bread,2016-12-12 11:30:21,Morning,Weekday
Coffee,2016-12-12 11:31:46,Morning,Weekday
Medialuna,2016-12-12 11:31:46,Morning,Weekday
Bread,2016-12-12 11:54:43,Morning,Weekday
Bread,2016-12-12 11:57:00,Morning,Weekday
Vegan mincepie,2016-12-12 11:57:00,Morning,Weekday
Coffee,2016-12-12 12:17:22,Afternoon,Weekday
Bread,2016-12-12 12:17:22,Afternoon,Weekday
Vegan mincepie,2016-12-12 12:17:22,Afternoon,Weekday
Cake,2016-12-12 12:17:22,Afternoon,Weekday
Bread,2016-12-12 12:22:06,Afternoon,Weekday
Sandwich,2016-12-12 12:23:10,Afternoon,Weekday
Pastry,2016-12-12 12:35:16,Afternoon,Weekday
Bread,2016-12-12 12:35:16,Afternoon,Weekday
Cake,2016-12-12 12:55:45,Afternoon,Weekday
Vegan mincepie,2016-12-12 12:55:45,Afternoon,Weekday
Coffee,2016-12-12 12:55:45,Afternoon,Weekday
Coffee,2016-12-12 12:55:45,Afternoon,Weekday
Mineral water,2016-12-12 12:55:45,Afternoon,Weekday
Mineral water,2016-12-12 12:55:45,Afternoon,Weekday
Jam,2016-12-12 12:59:25,Afternoon,Weekday
Bread,2016-12-12 13:18:24,Afternoon,Weekday
Frittata,2016-12-12 13:24:02,Afternoon,Weekday
Coffee,2016-12-12 13:24:02,Afternoon,Weekday
Coffee,2016-12-12 13:48:02,Afternoon,Weekday
Coffee,2016-12-12 13:48:02,Afternoon,Weekday
Bread,2016-12-12 13:55:03,Afternoon,Weekday
Sandwich,2016-12-12 13:56:45,Afternoon,Weekday
Sandwich,2016-12-12 13:59:15,Afternoon,Weekday
Bread,2016-12-12 13:59:15,Afternoon,Weekday
Truffles,2016-12-12 13:59:15,Afternoon,Weekday
Coffee,2016-12-12 13:59:15,Afternoon,Weekday
Tea,2016-12-12 14:02:55,Afternoon,Weekday
Toast,2016-12-12 14:02:55,Afternoon,Weekday
Coffee,2016-12-12 14:08:53,Afternoon,Weekday
Cake,2016-12-12 14:09:53,Afternoon,Weekday
Coffee,2016-12-12 14:12:12,Afternoon,Weekday
Bread,2016-12-12 14:12:12,Afternoon,Weekday
Bread,2016-12-12 14:12:12,Afternoon,Weekday
Bread,2016-12-12 14:12:12,Afternoon,Weekday
Fudge,2016-12-12 15:01:06,Afternoon,Weekday
Jam,2016-12-12 15:09:13,Afternoon,Weekday
Jam,2016-12-12 15:09:13,Afternoon,Weekday
Bread,2016-12-12 15:19:20,Afternoon,Weekday
Coffee,2016-12-12 15:33:43,Afternoon,Weekday
Tea,2016-12-12 15:44:20,Afternoon,Weekday
Bread,2016-12-12 15:44:20,Afternoon,Weekday
Hot chocolate,2016-12-12 15:44:20,Afternoon,Weekday
Vegan mincepie,2016-12-12 15:44:20,Afternoon,Weekday
Bread,2016-12-12 15:44:20,Afternoon,Weekday
Juice,2016-12-12 15:46:25,Afternoon,Weekday
Cake,2016-12-12 15:46:25,Afternoon,Weekday
Jammie Dodgers,2016-12-12 15:46:25,Afternoon,Weekday
Bread,2016-12-12 15:46:25,Afternoon,Weekday
Bread,2016-12-12 15:53:25,Afternoon,Weekday
Vegan mincepie,2016-12-12 16:12:11,Afternoon,Weekday
Tea,2016-12-12 16:12:11,Afternoon,Weekday
Coffee,2016-12-12 16:24:11,Afternoon,Weekday
Pastry,2016-12-12 16:24:11,Afternoon,Weekday
Scandinavian,2016-12-13 08:33:03,Morning,Weekday
Vegan mincepie,2016-12-13 08:33:03,Morning,Weekday
Bread,2016-12-13 08:37:55,Morning,Weekday
Coffee,2016-12-13 09:04:03,Morning,Weekday
Fudge,2016-12-13 09:04:03,Morning,Weekday
Jam,2016-12-13 09:04:03,Morning,Weekday
Fudge,2016-12-13 09:04:03,Morning,Weekday
Fudge,2016-12-13 09:04:03,Morning,Weekday
Jam,2016-12-13 09:06:18,Morning,Weekday
Coffee,2016-12-13 09:06:18,Morning,Weekday
Coffee,2016-12-13 09:06:18,Morning,Weekday
Coffee,2016-12-13 09:30:41,Morning,Weekday
Coffee,2016-12-13 09:30:41,Morning,Weekday
Coffee,2016-12-13 09:40:04,Morning,Weekday
Cookies,2016-12-13 09:40:04,Morning,Weekday
Pastry,2016-12-13 09:40:04,Morning,Weekday
Medialuna,2016-12-13 09:42:21,Morning,Weekday
Bread,2016-12-13 09:42:21,Morning,Weekday
Coffee,2016-12-13 09:43:56,Morning,Weekday
Art Tray,2016-12-13 09:43:56,Morning,Weekday
Tea,2016-12-13 09:48:29,Morning,Weekday
Tea,2016-12-13 09:48:29,Morning,Weekday
Toast,2016-12-13 09:48:29,Morning,Weekday
Coke,2016-12-13 09:49:21,Morning,Weekday
Coffee,2016-12-13 10:10:30,Morning,Weekday
Bread,2016-12-13 10:10:30,Morning,Weekday
Bakewell,2016-12-13 10:14:24,Morning,Weekday
Farm House,2016-12-13 10:14:24,Morning,Weekday
Bread,2016-12-13 10:31:30,Morning,Weekday
Tea,2016-12-13 10:31:30,Morning,Weekday
Coffee,2016-12-13 10:31:30,Morning,Weekday
Alfajores,2016-12-13 10:31:30,Morning,Weekday
Hot chocolate,2016-12-13 10:31:30,Morning,Weekday
Farm House,2016-12-13 10:33:40,Morning,Weekday
Coffee,2016-12-13 10:53:45,Morning,Weekday
Bread,2016-12-13 10:53:45,Morning,Weekday
Coffee,2016-12-13 11:08:11,Morning,Weekday
Toast,2016-12-13 11:08:11,Morning,Weekday
Scandinavian,2016-12-13 11:08:11,Morning,Weekday
Bread,2016-12-13 11:28:53,Morning,Weekday
Vegan mincepie,2016-12-13 11:28:53,Morning,Weekday
Bread,2016-12-13 11:31:22,Morning,Weekday
Coffee,2016-12-13 11:32:19,Morning,Weekday
Coffee,2016-12-13 11:35:13,Morning,Weekday
Bread,2016-12-13 11:35:13,Morning,Weekday
Alfajores,2016-12-13 11:35:13,Morning,Weekday
Coffee,2016-12-13 12:15:33,Afternoon,Weekday
Bread,2016-12-13 12:17:35,Afternoon,Weekday
Medialuna,2016-12-13 12:32:28,Afternoon,Weekday
Coffee,2016-12-13 12:49:18,Afternoon,Weekday
Frittata,2016-12-13 13:11:49,Afternoon,Weekday
Tea,2016-12-13 13:11:49,Afternoon,Weekday
Coffee,2016-12-13 13:11:49,Afternoon,Weekday
Tea,2016-12-13 13:36:01,Afternoon,Weekday
Tea,2016-12-13 13:56:44,Afternoon,Weekday
Bakewell,2016-12-13 13:56:44,Afternoon,Weekday
Farm House,2016-12-13 13:58:11,Afternoon,Weekday
Coffee,2016-12-13 14:32:06,Afternoon,Weekday
Pastry,2016-12-13 14:32:06,Afternoon,Weekday
Medialuna,2016-12-13 14:32:06,Afternoon,Weekday
Coffee,2016-12-13 14:37:45,Afternoon,Weekday
Coffee,2016-12-13 14:37:45,Afternoon,Weekday
Sandwich,2016-12-13 14:37:45,Afternoon,Weekday
Coffee,2016-12-13 14:51:57,Afternoon,Weekday
Medialuna,2016-12-13 14:51:57,Afternoon,Weekday
Coffee,2016-12-13 14:59:06,Afternoon,Weekday
Pastry,2016-12-13 14:59:06,Afternoon,Weekday
Muffin,2016-12-13 15:04:09,Afternoon,Weekday
Bread,2016-12-13 15:04:09,Afternoon,Weekday
Bread,2016-12-13 15:04:09,Afternoon,Weekday
Coffee,2016-12-13 15:04:09,Afternoon,Weekday
Coffee,2016-12-13 15:06:37,Afternoon,Weekday
Bakewell,2016-12-13 15:06:37,Afternoon,Weekday
Bread,2016-12-13 15:17:44,Afternoon,Weekday
Coffee,2016-12-13 15:19:05,Afternoon,Weekday
Bread,2016-12-13 15:22:40,Afternoon,Weekday
Coffee,2016-12-13 15:40:25,Afternoon,Weekday
Coffee,2016-12-13 15:40:25,Afternoon,Weekday
Alfajores,2016-12-13 15:40:25,Afternoon,Weekday
Bread,2016-12-13 16:07:26,Afternoon,Weekday
Truffles,2016-12-13 16:07:26,Afternoon,Weekday
Coffee,2016-12-13 16:07:26,Afternoon,Weekday
Truffles,2016-12-13 16:07:26,Afternoon,Weekday
Scandinavian,2016-12-13 16:07:26,Afternoon,Weekday
Tea,2016-12-13 16:26:23,Afternoon,Weekday
Cake,2016-12-13 16:26:23,Afternoon,Weekday
Jam,2016-12-13 16:53:11,Afternoon,Weekday
Fudge,2016-12-13 18:34:03,Evening,Weekday
Jam,2016-12-13 18:34:03,Evening,Weekday
Jam,2016-12-13 18:34:03,Evening,Weekday
Bread,2016-12-14 08:43:41,Morning,Weekday
Coffee,2016-12-14 08:43:57,Morning,Weekday
Tea,2016-12-14 08:55:49,Morning,Weekday
Coffee,2016-12-14 08:55:49,Morning,Weekday
Coffee,2016-12-14 08:57:26,Morning,Weekday
Tea,2016-12-14 08:57:26,Morning,Weekday
Toast,2016-12-14 08:57:26,Morning,Weekday
Coffee,2016-12-14 09:07:29,Morning,Weekday
Bread,2016-12-14 09:08:10,Morning,Weekday
Coffee,2016-12-14 09:10:47,Morning,Weekday
Coffee,2016-12-14 09:14:53,Morning,Weekday
Bread,2016-12-14 09:18:56,Morning,Weekday
Bread,2016-12-14 09:25:14,Morning,Weekday
Fudge,2016-12-14 09:39:39,Morning,Weekday
Coffee,2016-12-14 10:28:46,Morning,Weekday
Coffee,2016-12-14 10:32:43,Morning,Weekday
Tea,2016-12-14 10:32:43,Morning,Weekday
Coffee,2016-12-14 10:38:54,Morning,Weekday
Coffee,2016-12-14 10:38:54,Morning,Weekday
Farm House,2016-12-14 10:38:54,Morning,Weekday
Medialuna,2016-12-14 10:49:17,Morning,Weekday
Muffin,2016-12-14 10:49:17,Morning,Weekday
Coffee,2016-12-14 10:49:17,Morning,Weekday
Juice,2016-12-14 10:49:17,Morning,Weekday
Coffee,2016-12-14 10:52:57,Morning,Weekday
Coffee,2016-12-14 10:55:13,Morning,Weekday
Bread,2016-12-14 10:55:13,Morning,Weekday
Bread,2016-12-14 10:55:13,Morning,Weekday
Coffee,2016-12-14 11:01:38,Morning,Weekday
Coffee,2016-12-14 11:01:38,Morning,Weekday
Bread,2016-12-14 11:01:38,Morning,Weekday
Muffin,2016-12-14 11:01:38,Morning,Weekday
Vegan mincepie,2016-12-14 11:11:00,Morning,Weekday
Coffee,2016-12-14 11:11:00,Morning,Weekday
Tea,2016-12-14 11:11:00,Morning,Weekday
Alfajores,2016-12-14 11:15:38,Morning,Weekday
Coffee,2016-12-14 11:15:38,Morning,Weekday
Coffee,2016-12-14 11:18:35,Morning,Weekday
Coffee,2016-12-14 11:18:35,Morning,Weekday
Medialuna,2016-12-14 11:18:35,Morning,Weekday
Bread,2016-12-14 11:33:23,Morning,Weekday
Tea,2016-12-14 11:33:23,Morning,Weekday
Coffee,2016-12-14 11:34:36,Morning,Weekday
Coffee,2016-12-14 11:46:29,Morning,Weekday
Bread,2016-12-14 11:53:10,Morning,Weekday
Pastry,2016-12-14 11:53:10,Morning,Weekday
Bread,2016-12-14 12:00:39,Afternoon,Weekday
Farm House,2016-12-14 12:02:26,Afternoon,Weekday
Bread,2016-12-14 12:11:52,Afternoon,Weekday
Alfajores,2016-12-14 12:11:52,Afternoon,Weekday
Coffee,2016-12-14 12:34:49,Afternoon,Weekday
Jam,2016-12-14 12:38:52,Afternoon,Weekday
Coffee,2016-12-14 12:40:15,Afternoon,Weekday
Pastry,2016-12-14 12:41:11,Afternoon,Weekday
Tea,2016-12-14 12:42:07,Afternoon,Weekday
Coffee,2016-12-14 12:49:29,Afternoon,Weekday
Coffee,2016-12-14 12:49:29,Afternoon,Weekday
Coffee,2016-12-14 13:07:33,Afternoon,Weekday
Toast,2016-12-14 13:07:33,Afternoon,Weekday
Coffee,2016-12-14 13:08:06,Afternoon,Weekday
Coke,2016-12-14 13:13:11,Afternoon,Weekday
Truffles,2016-12-14 13:13:11,Afternoon,Weekday
Sandwich,2016-12-14 13:14:30,Afternoon,Weekday
Tea,2016-12-14 13:14:30,Afternoon,Weekday
Coffee,2016-12-14 13:14:30,Afternoon,Weekday
Tea,2016-12-14 13:16:41,Afternoon,Weekday
Coke,2016-12-14 13:36:49,Afternoon,Weekday
Bread,2016-12-14 13:59:39,Afternoon,Weekday
Sandwich,2016-12-14 13:59:39,Afternoon,Weekday
Bread,2016-12-14 13:59:39,Afternoon,Weekday
Juice,2016-12-14 14:01:14,Afternoon,Weekday
Bread,2016-12-14 14:01:14,Afternoon,Weekday
Art Tray,2016-12-14 14:01:14,Afternoon,Weekday
Toast,2016-12-14 14:01:14,Afternoon,Weekday
Tea,2016-12-14 14:49:16,Afternoon,Weekday
Bread,2016-12-14 14:49:16,Afternoon,Weekday
Coffee,2016-12-14 15:13:08,Afternoon,Weekday
Alfajores,2016-12-14 15:13:08,Afternoon,Weekday
Hot chocolate,2016-12-14 15:18:35,Afternoon,Weekday
Hot chocolate,2016-12-14 15:18:35,Afternoon,Weekday
Toast,2016-12-14 15:18:35,Afternoon,Weekday
Pastry,2016-12-14 15:18:35,Afternoon,Weekday
Sandwich,2016-12-14 15:33:41,Afternoon,Weekday
Tea,2016-12-14 15:33:41,Afternoon,Weekday
Juice,2016-12-14 15:33:41,Afternoon,Weekday
Vegan mincepie,2016-12-14 15:33:41,Afternoon,Weekday
Bread,2016-12-14 15:34:42,Afternoon,Weekday
Alfajores,2016-12-14 15:38:44,Afternoon,Weekday
Muffin,2016-12-14 15:38:44,Afternoon,Weekday
Coffee,2016-12-14 15:41:10,Afternoon,Weekday
Jammie Dodgers,2016-12-14 15:41:10,Afternoon,Weekday
Jammie Dodgers,2016-12-14 15:45:04,Afternoon,Weekday
Bread,2016-12-14 15:45:04,Afternoon,Weekday
Tea,2016-12-14 15:57:54,Afternoon,Weekday
Coffee,2016-12-14 15:57:54,Afternoon,Weekday
Jammie Dodgers,2016-12-14 15:57:54,Afternoon,Weekday
Cake,2016-12-14 15:57:54,Afternoon,Weekday
Bread,2016-12-14 15:57:54,Afternoon,Weekday
Coffee,2016-12-15 08:45:35,Morning,Weekday
Coffee,2016-12-15 08:45:35,Morning,Weekday
Bread,2016-12-15 08:48:05,Morning,Weekday
Pastry,2016-12-15 08:48:05,Morning,Weekday
Medialuna,2016-12-15 08:48:05,Morning,Weekday
Alfajores,2016-12-15 08:58:26,Morning,Weekday
Pastry,2016-12-15 08:58:26,Morning,Weekday
Medialuna,2016-12-15 09:08:14,Morning,Weekday
Toast,2016-12-15 09:08:14,Morning,Weekday
Coffee,2016-12-15 09:08:14,Morning,Weekday
Bread,2016-12-15 09:15:23,Morning,Weekday
Tea,2016-12-15 09:15:23,Morning,Weekday
Pastry,2016-12-15 09:15:23,Morning,Weekday
Bread,2016-12-15 09:25:55,Morning,Weekday
Coffee,2016-12-15 09:31:22,Morning,Weekday
Bread,2016-12-15 09:35:15,Morning,Weekday
Hot chocolate,2016-12-15 09:35:15,Morning,Weekday
Bread,2016-12-15 10:11:53,Morning,Weekday
Pastry,2016-12-15 10:15:15,Morning,Weekday
Coffee,2016-12-15 10:27:01,Morning,Weekday
Coffee,2016-12-15 10:27:01,Morning,Weekday
Bread,2016-12-15 10:31:54,Morning,Weekday
Coffee,2016-12-15 10:49:06,Morning,Weekday
Hot chocolate,2016-12-15 10:49:06,Morning,Weekday
Farm House,2016-12-15 10:50:39,Morning,Weekday
Coffee,2016-12-15 10:54:10,Morning,Weekday
Coffee,2016-12-15 11:00:14,Morning,Weekday
Coffee,2016-12-15 11:00:14,Morning,Weekday
Coffee,2016-12-15 11:03:43,Morning,Weekday
Dulce de Leche,2016-12-15 11:04:15,Morning,Weekday
Pastry,2016-12-15 11:24:12,Morning,Weekday
Farm House,2016-12-15 11:24:12,Morning,Weekday
Bread,2016-12-15 11:26:29,Morning,Weekday
Vegan mincepie,2016-12-15 11:26:29,Morning,Weekday
Bread,2016-12-15 11:26:29,Morning,Weekday
Bread,2016-12-15 11:28:21,Morning,Weekday
Coffee,2016-12-15 11:40:20,Morning,Weekday
Hot chocolate,2016-12-15 11:40:20,Morning,Weekday
Pastry,2016-12-15 11:40:20,Morning,Weekday
Coffee,2016-12-15 12:04:56,Afternoon,Weekday
Vegan mincepie,2016-12-15 12:04:56,Afternoon,Weekday
Pastry,2016-12-15 12:04:56,Afternoon,Weekday
Bread,2016-12-15 12:09:32,Afternoon,Weekday
Bread,2016-12-15 12:30:24,Afternoon,Weekday
Bread,2016-12-15 12:30:24,Afternoon,Weekday
Coffee,2016-12-15 12:32:00,Afternoon,Weekday
Hot chocolate,2016-12-15 12:32:00,Afternoon,Weekday
Bread,2016-12-15 12:33:54,Afternoon,Weekday
Sandwich,2016-12-15 12:33:54,Afternoon,Weekday
Coffee,2016-12-15 12:33:54,Afternoon,Weekday
Bread,2016-12-15 12:54:03,Afternoon,Weekday
Coffee,2016-12-15 12:58:19,Afternoon,Weekday
Coffee,2016-12-15 12:58:19,Afternoon,Weekday
Hot chocolate,2016-12-15 12:58:19,Afternoon,Weekday
Coffee,2016-12-15 13:00:21,Afternoon,Weekday
Coffee,2016-12-15 13:00:43,Afternoon,Weekday
Sandwich,2016-12-15 13:04:16,Afternoon,Weekday
Coke,2016-12-15 13:04:16,Afternoon,Weekday
Coffee,2016-12-15 13:13:39,Afternoon,Weekday
Coffee,2016-12-15 13:23:10,Afternoon,Weekday
Bread,2016-12-15 13:23:10,Afternoon,Weekday
Bread,2016-12-15 13:25:15,Afternoon,Weekday
Coffee,2016-12-15 13:54:32,Afternoon,Weekday
Coffee,2016-12-15 13:55:06,Afternoon,Weekday
Coffee,2016-12-15 13:55:06,Afternoon,Weekday
Coffee,2016-12-15 13:58:33,Afternoon,Weekday
Fudge,2016-12-15 13:58:33,Afternoon,Weekday
Coffee,2016-12-15 14:02:14,Afternoon,Weekday
Sandwich,2016-12-15 14:02:14,Afternoon,Weekday
Tea,2016-12-15 14:02:14,Afternoon,Weekday
Bread,2016-12-15 14:02:14,Afternoon,Weekday
Coffee,2016-12-15 14:20:56,Afternoon,Weekday
Coffee,2016-12-15 14:20:56,Afternoon,Weekday
Sandwich,2016-12-15 14:20:56,Afternoon,Weekday
Bread,2016-12-15 14:31:07,Afternoon,Weekday
Bread,2016-12-15 14:32:15,Afternoon,Weekday
Coffee,2016-12-15 14:32:15,Afternoon,Weekday
Coffee,2016-12-15 14:47:06,Afternoon,Weekday
Coffee,2016-12-15 14:47:06,Afternoon,Weekday
Hot chocolate,2016-12-15 14:47:06,Afternoon,Weekday
Fudge,2016-12-15 14:58:39,Afternoon,Weekday
Coffee,2016-12-15 15:25:58,Afternoon,Weekday
Coffee,2016-12-15 15:36:45,Afternoon,Weekday
Bread,2016-12-15 15:36:45,Afternoon,Weekday
Bread,2016-12-15 15:50:38,Afternoon,Weekday
Bread,2016-12-15 15:50:38,Afternoon,Weekday
Cookies,2016-12-15 16:15:08,Afternoon,Weekday
Bread,2016-12-15 16:21:38,Afternoon,Weekday
Coffee,2016-12-15 16:44:47,Afternoon,Weekday
Bread,2016-12-15 16:44:47,Afternoon,Weekday
Bread,2016-12-15 16:44:47,Afternoon,Weekday
Alfajores,2016-12-15 16:44:47,Afternoon,Weekday
Tea,2016-12-15 16:49:16,Afternoon,Weekday
Bare Popcorn,2016-12-15 17:28:55,Evening,Weekday
Ella's Kitchen Pouches,2016-12-15 17:28:55,Evening,Weekday
Farm House,2016-12-15 18:41:21,Evening,Weekday
Bread,2016-12-15 18:43:39,Evening,Weekday
Fudge,2016-12-15 18:43:39,Evening,Weekday
Pastry,2016-12-15 18:43:39,Evening,Weekday
Hot chocolate,2016-12-15 19:03:12,Evening,Weekday
Tea,2016-12-15 19:04:29,Evening,Weekday
Vegan mincepie,2016-12-15 19:04:29,Evening,Weekday
Jammie Dodgers,2016-12-15 19:04:29,Evening,Weekday
Coffee,2016-12-15 19:04:29,Evening,Weekday
Medialuna,2016-12-15 19:04:29,Evening,Weekday
Coffee,2016-12-15 19:05:46,Evening,Weekday
Hot chocolate,2016-12-15 19:17:17,Evening,Weekday
Coffee,2016-12-15 19:17:17,Evening,Weekday
Bread,2016-12-15 19:25:50,Evening,Weekday
Vegan mincepie,2016-12-15 20:11:01,Evening,Weekday
Medialuna,2016-12-16 08:16:44,Morning,Weekday
Dulce de Leche,2016-12-16 08:16:44,Morning,Weekday
Muesli,2016-12-16 08:55:42,Morning,Weekday
Muesli,2016-12-16 08:56:35,Morning,Weekday
Coffee,2016-12-16 09:01:04,Morning,Weekday
Jam,2016-12-16 09:01:04,Morning,Weekday
Jam,2016-12-16 09:01:04,Morning,Weekday
Bread,2016-12-16 09:12:41,Morning,Weekday
Toast,2016-12-16 09:12:41,Morning,Weekday
Bread,2016-12-16 09:13:25,Morning,Weekday
Toast,2016-12-16 09:13:25,Morning,Weekday
Coffee,2016-12-16 09:16:08,Morning,Weekday
Jammie Dodgers,2016-12-16 09:19:28,Morning,Weekday
Vegan mincepie,2016-12-16 09:19:28,Morning,Weekday
Coffee,2016-12-16 09:37:48,Morning,Weekday
Bread,2016-12-16 09:38:27,Morning,Weekday
Coffee,2016-12-16 09:39:46,Morning,Weekday
Coffee,2016-12-16 09:39:46,Morning,Weekday
Bread,2016-12-16 09:39:46,Morning,Weekday
Tea,2016-12-16 09:41:18,Morning,Weekday
Coffee,2016-12-16 09:43:53,Morning,Weekday
Coffee,2016-12-16 09:47:47,Morning,Weekday
Coffee,2016-12-16 09:47:47,Morning,Weekday
Juice,2016-12-16 09:47:47,Morning,Weekday
Farm House,2016-12-16 09:47:47,Morning,Weekday
Coffee,2016-12-16 09:53:31,Morning,Weekday
Pastry,2016-12-16 09:53:31,Morning,Weekday
Bread,2016-12-16 09:55:19,Morning,Weekday
Coffee,2016-12-16 10:07:06,Morning,Weekday
Coffee,2016-12-16 10:07:35,Morning,Weekday
Coffee,2016-12-16 10:08:18,Morning,Weekday
Tea,2016-12-16 10:09:25,Morning,Weekday
Pastry,2016-12-16 10:09:25,Morning,Weekday
Cookies,2016-12-16 10:23:29,Morning,Weekday
Coffee,2016-12-16 10:23:29,Morning,Weekday
Coffee,2016-12-16 10:23:29,Morning,Weekday
Toast,2016-12-16 10:23:29,Morning,Weekday
Pastry,2016-12-16 10:24:07,Morning,Weekday
Tea,2016-12-16 10:24:07,Morning,Weekday
Tea,2016-12-16 10:27:33,Morning,Weekday
Coffee,2016-12-16 10:27:33,Morning,Weekday
Coffee,2016-12-16 10:27:33,Morning,Weekday
Toast,2016-12-16 10:27:33,Morning,Weekday
Bread,2016-12-16 10:28:58,Morning,Weekday
Bread,2016-12-16 10:48:01,Morning,Weekday
Coffee,2016-12-16 10:55:50,Morning,Weekday
Coffee,2016-12-16 10:58:05,Morning,Weekday
Coffee,2016-12-16 10:58:05,Morning,Weekday
Pastry,2016-12-16 11:07:33,Morning,Weekday
Bread,2016-12-16 11:08:52,Morning,Weekday
Scandinavian,2016-12-16 11:16:53,Morning,Weekday
Coffee,2016-12-16 11:16:53,Morning,Weekday
Alfajores,2016-12-16 11:16:53,Morning,Weekday
Truffles,2016-12-16 11:38:32,Morning,Weekday
Ella's Kitchen Pouches,2016-12-16 11:38:32,Morning,Weekday
Bread,2016-12-16 11:38:32,Morning,Weekday
Tea,2016-12-16 11:40:42,Morning,Weekday
Fudge,2016-12-16 11:40:42,Morning,Weekday
Fudge,2016-12-16 11:40:42,Morning,Weekday
Jam,2016-12-16 11:40:42,Morning,Weekday
Juice,2016-12-16 11:40:42,Morning,Weekday
Ella's Kitchen Pouches,2016-12-16 11:40:42,Morning,Weekday
Cake,2016-12-16 11:41:11,Morning,Weekday
Bread,2016-12-16 11:43:02,Morning,Weekday
Cookies,2016-12-16 11:43:02,Morning,Weekday
Coffee,2016-12-16 11:57:43,Morning,Weekday
Cake,2016-12-16 11:57:43,Morning,Weekday
Coffee,2016-12-16 12:02:36,Afternoon,Weekday
Tea,2016-12-16 12:02:36,Afternoon,Weekday
Toast,2016-12-16 12:02:36,Afternoon,Weekday
Truffles,2016-12-16 12:24:46,Afternoon,Weekday
Bread,2016-12-16 12:38:50,Afternoon,Weekday
Coffee,2016-12-16 12:40:34,Afternoon,Weekday
Bread,2016-12-16 12:41:34,Afternoon,Weekday
Bread,2016-12-16 12:42:45,Afternoon,Weekday
Truffles,2016-12-16 12:44:56,Afternoon,Weekday
Toast,2016-12-16 12:51:34,Afternoon,Weekday
Bread,2016-12-16 12:51:34,Afternoon,Weekday
Tea,2016-12-16 12:51:34,Afternoon,Weekday
Cookies,2016-12-16 12:51:34,Afternoon,Weekday
Sandwich,2016-12-16 12:57:24,Afternoon,Weekday
Coffee,2016-12-16 12:57:24,Afternoon,Weekday
Coffee,2016-12-16 12:57:24,Afternoon,Weekday
Bread,2016-12-16 13:01:59,Afternoon,Weekday
Sandwich,2016-12-16 13:01:59,Afternoon,Weekday
Alfajores,2016-12-16 13:03:36,Afternoon,Weekday
Scone,2016-12-16 13:05:07,Afternoon,Weekday
Bread,2016-12-16 13:11:37,Afternoon,Weekday
Coffee,2016-12-16 13:11:37,Afternoon,Weekday
Alfajores,2016-12-16 13:11:37,Afternoon,Weekday
Vegan mincepie,2016-12-16 13:11:37,Afternoon,Weekday
Fudge,2016-12-16 13:15:10,Afternoon,Weekday
Jam,2016-12-16 13:17:16,Afternoon,Weekday
Coffee,2016-12-16 13:18:41,Afternoon,Weekday
Pastry,2016-12-16 13:18:41,Afternoon,Weekday
Jam,2016-12-16 13:18:41,Afternoon,Weekday
Coffee,2016-12-16 13:19:14,Afternoon,Weekday
Tea,2016-12-16 13:25:00,Afternoon,Weekday
Bread,2016-12-16 13:25:00,Afternoon,Weekday
Bread,2016-12-16 13:25:00,Afternoon,Weekday
Fudge,2016-12-16 13:25:00,Afternoon,Weekday
Bread,2016-12-16 13:26:43,Afternoon,Weekday
Sandwich,2016-12-16 13:26:43,Afternoon,Weekday
Farm House,2016-12-16 13:41:50,Afternoon,Weekday
Coffee,2016-12-16 13:42:40,Afternoon,Weekday
Jam,2016-12-16 13:44:42,Afternoon,Weekday
Jam,2016-12-16 13:44:42,Afternoon,Weekday
Brownie,2016-12-16 13:57:25,Afternoon,Weekday
Coffee,2016-12-16 13:57:25,Afternoon,Weekday
Tea,2016-12-16 14:00:15,Afternoon,Weekday
Sandwich,2016-12-16 14:00:15,Afternoon,Weekday
Bread,2016-12-16 14:00:15,Afternoon,Weekday
Tea,2016-12-16 14:02:37,Afternoon,Weekday
Sandwich,2016-12-16 14:04:09,Afternoon,Weekday
Tea,2016-12-16 14:04:09,Afternoon,Weekday
Coffee,2016-12-16 14:06:31,Afternoon,Weekday
Coffee,2016-12-16 14:26:29,Afternoon,Weekday
Bread,2016-12-16 14:41:28,Afternoon,Weekday
Tea,2016-12-16 14:46:22,Afternoon,Weekday
Brownie,2016-12-16 14:46:22,Afternoon,Weekday
Jam,2016-12-16 14:47:14,Afternoon,Weekday
Jam,2016-12-16 14:57:43,Afternoon,Weekday
Cookies,2016-12-16 15:05:35,Afternoon,Weekday
Sandwich,2016-12-16 15:05:35,Afternoon,Weekday
Juice,2016-12-16 15:05:35,Afternoon,Weekday
Tea,2016-12-16 15:22:52,Afternoon,Weekday
Pastry,2016-12-16 15:22:52,Afternoon,Weekday
Farm House,2016-12-16 15:31:46,Afternoon,Weekday
Scone,2016-12-16 15:32:52,Afternoon,Weekday
Coffee,2016-12-16 15:32:52,Afternoon,Weekday
Coffee,2016-12-16 15:34:47,Afternoon,Weekday
Coffee,2016-12-16 15:34:47,Afternoon,Weekday
Coffee,2016-12-16 15:38:54,Afternoon,Weekday
Coffee,2016-12-16 15:38:54,Afternoon,Weekday
Vegan mincepie,2016-12-16 15:38:54,Afternoon,Weekday
Bread,2016-12-16 15:41:53,Afternoon,Weekday
Scone,2016-12-16 15:41:53,Afternoon,Weekday
Farm House,2016-12-16 16:05:35,Afternoon,Weekday
Scone,2016-12-16 16:05:35,Afternoon,Weekday
Coffee,2016-12-16 16:09:58,Afternoon,Weekday
Brownie,2016-12-16 16:09:58,Afternoon,Weekday
Coffee,2016-12-16 16:26:00,Afternoon,Weekday
Tea,2016-12-16 16:26:00,Afternoon,Weekday
Coffee,2016-12-16 16:31:47,Afternoon,Weekday
Tea,2016-12-16 16:51:43,Afternoon,Weekday
Coffee,2016-12-16 16:51:43,Afternoon,Weekday
Bread,2016-12-16 16:52:27,Afternoon,Weekday
Coffee,2016-12-16 17:06:38,Evening,Weekday
Coffee,2016-12-16 17:06:38,Evening,Weekday
Coffee,2016-12-16 17:06:38,Evening,Weekday
Alfajores,2016-12-16 17:06:38,Evening,Weekday
Farm House,2016-12-17 08:43:37,Morning,Weekend
Medialuna,2016-12-17 08:43:37,Morning,Weekend
Pastry,2016-12-17 08:43:37,Morning,Weekend
Bread,2016-12-17 08:52:45,Morning,Weekend
Bread,2016-12-17 08:55:21,Morning,Weekend
Coffee,2016-12-17 08:57:55,Morning,Weekend
Pastry,2016-12-17 08:57:55,Morning,Weekend
Bread,2016-12-17 09:11:32,Morning,Weekend
Bread,2016-12-17 09:13:37,Morning,Weekend
Bread,2016-12-17 09:13:37,Morning,Weekend
Pastry,2016-12-17 09:13:37,Morning,Weekend
Medialuna,2016-12-17 09:15:16,Morning,Weekend
Fudge,2016-12-17 09:15:16,Morning,Weekend
Bread,2016-12-17 09:25:27,Morning,Weekend
Coffee,2016-12-17 09:32:14,Morning,Weekend
Scone,2016-12-17 09:32:14,Morning,Weekend
Juice,2016-12-17 09:32:14,Morning,Weekend
Coffee,2016-12-17 09:39:28,Morning,Weekend
Tea,2016-12-17 10:02:54,Morning,Weekend
Scone,2016-12-17 10:02:54,Morning,Weekend
Lemon and coconut,2016-12-17 10:02:54,Morning,Weekend
Jam,2016-12-17 10:16:42,Morning,Weekend
Cookies,2016-12-17 10:16:42,Morning,Weekend
Fudge,2016-12-17 10:16:42,Morning,Weekend
Bread,2016-12-17 10:21:23,Morning,Weekend
Scandinavian,2016-12-17 10:22:35,Morning,Weekend
Coffee,2016-12-17 10:26:07,Morning,Weekend
Cookies,2016-12-17 10:26:07,Morning,Weekend
Juice,2016-12-17 10:26:07,Morning,Weekend
Hot chocolate,2016-12-17 10:30:01,Morning,Weekend
Coffee,2016-12-17 10:30:01,Morning,Weekend
Bread,2016-12-17 10:30:01,Morning,Weekend
Bread,2016-12-17 10:30:01,Morning,Weekend
Vegan mincepie,2016-12-17 10:30:01,Morning,Weekend
Jam,2016-12-17 10:30:25,Morning,Weekend
Bread,2016-12-17 10:38:39,Morning,Weekend
Coffee,2016-12-17 10:46:01,Morning,Weekend
Coffee,2016-12-17 10:46:01,Morning,Weekend
Dulce de Leche,2016-12-17 11:04:18,Morning,Weekend
Scandinavian,2016-12-17 11:04:18,Morning,Weekend
Alfajores,2016-12-17 11:04:18,Morning,Weekend
Coffee,2016-12-17 11:09:47,Morning,Weekend
Bread,2016-12-17 11:09:47,Morning,Weekend
Pastry,2016-12-17 11:09:47,Morning,Weekend
Medialuna,2016-12-17 11:09:47,Morning,Weekend
Farm House,2016-12-17 11:09:47,Morning,Weekend
Hot chocolate,2016-12-17 11:15:59,Morning,Weekend
Scone,2016-12-17 11:15:59,Morning,Weekend
Fudge,2016-12-17 11:18:40,Morning,Weekend
Jam,2016-12-17 11:18:40,Morning,Weekend
Bread,2016-12-17 11:18:40,Morning,Weekend
Farm House,2016-12-17 11:18:40,Morning,Weekend
Coffee,2016-12-17 11:22:44,Morning,Weekend
The Nomad,2016-12-17 11:22:44,Morning,Weekend
Vegan mincepie,2016-12-17 11:27:59,Morning,Weekend
Bread,2016-12-17 11:30:03,Morning,Weekend
Bread,2016-12-17 11:31:05,Morning,Weekend
Bread,2016-12-17 11:32:35,Morning,Weekend
Scone,2016-12-17 11:32:35,Morning,Weekend
Cake,2016-12-17 11:39:39,Morning,Weekend
Bread,2016-12-17 11:45:06,Morning,Weekend
Vegan mincepie,2016-12-17 11:48:31,Morning,Weekend
Cake,2016-12-17 11:48:31,Morning,Weekend
Coffee,2016-12-17 11:48:31,Morning,Weekend
Coffee,2016-12-17 11:48:31,Morning,Weekend
Coffee,2016-12-17 11:48:31,Morning,Weekend
Coffee,2016-12-17 11:58:05,Morning,Weekend
Coffee,2016-12-17 11:58:05,Morning,Weekend
Medialuna,2016-12-17 11:58:05,Morning,Weekend
Bread,2016-12-17 11:59:30,Morning,Weekend
Jam,2016-12-17 12:05:24,Afternoon,Weekend
Medialuna,2016-12-17 12:07:19,Afternoon,Weekend
Pastry,2016-12-17 12:07:19,Afternoon,Weekend
Coffee,2016-12-17 12:07:19,Afternoon,Weekend
Coffee,2016-12-17 12:07:19,Afternoon,Weekend
Coffee,2016-12-17 12:07:19,Afternoon,Weekend
Bread,2016-12-17 12:09:38,Afternoon,Weekend
Bread,2016-12-17 12:13:31,Afternoon,Weekend
Bread,2016-12-17 12:24:51,Afternoon,Weekend
Scone,2016-12-17 12:24:51,Afternoon,Weekend
Bread,2016-12-17 12:24:51,Afternoon,Weekend
The Nomad,2016-12-17 12:24:51,Afternoon,Weekend
Coffee,2016-12-17 12:27:45,Afternoon,Weekend
Tea,2016-12-17 12:27:45,Afternoon,Weekend
Bread,2016-12-17 12:56:03,Afternoon,Weekend
Frittata,2016-12-17 13:00:51,Afternoon,Weekend
Tea,2016-12-17 13:00:51,Afternoon,Weekend
Tea,2016-12-17 13:00:51,Afternoon,Weekend
Coffee,2016-12-17 13:07:25,Afternoon,Weekend
Vegan mincepie,2016-12-17 13:07:25,Afternoon,Weekend
Bread,2016-12-17 13:16:46,Afternoon,Weekend
Coffee,2016-12-17 13:28:27,Afternoon,Weekend
Bread,2016-12-17 13:28:27,Afternoon,Weekend
Scone,2016-12-17 13:36:54,Afternoon,Weekend
Coffee,2016-12-17 13:36:54,Afternoon,Weekend
Farm House,2016-12-17 13:42:26,Afternoon,Weekend
Frittata,2016-12-17 13:42:26,Afternoon,Weekend
Cookies,2016-12-17 13:42:26,Afternoon,Weekend
Farm House,2016-12-17 13:50:42,Afternoon,Weekend
Farm House,2016-12-17 14:01:17,Afternoon,Weekend
Jam,2016-12-17 14:09:46,Afternoon,Weekend
Fudge,2016-12-17 14:09:46,Afternoon,Weekend
Coffee,2016-12-17 14:37:17,Afternoon,Weekend
Frittata,2016-12-17 14:42:47,Afternoon,Weekend
Sandwich,2016-12-17 14:42:47,Afternoon,Weekend
Bread,2016-12-17 14:42:47,Afternoon,Weekend
Alfajores,2016-12-17 14:42:47,Afternoon,Weekend
Medialuna,2016-12-17 14:42:47,Afternoon,Weekend
Fudge,2016-12-17 14:42:47,Afternoon,Weekend
Cake,2016-12-17 14:50:01,Afternoon,Weekend
Juice,2016-12-17 14:52:35,Afternoon,Weekend
Cookies,2016-12-17 14:52:35,Afternoon,Weekend
Coffee,2016-12-17 14:52:35,Afternoon,Weekend
Coffee,2016-12-17 14:53:59,Afternoon,Weekend
Coffee,2016-12-17 14:53:59,Afternoon,Weekend
Bread,2016-12-17 15:06:25,Afternoon,Weekend
Pastry,2016-12-17 15:06:25,Afternoon,Weekend
Hot chocolate,2016-12-17 15:16:25,Afternoon,Weekend
Tea,2016-12-17 15:16:25,Afternoon,Weekend
Crisps,2016-12-17 15:27:58,Afternoon,Weekend
Bread,2016-12-17 15:28:53,Afternoon,Weekend
Cake,2016-12-17 16:07:53,Afternoon,Weekend
Focaccia,2016-12-17 16:13:37,Afternoon,Weekend
Tea,2016-12-17 16:13:37,Afternoon,Weekend
Tea,2016-12-17 16:13:37,Afternoon,Weekend
Scone,2016-12-17 16:13:37,Afternoon,Weekend
Coffee,2016-12-17 16:14:42,Afternoon,Weekend
Scone,2016-12-17 16:14:42,Afternoon,Weekend
Cake,2016-12-17 16:30:08,Afternoon,Weekend
Vegan mincepie,2016-12-17 16:39:29,Afternoon,Weekend
Coffee,2016-12-17 16:40:29,Afternoon,Weekend
Coffee,2016-12-17 16:40:29,Afternoon,Weekend
Tea,2016-12-17 16:48:34,Afternoon,Weekend
Vegan mincepie,2016-12-17 16:48:34,Afternoon,Weekend
Focaccia,2016-12-17 17:15:49,Evening,Weekend
Coke,2016-12-17 19:32:40,Evening,Weekend
Pintxos,2016-12-17 19:35:19,Evening,Weekend
Pintxos,2016-12-17 19:42:20,Evening,Weekend
Juice,2016-12-17 19:42:37,Evening,Weekend
Coke,2016-12-17 19:42:55,Evening,Weekend
Pintxos,2016-12-17 20:20:47,Evening,Weekend
Pintxos,2016-12-17 20:25:21,Evening,Weekend
Pintxos,2016-12-17 20:31:38,Evening,Weekend
Coke,2016-12-17 20:40:07,Evening,Weekend
Pintxos,2016-12-17 20:40:07,Evening,Weekend
Hot chocolate,2016-12-17 21:42:13,Night,Weekend
Hot chocolate,2016-12-17 21:42:13,Night,Weekend
Medialuna,2016-12-18 09:05:52,Morning,Weekend
Coffee,2016-12-18 09:58:57,Morning,Weekend
Coffee,2016-12-18 10:03:00,Morning,Weekend
Bread,2016-12-18 10:03:00,Morning,Weekend
Coffee,2016-12-18 10:17:02,Morning,Weekend
Bread,2016-12-18 10:26:29,Morning,Weekend
Coffee,2016-12-18 10:42:34,Morning,Weekend
Cookies,2016-12-18 10:42:34,Morning,Weekend
Bread,2016-12-18 10:42:34,Morning,Weekend
Toast,2016-12-18 10:42:34,Morning,Weekend
Coffee,2016-12-18 11:04:47,Morning,Weekend
Brownie,2016-12-18 11:04:47,Morning,Weekend
Medialuna,2016-12-18 11:04:47,Morning,Weekend
Hot chocolate,2016-12-18 11:06:35,Morning,Weekend
Coffee,2016-12-18 11:06:35,Morning,Weekend
Brownie,2016-12-18 11:06:35,Morning,Weekend
Tea,2016-12-18 11:07:53,Morning,Weekend
Hot chocolate,2016-12-18 11:07:53,Morning,Weekend
Tea,2016-12-18 11:10:42,Morning,Weekend
Scone,2016-12-18 11:10:42,Morning,Weekend
Bread,2016-12-18 11:10:42,Morning,Weekend
Medialuna,2016-12-18 11:11:59,Morning,Weekend
Coffee,2016-12-18 11:11:59,Morning,Weekend
Coffee,2016-12-18 11:11:59,Morning,Weekend
Bread,2016-12-18 11:20:30,Morning,Weekend
Coffee,2016-12-18 11:20:30,Morning,Weekend
Hot chocolate,2016-12-18 11:20:30,Morning,Weekend
Coffee,2016-12-18 11:20:30,Morning,Weekend
Pastry,2016-12-18 11:20:30,Morning,Weekend
Scone,2016-12-18 11:20:30,Morning,Weekend
Muesli,2016-12-18 11:25:07,Morning,Weekend
The Nomad,2016-12-18 11:25:07,Morning,Weekend
Coffee,2016-12-18 11:25:07,Morning,Weekend
Bread,2016-12-18 11:25:07,Morning,Weekend
Bread,2016-12-18 11:28:45,Morning,Weekend
Fudge,2016-12-18 11:30:35,Morning,Weekend
Bread,2016-12-18 11:50:39,Morning,Weekend
Coffee,2016-12-18 11:53:09,Morning,Weekend
Coffee,2016-12-18 11:53:09,Morning,Weekend
Bread,2016-12-18 12:06:54,Afternoon,Weekend
Bread,2016-12-18 12:20:46,Afternoon,Weekend
Coffee,2016-12-18 12:26:03,Afternoon,Weekend
Brownie,2016-12-18 12:26:03,Afternoon,Weekend
Vegan mincepie,2016-12-18 12:26:03,Afternoon,Weekend
Dulce de Leche,2016-12-18 12:28:26,Afternoon,Weekend
Coffee,2016-12-18 12:29:19,Afternoon,Weekend
Coffee,2016-12-18 12:29:19,Afternoon,Weekend
Coffee,2016-12-18 12:30:19,Afternoon,Weekend
Farm House,2016-12-18 12:36:18,Afternoon,Weekend
Coffee,2016-12-18 12:48:33,Afternoon,Weekend
Coffee,2016-12-18 13:04:56,Afternoon,Weekend
Brownie,2016-12-18 13:04:56,Afternoon,Weekend
Coffee,2016-12-18 13:05:35,Afternoon,Weekend
Coffee,2016-12-18 13:09:23,Afternoon,Weekend
Hot chocolate,2016-12-18 13:09:23,Afternoon,Weekend
Vegan mincepie,2016-12-18 13:09:23,Afternoon,Weekend
Bread,2016-12-18 13:10:21,Afternoon,Weekend
Coffee,2016-12-18 13:17:20,Afternoon,Weekend
Frittata,2016-12-18 13:17:20,Afternoon,Weekend
Medialuna,2016-12-18 13:34:30,Afternoon,Weekend
Coffee,2016-12-18 13:34:30,Afternoon,Weekend
Coffee,2016-12-18 13:43:08,Afternoon,Weekend
Juice,2016-12-18 13:43:08,Afternoon,Weekend
Mineral water,2016-12-18 13:43:08,Afternoon,Weekend
Medialuna,2016-12-18 13:43:08,Afternoon,Weekend
Crisps,2016-12-18 13:43:08,Afternoon,Weekend
Frittata,2016-12-18 13:43:08,Afternoon,Weekend
Coffee,2016-12-18 13:47:26,Afternoon,Weekend
Coffee,2016-12-18 14:06:13,Afternoon,Weekend
Cookies,2016-12-18 14:06:13,Afternoon,Weekend
Bread,2016-12-18 14:06:38,Afternoon,Weekend
Bread,2016-12-18 14:07:29,Afternoon,Weekend
Coffee,2016-12-18 14:09:37,Afternoon,Weekend
Coffee,2016-12-18 14:09:37,Afternoon,Weekend
Cake,2016-12-18 14:09:37,Afternoon,Weekend
Bread,2016-12-18 14:09:37,Afternoon,Weekend
Dulce de Leche,2016-12-18 14:09:37,Afternoon,Weekend
Bread,2016-12-18 14:09:37,Afternoon,Weekend
Coffee,2016-12-18 14:11:33,Afternoon,Weekend
Hot chocolate,2016-12-18 14:11:33,Afternoon,Weekend
Bread,2016-12-18 14:11:33,Afternoon,Weekend
Coke,2016-12-18 14:23:47,Afternoon,Weekend
Fudge,2016-12-18 14:29:28,Afternoon,Weekend
Fudge,2016-12-18 14:35:35,Afternoon,Weekend
Tea,2016-12-18 14:40:46,Afternoon,Weekend
Juice,2016-12-18 14:40:46,Afternoon,Weekend
Cake,2016-12-18 14:40:46,Afternoon,Weekend
Tartine,2016-12-18 14:40:46,Afternoon,Weekend
Brownie,2016-12-18 14:44:07,Afternoon,Weekend
Medialuna,2016-12-18 14:44:07,Afternoon,Weekend
Hot chocolate,2016-12-18 14:44:07,Afternoon,Weekend
Coffee,2016-12-18 14:44:07,Afternoon,Weekend
Coffee,2016-12-18 15:05:10,Afternoon,Weekend
Bread,2016-12-18 15:08:16,Afternoon,Weekend
Coffee,2016-12-18 15:13:27,Afternoon,Weekend
Bread,2016-12-18 15:13:27,Afternoon,Weekend
Coffee,2016-12-18 15:24:24,Afternoon,Weekend
Hot chocolate,2016-12-18 15:24:24,Afternoon,Weekend
Coffee,2016-12-18 15:24:24,Afternoon,Weekend
Cookies,2016-12-18 15:24:24,Afternoon,Weekend
Vegan mincepie,2016-12-18 15:24:24,Afternoon,Weekend
Coffee,2016-12-19 08:15:09,Morning,Weekday
Medialuna,2016-12-19 08:15:09,Morning,Weekday
Cookies,2016-12-19 08:24:18,Morning,Weekday
Hot chocolate,2016-12-19 08:24:18,Morning,Weekday
Coffee,2016-12-19 08:28:09,Morning,Weekday
Coffee,2016-12-19 08:47:26,Morning,Weekday
Tea,2016-12-19 09:03:56,Morning,Weekday
Coffee,2016-12-19 09:06:28,Morning,Weekday
Bread,2016-12-19 09:06:28,Morning,Weekday
Hot chocolate,2016-12-19 09:15:51,Morning,Weekday
Coffee,2016-12-19 09:22:32,Morning,Weekday
Bread,2016-12-19 09:27:11,Morning,Weekday
Medialuna,2016-12-19 09:27:11,Morning,Weekday
Coffee,2016-12-19 09:31:22,Morning,Weekday
Bread,2016-12-19 09:32:37,Morning,Weekday
Coffee,2016-12-19 09:37:26,Morning,Weekday
Tea,2016-12-19 09:37:26,Morning,Weekday
Pastry,2016-12-19 09:37:26,Morning,Weekday
Medialuna,2016-12-19 09:43:55,Morning,Weekday
Coffee,2016-12-19 09:43:55,Morning,Weekday
Coffee,2016-12-19 09:43:55,Morning,Weekday
Coffee,2016-12-19 09:48:01,Morning,Weekday
Hot chocolate,2016-12-19 09:48:01,Morning,Weekday
Fudge,2016-12-19 10:09:56,Morning,Weekday
Jam,2016-12-19 10:09:56,Morning,Weekday
Fudge,2016-12-19 10:09:56,Morning,Weekday
Fudge,2016-12-19 10:09:56,Morning,Weekday
Hot chocolate,2016-12-19 10:13:51,Morning,Weekday
Smoothies,2016-12-19 10:13:51,Morning,Weekday
Bread,2016-12-19 10:13:51,Morning,Weekday
Cookies,2016-12-19 10:13:51,Morning,Weekday
Cookies,2016-12-19 10:13:51,Morning,Weekday
Coffee,2016-12-19 10:19:20,Morning,Weekday
Tea,2016-12-19 10:19:20,Morning,Weekday
Toast,2016-12-19 10:19:20,Morning,Weekday
Brownie,2016-12-19 10:19:20,Morning,Weekday
Coffee,2016-12-19 10:24:20,Morning,Weekday
Coffee,2016-12-19 10:24:20,Morning,Weekday
Coffee,2016-12-19 10:39:13,Morning,Weekday
Farm House,2016-12-19 10:44:25,Morning,Weekday
Tea,2016-12-19 11:15:29,Morning,Weekday
Bread,2016-12-19 11:16:14,Morning,Weekday
Bread,2016-12-19 11:19:43,Morning,Weekday
Coffee,2016-12-19 11:19:43,Morning,Weekday
Coffee,2016-12-19 11:19:43,Morning,Weekday
Bread,2016-12-19 11:19:43,Morning,Weekday
Tea,2016-12-19 11:35:50,Morning,Weekday
Coffee,2016-12-19 11:51:27,Morning,Weekday
Coffee,2016-12-19 12:02:06,Afternoon,Weekday
Fudge,2016-12-19 12:02:06,Afternoon,Weekday
Brownie,2016-12-19 12:02:06,Afternoon,Weekday
Coffee,2016-12-19 12:11:02,Afternoon,Weekday
Coffee,2016-12-19 12:12:54,Afternoon,Weekday
Bread,2016-12-19 12:12:54,Afternoon,Weekday
Coffee,2016-12-19 12:14:11,Afternoon,Weekday
Medialuna,2016-12-19 12:14:11,Afternoon,Weekday
Farm House,2016-12-19 12:15:15,Afternoon,Weekday
Fudge,2016-12-19 12:17:18,Afternoon,Weekday
Coffee,2016-12-19 12:17:18,Afternoon,Weekday
Sandwich,2016-12-19 12:17:18,Afternoon,Weekday
Toast,2016-12-19 12:19:16,Afternoon,Weekday
Cookies,2016-12-19 12:19:16,Afternoon,Weekday
Sandwich,2016-12-19 12:25:23,Afternoon,Weekday
Coffee,2016-12-19 12:25:23,Afternoon,Weekday
Bread,2016-12-19 12:25:23,Afternoon,Weekday
Focaccia,2016-12-19 12:26:34,Afternoon,Weekday
Scandinavian,2016-12-19 12:26:34,Afternoon,Weekday
Truffles,2016-12-19 12:29:33,Afternoon,Weekday
Hearty & Seasonal,2016-12-19 12:29:33,Afternoon,Weekday
Coffee,2016-12-19 12:32:35,Afternoon,Weekday
Coffee,2016-12-19 12:32:35,Afternoon,Weekday
Sandwich,2016-12-19 12:37:35,Afternoon,Weekday
Sandwich,2016-12-19 12:37:35,Afternoon,Weekday
Hearty & Seasonal,2016-12-19 12:41:03,Afternoon,Weekday
Coffee,2016-12-19 12:41:03,Afternoon,Weekday
Bread,2016-12-19 12:41:03,Afternoon,Weekday
Bread,2016-12-19 12:45:48,Afternoon,Weekday
Cake,2016-12-19 12:45:48,Afternoon,Weekday
Tea,2016-12-19 12:55:47,Afternoon,Weekday
Bread,2016-12-19 12:55:47,Afternoon,Weekday
Bread,2016-12-19 12:58:32,Afternoon,Weekday
Cookies,2016-12-19 13:00:53,Afternoon,Weekday
Bread,2016-12-19 13:00:53,Afternoon,Weekday
Coffee,2016-12-19 13:15:59,Afternoon,Weekday
Coffee,2016-12-19 13:31:23,Afternoon,Weekday
Tea,2016-12-19 13:37:24,Afternoon,Weekday
Sandwich,2016-12-19 13:37:24,Afternoon,Weekday
Bread,2016-12-19 13:38:56,Afternoon,Weekday
Brownie,2016-12-19 13:38:56,Afternoon,Weekday
Tea,2016-12-19 13:44:59,Afternoon,Weekday
Coffee,2016-12-19 13:44:59,Afternoon,Weekday
Coffee,2016-12-19 13:46:01,Afternoon,Weekday
Coffee,2016-12-19 13:46:29,Afternoon,Weekday
Cookies,2016-12-19 13:46:29,Afternoon,Weekday
Cake,2016-12-19 13:51:14,Afternoon,Weekday
Bread,2016-12-19 13:51:14,Afternoon,Weekday
Coffee,2016-12-19 13:52:55,Afternoon,Weekday
Mineral water,2016-12-19 14:14:17,Afternoon,Weekday
Coke,2016-12-19 14:14:17,Afternoon,Weekday
Bread,2016-12-19 14:14:17,Afternoon,Weekday
Sandwich,2016-12-19 14:14:17,Afternoon,Weekday
Juice,2016-12-19 14:20:10,Afternoon,Weekday
Bread,2016-12-19 14:20:10,Afternoon,Weekday
Coffee,2016-12-19 14:21:25,Afternoon,Weekday
Truffles,2016-12-19 14:33:54,Afternoon,Weekday
Tea,2016-12-19 14:33:54,Afternoon,Weekday
Cake,2016-12-19 14:33:54,Afternoon,Weekday
Coffee,2016-12-19 14:39:57,Afternoon,Weekday
Scone,2016-12-19 14:39:57,Afternoon,Weekday
Brownie,2016-12-19 14:39:57,Afternoon,Weekday
Tea,2016-12-19 14:45:49,Afternoon,Weekday
Sandwich,2016-12-19 14:46:31,Afternoon,Weekday
Juice,2016-12-19 14:46:31,Afternoon,Weekday
Tea,2016-12-19 14:46:31,Afternoon,Weekday
Coffee,2016-12-19 14:47:22,Afternoon,Weekday
Cake,2016-12-19 14:56:31,Afternoon,Weekday
Sandwich,2016-12-19 14:56:31,Afternoon,Weekday
Sandwich,2016-12-19 14:56:31,Afternoon,Weekday
Bread,2016-12-19 14:56:31,Afternoon,Weekday
Coffee,2016-12-19 15:03:36,Afternoon,Weekday
Coffee,2016-12-19 15:03:36,Afternoon,Weekday
Sandwich,2016-12-19 15:05:26,Afternoon,Weekday
Coffee,2016-12-19 15:05:26,Afternoon,Weekday
Juice,2016-12-19 15:16:39,Afternoon,Weekday
Tea,2016-12-19 15:16:39,Afternoon,Weekday
Bread,2016-12-19 15:16:39,Afternoon,Weekday
Brownie,2016-12-19 15:18:57,Afternoon,Weekday
Fudge,2016-12-19 15:19:53,Afternoon,Weekday
Tea,2016-12-19 15:24:54,Afternoon,Weekday
Tea,2016-12-19 15:31:34,Afternoon,Weekday
Truffles,2016-12-19 15:35:28,Afternoon,Weekday
Sandwich,2016-12-19 15:35:28,Afternoon,Weekday
Medialuna,2016-12-19 15:39:26,Afternoon,Weekday
Hot chocolate,2016-12-19 15:39:26,Afternoon,Weekday
Bread,2016-12-19 15:39:26,Afternoon,Weekday
Coffee,2016-12-19 15:39:26,Afternoon,Weekday
Medialuna,2016-12-19 15:41:04,Afternoon,Weekday
Coffee,2016-12-19 15:47:26,Afternoon,Weekday
Coffee,2016-12-19 15:47:26,Afternoon,Weekday
Coffee,2016-12-19 15:53:52,Afternoon,Weekday
Tea,2016-12-19 15:54:05,Afternoon,Weekday
Bread,2016-12-19 16:10:17,Afternoon,Weekday
Bread,2016-12-19 16:21:15,Afternoon,Weekday
Tea,2016-12-19 16:26:14,Afternoon,Weekday
Coke,2016-12-19 16:26:14,Afternoon,Weekday
Cake,2016-12-19 16:26:14,Afternoon,Weekday
Brownie,2016-12-19 16:26:14,Afternoon,Weekday
Bread,2016-12-19 16:26:14,Afternoon,Weekday
Bread,2016-12-20 08:42:05,Morning,Weekday
Tea,2016-12-20 08:53:00,Morning,Weekday
Tea,2016-12-20 08:53:00,Morning,Weekday
Medialuna,2016-12-20 08:53:00,Morning,Weekday
Cookies,2016-12-20 08:53:00,Morning,Weekday
Bread,2016-12-20 08:53:00,Morning,Weekday
Coffee,2016-12-20 08:58:05,Morning,Weekday
Sandwich,2016-12-20 09:11:04,Morning,Weekday
Bread,2016-12-20 09:11:04,Morning,Weekday
Tea,2016-12-20 09:11:04,Morning,Weekday
Bread,2016-12-20 09:26:17,Morning,Weekday
Toast,2016-12-20 09:26:17,Morning,Weekday
Medialuna,2016-12-20 09:26:17,Morning,Weekday
Pastry,2016-12-20 09:32:46,Morning,Weekday
Medialuna,2016-12-20 09:32:46,Morning,Weekday
Coffee,2016-12-20 10:16:37,Morning,Weekday
Coffee,2016-12-20 10:20:30,Morning,Weekday
Coffee,2016-12-20 10:23:12,Morning,Weekday
Coffee,2016-12-20 10:23:12,Morning,Weekday
Pastry,2016-12-20 10:23:12,Morning,Weekday
Cookies,2016-12-20 10:27:45,Morning,Weekday
Cookies,2016-12-20 10:28:49,Morning,Weekday
Bread,2016-12-20 10:29:57,Morning,Weekday
Coffee,2016-12-20 10:36:37,Morning,Weekday
Coffee,2016-12-20 10:49:36,Morning,Weekday
Coffee,2016-12-20 10:49:36,Morning,Weekday
Pastry,2016-12-20 10:49:36,Morning,Weekday
Bread,2016-12-20 11:12:32,Morning,Weekday
Cookies,2016-12-20 11:21:50,Morning,Weekday
Cake,2016-12-20 11:21:50,Morning,Weekday
Coffee,2016-12-20 11:21:50,Morning,Weekday
Hot chocolate,2016-12-20 11:21:50,Morning,Weekday
Pastry,2016-12-20 11:32:52,Morning,Weekday
Medialuna,2016-12-20 11:32:52,Morning,Weekday
Pastry,2016-12-20 11:32:52,Morning,Weekday
Coffee,2016-12-20 11:32:52,Morning,Weekday
Coffee,2016-12-20 11:32:52,Morning,Weekday
Hot chocolate,2016-12-20 11:32:52,Morning,Weekday
The Nomad,2016-12-20 11:32:52,Morning,Weekday
Toast,2016-12-20 11:32:52,Morning,Weekday
Coffee,2016-12-20 11:43:24,Morning,Weekday
Cake,2016-12-20 11:43:24,Morning,Weekday
Bread,2016-12-20 11:43:24,Morning,Weekday
Tea,2016-12-20 11:44:59,Morning,Weekday
Coffee,2016-12-20 12:01:29,Afternoon,Weekday
Cake,2016-12-20 12:01:29,Afternoon,Weekday
Coffee,2016-12-20 12:08:22,Afternoon,Weekday
Coffee,2016-12-20 12:10:52,Afternoon,Weekday
Cake,2016-12-20 12:10:52,Afternoon,Weekday
Toast,2016-12-20 12:18:32,Afternoon,Weekday
Coffee,2016-12-20 12:18:32,Afternoon,Weekday
Coffee,2016-12-20 12:19:25,Afternoon,Weekday
Hot chocolate,2016-12-20 12:28:12,Afternoon,Weekday
Cake,2016-12-20 12:28:12,Afternoon,Weekday
Hearty & Seasonal,2016-12-20 12:46:12,Afternoon,Weekday
Juice,2016-12-20 12:46:12,Afternoon,Weekday
Coffee,2016-12-20 12:47:38,Afternoon,Weekday
Hearty & Seasonal,2016-12-20 12:52:18,Afternoon,Weekday
Coffee,2016-12-20 12:52:18,Afternoon,Weekday
Farm House,2016-12-20 12:54:50,Afternoon,Weekday
Cake,2016-12-20 12:54:50,Afternoon,Weekday
Coffee,2016-12-20 12:59:23,Afternoon,Weekday
Bread,2016-12-20 12:59:23,Afternoon,Weekday
Farm House,2016-12-20 12:59:23,Afternoon,Weekday
Sandwich,2016-12-20 13:04:13,Afternoon,Weekday
Bread,2016-12-20 13:39:45,Afternoon,Weekday
Coffee,2016-12-20 13:41:50,Afternoon,Weekday
Brownie,2016-12-20 13:41:50,Afternoon,Weekday
Sandwich,2016-12-20 13:46:41,Afternoon,Weekday
Juice,2016-12-20 13:46:41,Afternoon,Weekday
Juice,2016-12-20 13:46:41,Afternoon,Weekday
Coffee,2016-12-20 13:56:53,Afternoon,Weekday
Coffee,2016-12-20 14:02:09,Afternoon,Weekday
Tea,2016-12-20 14:13:01,Afternoon,Weekday
Coffee,2016-12-20 14:19:21,Afternoon,Weekday
Hot chocolate,2016-12-20 14:28:14,Afternoon,Weekday
Cake,2016-12-20 14:51:08,Afternoon,Weekday
Coffee,2016-12-20 14:51:08,Afternoon,Weekday
Bread,2016-12-20 14:52:12,Afternoon,Weekday
Bread,2016-12-20 15:04:13,Afternoon,Weekday
Coffee,2016-12-20 15:08:36,Afternoon,Weekday
Hot chocolate,2016-12-20 15:08:36,Afternoon,Weekday
Coffee,2016-12-20 15:14:08,Afternoon,Weekday
Coffee,2016-12-20 15:31:46,Afternoon,Weekday
Bread,2016-12-20 15:31:46,Afternoon,Weekday
Coffee,2016-12-20 15:45:17,Afternoon,Weekday
Cake,2016-12-20 15:45:17,Afternoon,Weekday
Coffee,2016-12-20 15:46:12,Afternoon,Weekday
Farm House,2016-12-20 16:17:46,Afternoon,Weekday
Coffee,2016-12-20 16:43:09,Afternoon,Weekday
Bread,2016-12-20 17:09:59,Evening,Weekday
Coffee,2016-12-20 17:27:13,Evening,Weekday
Farm House,2016-12-20 17:28:44,Evening,Weekday
Scandinavian,2016-12-20 18:10:25,Evening,Weekday
Bread,2016-12-20 19:34:41,Evening,Weekday
Bread,2016-12-21 08:29:11,Morning,Weekday
Pastry,2016-12-21 08:29:11,Morning,Weekday
Coffee,2016-12-21 08:33:12,Morning,Weekday
Coffee,2016-12-21 08:44:49,Morning,Weekday
Coffee,2016-12-21 08:47:09,Morning,Weekday
Bread,2016-12-21 08:47:09,Morning,Weekday
Pastry,2016-12-21 08:47:09,Morning,Weekday
Coffee,2016-12-21 08:58:01,Morning,Weekday
Bread,2016-12-21 08:58:01,Morning,Weekday
Coffee,2016-12-21 08:59:11,Morning,Weekday
Coffee,2016-12-21 08:59:11,Morning,Weekday
Medialuna,2016-12-21 08:59:11,Morning,Weekday
Jam,2016-12-21 09:11:47,Morning,Weekday
Fudge,2016-12-21 09:11:47,Morning,Weekday
Medialuna,2016-12-21 09:11:47,Morning,Weekday
Tea,2016-12-21 09:12:52,Morning,Weekday
Bread,2016-12-21 09:16:27,Morning,Weekday
Bread,2016-12-21 09:16:27,Morning,Weekday
Bread,2016-12-21 09:30:42,Morning,Weekday
Pastry,2016-12-21 10:00:59,Morning,Weekday
Coffee,2016-12-21 10:00:59,Morning,Weekday
Coffee,2016-12-21 10:00:59,Morning,Weekday
Coffee,2016-12-21 10:00:59,Morning,Weekday
Coffee,2016-12-21 10:08:38,Morning,Weekday
Bread,2016-12-21 10:12:45,Morning,Weekday
Coffee,2016-12-21 10:15:22,Morning,Weekday
Coffee,2016-12-21 10:15:22,Morning,Weekday
Coffee,2016-12-21 10:21:41,Morning,Weekday
Cookies,2016-12-21 10:21:41,Morning,Weekday
Coffee,2016-12-21 10:22:43,Morning,Weekday
Coffee,2016-12-21 10:32:00,Morning,Weekday
Pastry,2016-12-21 10:39:01,Morning,Weekday
Coffee,2016-12-21 10:39:01,Morning,Weekday
Coffee,2016-12-21 10:39:01,Morning,Weekday
Bread,2016-12-21 10:47:06,Morning,Weekday
Fudge,2016-12-21 10:54:09,Morning,Weekday
Coffee,2016-12-21 10:54:09,Morning,Weekday
Hot chocolate,2016-12-21 10:56:53,Morning,Weekday
Cake,2016-12-21 10:56:53,Morning,Weekday
Muffin,2016-12-21 11:01:10,Morning,Weekday
Coffee,2016-12-21 11:01:10,Morning,Weekday
Coffee,2016-12-21 11:22:56,Morning,Weekday
Coffee,2016-12-21 11:22:56,Morning,Weekday
Medialuna,2016-12-21 11:22:56,Morning,Weekday
Gingerbread syrup,2016-12-21 11:23:35,Morning,Weekday
Coffee,2016-12-21 11:39:23,Morning,Weekday
Coffee,2016-12-21 11:39:23,Morning,Weekday
Sandwich,2016-12-21 11:46:25,Morning,Weekday
Coffee,2016-12-21 11:46:25,Morning,Weekday
Bread,2016-12-21 11:48:17,Morning,Weekday
Coffee,2016-12-21 11:50:17,Morning,Weekday
Coke,2016-12-21 11:54:03,Morning,Weekday
Coffee,2016-12-21 11:54:03,Morning,Weekday
Juice,2016-12-21 11:54:03,Morning,Weekday
Medialuna,2016-12-21 11:56:31,Morning,Weekday
Bread,2016-12-21 11:56:45,Morning,Weekday
Coffee,2016-12-21 12:01:45,Afternoon,Weekday
Pastry,2016-12-21 12:01:45,Afternoon,Weekday
Coffee,2016-12-21 12:05:48,Afternoon,Weekday
Cake,2016-12-21 12:05:48,Afternoon,Weekday
Bread,2016-12-21 12:05:48,Afternoon,Weekday
Coffee,2016-12-21 12:13:41,Afternoon,Weekday
Bread,2016-12-21 12:32:37,Afternoon,Weekday
Bread,2016-12-21 12:35:20,Afternoon,Weekday
Tea,2016-12-21 12:53:00,Afternoon,Weekday
Coffee,2016-12-21 12:53:00,Afternoon,Weekday
Toast,2016-12-21 12:53:00,Afternoon,Weekday
Sandwich,2016-12-21 12:58:20,Afternoon,Weekday
Smoothies,2016-12-21 12:58:20,Afternoon,Weekday
Fudge,2016-12-21 13:13:09,Afternoon,Weekday
Coffee,2016-12-21 13:16:36,Afternoon,Weekday
Hot chocolate,2016-12-21 13:16:36,Afternoon,Weekday
Coffee,2016-12-21 13:23:11,Afternoon,Weekday
Hot chocolate,2016-12-21 13:23:11,Afternoon,Weekday
Cake,2016-12-21 13:23:11,Afternoon,Weekday
Cake,2016-12-21 13:23:11,Afternoon,Weekday
Hot chocolate,2016-12-21 13:25:16,Afternoon,Weekday
Sandwich,2016-12-21 13:25:16,Afternoon,Weekday
Sandwich,2016-12-21 14:07:34,Afternoon,Weekday
Mineral water,2016-12-21 14:07:34,Afternoon,Weekday
Truffles,2016-12-21 14:07:34,Afternoon,Weekday
Cake,2016-12-21 14:13:25,Afternoon,Weekday
Scandinavian,2016-12-21 14:16:09,Afternoon,Weekday
Coffee,2016-12-21 14:23:02,Afternoon,Weekday
Cake,2016-12-21 14:24:46,Afternoon,Weekday
Bread,2016-12-21 14:24:46,Afternoon,Weekday
Cake,2016-12-21 14:36:59,Afternoon,Weekday
Coffee,2016-12-21 14:43:08,Afternoon,Weekday
Bread,2016-12-21 14:49:14,Afternoon,Weekday
Coffee,2016-12-21 14:49:14,Afternoon,Weekday
Cake,2016-12-21 14:49:14,Afternoon,Weekday
Coffee,2016-12-21 14:59:07,Afternoon,Weekday
Bread,2016-12-21 14:59:07,Afternoon,Weekday
Cookies,2016-12-21 15:04:30,Afternoon,Weekday
Cookies,2016-12-21 15:04:30,Afternoon,Weekday
Coffee,2016-12-21 15:04:30,Afternoon,Weekday
Coke,2016-12-21 15:04:30,Afternoon,Weekday
Bread,2016-12-21 15:09:56,Afternoon,Weekday
Hot chocolate,2016-12-21 15:31:03,Afternoon,Weekday
Tea,2016-12-21 15:31:03,Afternoon,Weekday
Cake,2016-12-21 15:31:03,Afternoon,Weekday
Brownie,2016-12-21 15:31:03,Afternoon,Weekday
Coke,2016-12-21 15:33:14,Afternoon,Weekday
Tea,2016-12-21 15:35:50,Afternoon,Weekday
Coffee,2016-12-21 15:35:50,Afternoon,Weekday
Coffee,2016-12-21 15:40:13,Afternoon,Weekday
Bread,2016-12-21 15:40:13,Afternoon,Weekday
Pastry,2016-12-21 15:42:17,Afternoon,Weekday
Bread,2016-12-21 15:42:17,Afternoon,Weekday
Bread,2016-12-21 15:45:48,Afternoon,Weekday
Tea,2016-12-21 16:07:55,Afternoon,Weekday
Cookies,2016-12-21 16:07:55,Afternoon,Weekday
Brownie,2016-12-21 16:09:04,Afternoon,Weekday
Coffee,2016-12-21 16:11:59,Afternoon,Weekday
Tea,2016-12-21 16:15:56,Afternoon,Weekday
Coffee,2016-12-21 16:38:18,Afternoon,Weekday
Bread,2016-12-21 16:38:18,Afternoon,Weekday
Sandwich,2016-12-21 16:38:18,Afternoon,Weekday
Scandinavian,2016-12-21 16:42:20,Afternoon,Weekday
Coffee,2016-12-22 08:31:51,Morning,Weekday
Bread,2016-12-22 08:41:21,Morning,Weekday
Coffee,2016-12-22 09:23:47,Morning,Weekday
Coffee,2016-12-22 09:23:47,Morning,Weekday
Pastry,2016-12-22 09:23:47,Morning,Weekday
Coffee,2016-12-22 09:27:00,Morning,Weekday
Medialuna,2016-12-22 10:00:45,Morning,Weekday
Coffee,2016-12-22 10:03:22,Morning,Weekday
Muffin,2016-12-22 10:03:22,Morning,Weekday
Bread,2016-12-22 10:09:34,Morning,Weekday
Pastry,2016-12-22 10:09:34,Morning,Weekday
The Nomad,2016-12-22 10:09:34,Morning,Weekday
Bread,2016-12-22 10:09:34,Morning,Weekday
Bread,2016-12-22 10:09:34,Morning,Weekday
Coffee,2016-12-22 10:10:21,Morning,Weekday
Coffee,2016-12-22 10:31:51,Morning,Weekday
Hot chocolate,2016-12-22 10:31:51,Morning,Weekday
Cake,2016-12-22 10:31:51,Morning,Weekday
Bread,2016-12-22 10:38:35,Morning,Weekday
Coffee,2016-12-22 10:38:35,Morning,Weekday
Coffee,2016-12-22 10:38:35,Morning,Weekday
Pastry,2016-12-22 10:38:35,Morning,Weekday
Bread,2016-12-22 10:40:48,Morning,Weekday
Coffee,2016-12-22 10:40:48,Morning,Weekday
Pastry,2016-12-22 10:40:48,Morning,Weekday
Brownie,2016-12-22 10:40:48,Morning,Weekday
Coffee,2016-12-22 10:41:44,Morning,Weekday
Tea,2016-12-22 10:56:38,Morning,Weekday
Pastry,2016-12-22 10:58:59,Morning,Weekday
Bread,2016-12-22 10:58:59,Morning,Weekday
Tea,2016-12-22 11:00:47,Morning,Weekday
Coffee,2016-12-22 11:02:23,Morning,Weekday
Medialuna,2016-12-22 11:02:23,Morning,Weekday
Coffee,2016-12-22 11:06:28,Morning,Weekday
Hot chocolate,2016-12-22 11:09:05,Morning,Weekday
Tea,2016-12-22 11:09:05,Morning,Weekday
Bread,2016-12-22 11:09:05,Morning,Weekday
Tea,2016-12-22 11:10:57,Morning,Weekday
Toast,2016-12-22 11:10:57,Morning,Weekday
Coffee,2016-12-22 11:14:05,Morning,Weekday
Cake,2016-12-22 11:14:05,Morning,Weekday
Coffee,2016-12-22 11:34:29,Morning,Weekday
Panatone,2016-12-22 11:42:27,Morning,Weekday
Coffee,2016-12-22 11:50:00,Morning,Weekday
Bread,2016-12-22 11:50:00,Morning,Weekday
Cake,2016-12-22 11:50:00,Morning,Weekday
Bread,2016-12-22 11:58:06,Morning,Weekday
Bread,2016-12-22 12:06:10,Afternoon,Weekday
Truffles,2016-12-22 12:06:37,Afternoon,Weekday
Coffee,2016-12-22 12:10:57,Afternoon,Weekday
Tea,2016-12-22 12:11:28,Afternoon,Weekday
Bread,2016-12-22 12:35:43,Afternoon,Weekday
Sandwich,2016-12-22 12:35:43,Afternoon,Weekday
Cookies,2016-12-22 12:39:00,Afternoon,Weekday
Bread,2016-12-22 12:48:03,Afternoon,Weekday
Tea,2016-12-22 12:50:49,Afternoon,Weekday
Cake,2016-12-22 12:50:49,Afternoon,Weekday
Bread,2016-12-22 12:52:37,Afternoon,Weekday
Coffee,2016-12-22 13:07:02,Afternoon,Weekday
Bread,2016-12-22 13:13:12,Afternoon,Weekday
Brownie,2016-12-22 13:13:12,Afternoon,Weekday
Art Tray,2016-12-22 13:32:59,Afternoon,Weekday
Bare Popcorn,2016-12-22 13:32:59,Afternoon,Weekday
Juice,2016-12-22 13:32:59,Afternoon,Weekday
Coffee,2016-12-22 13:32:59,Afternoon,Weekday
Brownie,2016-12-22 13:32:59,Afternoon,Weekday
Muffin,2016-12-22 13:32:59,Afternoon,Weekday
Cake,2016-12-22 13:32:59,Afternoon,Weekday
Cookies,2016-12-22 13:32:59,Afternoon,Weekday
Panatone,2016-12-22 13:32:59,Afternoon,Weekday
Coke,2016-12-22 13:35:13,Afternoon,Weekday
Tea,2016-12-22 13:36:10,Afternoon,Weekday
Bread,2016-12-22 14:02:16,Afternoon,Weekday
Tea,2016-12-22 14:15:29,Afternoon,Weekday
Brownie,2016-12-22 14:15:29,Afternoon,Weekday
Tea,2016-12-22 14:35:56,Afternoon,Weekday
Sandwich,2016-12-22 14:35:56,Afternoon,Weekday
Medialuna,2016-12-22 14:35:56,Afternoon,Weekday
Tea,2016-12-22 14:42:03,Afternoon,Weekday
Hot chocolate,2016-12-22 14:42:03,Afternoon,Weekday
Tea,2016-12-22 14:46:52,Afternoon,Weekday
Muffin,2016-12-22 14:46:52,Afternoon,Weekday
Cake,2016-12-22 14:46:52,Afternoon,Weekday
Sandwich,2016-12-22 14:53:26,Afternoon,Weekday
Mineral water,2016-12-22 14:53:26,Afternoon,Weekday
Pastry,2016-12-22 14:54:24,Afternoon,Weekday
Tea,2016-12-22 14:54:24,Afternoon,Weekday
Coffee,2016-12-22 14:54:24,Afternoon,Weekday
Coffee,2016-12-22 14:55:38,Afternoon,Weekday
Hot chocolate,2016-12-22 14:55:38,Afternoon,Weekday
Medialuna,2016-12-22 14:57:42,Afternoon,Weekday
Bread,2016-12-22 15:08:10,Afternoon,Weekday
Muffin,2016-12-22 15:08:10,Afternoon,Weekday
Bread,2016-12-22 15:08:10,Afternoon,Weekday
Tea,2016-12-22 15:08:10,Afternoon,Weekday
Jam,2016-12-22 15:26:07,Afternoon,Weekday
Bread,2016-12-22 15:29:10,Afternoon,Weekday
Tea,2016-12-22 15:29:10,Afternoon,Weekday
Farm House,2016-12-22 15:45:32,Afternoon,Weekday
Bread,2016-12-22 15:51:43,Afternoon,Weekday
Brownie,2016-12-22 15:51:43,Afternoon,Weekday
Juice,2016-12-22 15:51:43,Afternoon,Weekday
Cake,2016-12-22 15:51:43,Afternoon,Weekday
Coffee,2016-12-22 16:30:49,Afternoon,Weekday
Hot chocolate,2016-12-22 16:30:49,Afternoon,Weekday
Coffee,2016-12-22 16:30:49,Afternoon,Weekday
Cake,2016-12-22 16:30:49,Afternoon,Weekday
Fudge,2016-12-22 16:48:36,Afternoon,Weekday
Fudge,2016-12-22 16:48:36,Afternoon,Weekday
Cake,2016-12-22 16:51:21,Afternoon,Weekday
Cake,2016-12-22 16:51:21,Afternoon,Weekday
Juice,2016-12-22 16:51:21,Afternoon,Weekday
Bread,2016-12-22 17:04:27,Evening,Weekday
Jam,2016-12-22 17:04:27,Evening,Weekday
Jam,2016-12-22 17:04:27,Evening,Weekday
Fudge,2016-12-22 17:04:27,Evening,Weekday
Fudge,2016-12-22 17:04:27,Evening,Weekday
Bread,2016-12-23 08:17:03,Morning,Weekday
Bread,2016-12-23 08:17:21,Morning,Weekday
Pastry,2016-12-23 08:40:10,Morning,Weekday
Coffee,2016-12-23 08:40:10,Morning,Weekday
Bread,2016-12-23 08:43:23,Morning,Weekday
Coffee,2016-12-23 08:55:41,Morning,Weekday
Coffee,2016-12-23 08:55:41,Morning,Weekday
Medialuna,2016-12-23 08:55:41,Morning,Weekday
Pastry,2016-12-23 09:06:11,Morning,Weekday
Medialuna,2016-12-23 09:07:33,Morning,Weekday
Coffee,2016-12-23 09:07:33,Morning,Weekday
Bread,2016-12-23 09:18:51,Morning,Weekday
Farm House,2016-12-23 09:18:51,Morning,Weekday
Fudge,2016-12-23 09:20:32,Morning,Weekday
Bread,2016-12-23 09:21:14,Morning,Weekday
Farm House,2016-12-23 09:37:09,Morning,Weekday
Medialuna,2016-12-23 09:38:59,Morning,Weekday
Medialuna,2016-12-23 09:38:59,Morning,Weekday
Pastry,2016-12-23 09:38:59,Morning,Weekday
Coffee,2016-12-23 09:41:17,Morning,Weekday
Muffin,2016-12-23 09:48:27,Morning,Weekday
Cake,2016-12-23 09:48:27,Morning,Weekday
Bread,2016-12-23 09:56:33,Morning,Weekday
Pastry,2016-12-23 09:56:33,Morning,Weekday
The Nomad,2016-12-23 09:56:33,Morning,Weekday
Pastry,2016-12-23 10:24:11,Morning,Weekday
Scone,2016-12-23 10:24:11,Morning,Weekday
Coffee,2016-12-23 10:27:24,Morning,Weekday
Coffee,2016-12-23 10:27:24,Morning,Weekday
Coffee,2016-12-23 10:27:48,Morning,Weekday
Medialuna,2016-12-23 10:34:16,Morning,Weekday
Coffee,2016-12-23 10:34:16,Morning,Weekday
Hot chocolate,2016-12-23 10:34:16,Morning,Weekday
Bread,2016-12-23 10:34:16,Morning,Weekday
Scandinavian,2016-12-23 10:34:16,Morning,Weekday
Brownie,2016-12-23 10:35:13,Morning,Weekday
Cake,2016-12-23 10:35:13,Morning,Weekday
Hot chocolate,2016-12-23 10:35:13,Morning,Weekday
Coffee,2016-12-23 10:42:14,Morning,Weekday
Coffee,2016-12-23 10:42:14,Morning,Weekday
Cake,2016-12-23 10:42:14,Morning,Weekday
Brownie,2016-12-23 10:42:14,Morning,Weekday
Hot chocolate,2016-12-23 10:47:34,Morning,Weekday
Coffee,2016-12-23 10:47:34,Morning,Weekday
Coffee,2016-12-23 10:51:08,Morning,Weekday
Bread,2016-12-23 10:51:08,Morning,Weekday
Bread,2016-12-23 10:52:10,Morning,Weekday
Sandwich,2016-12-23 10:55:19,Morning,Weekday
Sandwich,2016-12-23 10:55:19,Morning,Weekday
Bread,2016-12-23 10:55:19,Morning,Weekday
Fudge,2016-12-23 10:55:19,Morning,Weekday
Tea,2016-12-23 11:01:05,Morning,Weekday
Juice,2016-12-23 11:01:05,Morning,Weekday
Muffin,2016-12-23 11:01:05,Morning,Weekday
Gingerbread syrup,2016-12-23 11:01:05,Morning,Weekday
Tea,2016-12-23 11:07:50,Morning,Weekday
Coffee,2016-12-23 11:07:50,Morning,Weekday
Coffee,2016-12-23 11:10:36,Morning,Weekday
Coffee,2016-12-23 11:15:31,Morning,Weekday
Brownie,2016-12-23 11:15:31,Morning,Weekday
Bread,2016-12-23 11:24:10,Morning,Weekday
Bread,2016-12-23 11:32:33,Morning,Weekday
Hot chocolate,2016-12-23 11:32:33,Morning,Weekday
Muffin,2016-12-23 11:32:33,Morning,Weekday
Smoothies,2016-12-23 11:32:33,Morning,Weekday
Coffee,2016-12-23 11:33:49,Morning,Weekday
Hot chocolate,2016-12-23 11:33:49,Morning,Weekday
Coffee,2016-12-23 11:36:31,Morning,Weekday
Scone,2016-12-23 11:36:31,Morning,Weekday
Juice,2016-12-23 11:36:31,Morning,Weekday
Cake,2016-12-23 11:36:31,Morning,Weekday
Brownie,2016-12-23 11:36:31,Morning,Weekday
Bread,2016-12-23 11:50:05,Morning,Weekday
Cake,2016-12-23 11:55:46,Morning,Weekday
Coffee,2016-12-23 11:55:46,Morning,Weekday
Gingerbread syrup,2016-12-23 11:57:59,Morning,Weekday
Jam,2016-12-23 11:57:59,Morning,Weekday
Fudge,2016-12-23 11:57:59,Morning,Weekday
Fudge,2016-12-23 11:57:59,Morning,Weekday
Fudge,2016-12-23 12:04:18,Afternoon,Weekday
Bread,2016-12-23 12:10:29,Afternoon,Weekday
Coffee,2016-12-23 12:26:05,Afternoon,Weekday
Cake,2016-12-23 12:28:49,Afternoon,Weekday
Scone,2016-12-23 12:28:49,Afternoon,Weekday
Coffee,2016-12-23 12:28:49,Afternoon,Weekday
Tea,2016-12-23 12:28:49,Afternoon,Weekday
Tea,2016-12-23 12:28:49,Afternoon,Weekday
Brioche and salami,2016-12-23 12:28:49,Afternoon,Weekday
Bread,2016-12-23 12:32:45,Afternoon,Weekday
Truffles,2016-12-23 12:32:45,Afternoon,Weekday
Bread,2016-12-23 12:33:43,Afternoon,Weekday
Coffee,2016-12-23 12:33:43,Afternoon,Weekday
Bread,2016-12-23 12:42:09,Afternoon,Weekday
Frittata,2016-12-23 12:45:06,Afternoon,Weekday
Coffee,2016-12-23 12:45:06,Afternoon,Weekday
Muffin,2016-12-23 12:54:13,Afternoon,Weekday
Cake,2016-12-23 12:54:13,Afternoon,Weekday
Hot chocolate,2016-12-23 13:00:18,Afternoon,Weekday
Coffee,2016-12-23 13:01:39,Afternoon,Weekday
Scone,2016-12-23 13:01:39,Afternoon,Weekday
Bread,2016-12-23 13:09:12,Afternoon,Weekday
Bread,2016-12-23 13:12:33,Afternoon,Weekday
Tea,2016-12-23 13:17:32,Afternoon,Weekday
Bread,2016-12-23 13:48:41,Afternoon,Weekday
Scone,2016-12-23 13:48:41,Afternoon,Weekday
Panatone,2016-12-23 13:52:45,Afternoon,Weekday
Sandwich,2016-12-23 13:54:19,Afternoon,Weekday
Bread,2016-12-23 13:54:19,Afternoon,Weekday
Coffee,2016-12-23 13:54:19,Afternoon,Weekday
Coke,2016-12-23 13:54:19,Afternoon,Weekday
Gingerbread syrup,2016-12-23 13:54:59,Afternoon,Weekday
Bread,2016-12-23 14:03:32,Afternoon,Weekday
Brownie,2016-12-23 14:03:32,Afternoon,Weekday
Bread,2016-12-23 14:03:32,Afternoon,Weekday
Frittata,2016-12-23 14:04:34,Afternoon,Weekday
Farm House,2016-12-23 14:06:25,Afternoon,Weekday
Cookies,2016-12-23 14:06:25,Afternoon,Weekday
Tea,2016-12-23 14:07:49,Afternoon,Weekday
Scone,2016-12-23 14:07:49,Afternoon,Weekday
Bread,2016-12-23 14:11:00,Afternoon,Weekday
Jam,2016-12-23 14:16:28,Afternoon,Weekday
Tea,2016-12-23 14:17:03,Afternoon,Weekday
Tea,2016-12-23 14:27:33,Afternoon,Weekday
Bread,2016-12-23 14:27:33,Afternoon,Weekday
Sandwich,2016-12-23 14:29:58,Afternoon,Weekday
Coffee,2016-12-23 14:29:58,Afternoon,Weekday
Coffee,2016-12-23 14:33:13,Afternoon,Weekday
Scone,2016-12-23 14:33:13,Afternoon,Weekday
Cake,2016-12-23 14:48:42,Afternoon,Weekday
Cake,2016-12-23 14:54:42,Afternoon,Weekday
Scone,2016-12-23 14:54:42,Afternoon,Weekday
Cookies,2016-12-23 14:54:42,Afternoon,Weekday
Juice,2016-12-23 14:54:42,Afternoon,Weekday
Coffee,2016-12-23 14:54:42,Afternoon,Weekday
Coffee,2016-12-23 14:54:42,Afternoon,Weekday
Coffee,2016-12-23 15:00:47,Afternoon,Weekday
Coffee,2016-12-23 15:00:47,Afternoon,Weekday
Coffee,2016-12-23 15:07:05,Afternoon,Weekday
Hot chocolate,2016-12-23 15:07:05,Afternoon,Weekday
Toast,2016-12-23 15:16:10,Afternoon,Weekday
Sandwich,2016-12-23 15:16:10,Afternoon,Weekday
Hot chocolate,2016-12-23 15:16:10,Afternoon,Weekday
Cookies,2016-12-23 15:16:10,Afternoon,Weekday
Bread,2016-12-23 15:34:53,Afternoon,Weekday
Coffee,2016-12-23 15:34:53,Afternoon,Weekday
Tea,2016-12-23 15:34:53,Afternoon,Weekday
Hot chocolate,2016-12-23 15:55:26,Afternoon,Weekday
Cake,2016-12-23 15:55:26,Afternoon,Weekday
Bread,2016-12-24 08:05:04,Morning,Weekend
Panatone,2016-12-24 08:05:04,Morning,Weekend
Bread,2016-12-24 08:06:41,Morning,Weekend
Coffee,2016-12-24 08:25:36,Morning,Weekend
Gingerbread syrup,2016-12-24 08:25:36,Morning,Weekend
Bread,2016-12-24 08:28:51,Morning,Weekend
Coffee,2016-12-24 08:40:06,Morning,Weekend
Medialuna,2016-12-24 08:40:06,Morning,Weekend
Bread,2016-12-24 08:51:50,Morning,Weekend
Bread,2016-12-24 08:57:36,Morning,Weekend
Coffee,2016-12-24 09:16:06,Morning,Weekend
Coffee,2016-12-24 09:16:06,Morning,Weekend
Toast,2016-12-24 09:16:06,Morning,Weekend
Cake,2016-12-24 09:17:25,Morning,Weekend
Pastry,2016-12-24 09:17:25,Morning,Weekend
Bread,2016-12-24 09:17:25,Morning,Weekend
Bread,2016-12-24 09:17:25,Morning,Weekend
Coffee,2016-12-24 09:38:29,Morning,Weekend
Juice,2016-12-24 09:38:29,Morning,Weekend
Cookies,2016-12-24 09:38:29,Morning,Weekend
Coffee,2016-12-24 09:47:45,Morning,Weekend
Pastry,2016-12-24 09:47:45,Morning,Weekend
Medialuna,2016-12-24 09:47:45,Morning,Weekend
Bread,2016-12-24 09:58:40,Morning,Weekend
Bread,2016-12-24 10:01:09,Morning,Weekend
Bread,2016-12-24 10:09:00,Morning,Weekend
Focaccia,2016-12-24 10:09:00,Morning,Weekend
Farm House,2016-12-24 10:09:00,Morning,Weekend
Bread,2016-12-24 10:10:11,Morning,Weekend
Bread,2016-12-24 10:17:01,Morning,Weekend
Medialuna,2016-12-24 10:17:01,Morning,Weekend
Pastry,2016-12-24 10:17:01,Morning,Weekend
Coffee,2016-12-24 10:20:23,Morning,Weekend
Coffee,2016-12-24 10:20:23,Morning,Weekend
Scone,2016-12-24 10:20:23,Morning,Weekend
Coffee,2016-12-24 10:20:23,Morning,Weekend
Hot chocolate,2016-12-24 10:22:32,Morning,Weekend
Tea,2016-12-24 10:22:32,Morning,Weekend
Pastry,2016-12-24 10:22:32,Morning,Weekend
Scone,2016-12-24 10:22:32,Morning,Weekend
Cake,2016-12-24 10:26:36,Morning,Weekend
Coffee,2016-12-24 10:27:54,Morning,Weekend
Hot chocolate,2016-12-24 10:27:54,Morning,Weekend
Crisps,2016-12-24 10:27:54,Morning,Weekend
Coffee,2016-12-24 10:36:24,Morning,Weekend
Hot chocolate,2016-12-24 10:36:24,Morning,Weekend
Bread,2016-12-24 10:45:30,Morning,Weekend
Hot chocolate,2016-12-24 10:45:30,Morning,Weekend
Pastry,2016-12-24 10:45:30,Morning,Weekend
Scone,2016-12-24 10:48:08,Morning,Weekend
Frittata,2016-12-24 10:48:08,Morning,Weekend
Bread,2016-12-24 10:52:59,Morning,Weekend
Pastry,2016-12-24 10:54:27,Morning,Weekend
Hot chocolate,2016-12-24 10:58:18,Morning,Weekend
Bread,2016-12-24 11:02:16,Morning,Weekend
Coffee,2016-12-24 11:02:40,Morning,Weekend
Bread,2016-12-24 11:06:16,Morning,Weekend
Bread,2016-12-24 11:10:16,Morning,Weekend
Toast,2016-12-24 11:10:16,Morning,Weekend
Tea,2016-12-24 11:21:11,Morning,Weekend
Coke,2016-12-24 11:21:11,Morning,Weekend
Juice,2016-12-24 11:21:11,Morning,Weekend
Coffee,2016-12-24 11:22:47,Morning,Weekend
Hot chocolate,2016-12-24 11:22:47,Morning,Weekend
Sandwich,2016-12-24 11:22:47,Morning,Weekend
Farm House,2016-12-24 11:23:52,Morning,Weekend
Hot chocolate,2016-12-24 11:26:54,Morning,Weekend
Coffee,2016-12-24 11:26:54,Morning,Weekend
Coffee,2016-12-24 11:26:54,Morning,Weekend
Tea,2016-12-24 11:26:54,Morning,Weekend
Cake,2016-12-24 11:26:54,Morning,Weekend
Cake,2016-12-24 11:26:54,Morning,Weekend
Medialuna,2016-12-24 11:26:54,Morning,Weekend
Pastry,2016-12-24 11:26:54,Morning,Weekend
Farm House,2016-12-24 11:26:54,Morning,Weekend
Coffee,2016-12-24 11:31:29,Morning,Weekend
Pastry,2016-12-24 11:38:33,Morning,Weekend
Fudge,2016-12-24 11:38:33,Morning,Weekend
Jam,2016-12-24 11:38:33,Morning,Weekend
Jam,2016-12-24 11:38:33,Morning,Weekend
Bread,2016-12-24 11:41:15,Morning,Weekend
Farm House,2016-12-24 11:41:15,Morning,Weekend
Coke,2016-12-24 11:41:15,Morning,Weekend
Hot chocolate,2016-12-24 11:42:15,Morning,Weekend
Coffee,2016-12-24 11:42:15,Morning,Weekend
Pastry,2016-12-24 11:42:15,Morning,Weekend
Focaccia,2016-12-24 11:43:51,Morning,Weekend
Medialuna,2016-12-24 11:43:51,Morning,Weekend
Coffee,2016-12-24 11:44:16,Morning,Weekend
Coffee,2016-12-24 11:47:47,Morning,Weekend
Coffee,2016-12-24 11:47:47,Morning,Weekend
Cake,2016-12-24 11:47:47,Morning,Weekend
Art Tray,2016-12-24 11:52:59,Morning,Weekend
Toast,2016-12-24 11:52:59,Morning,Weekend
Sandwich,2016-12-24 11:52:59,Morning,Weekend
Hot chocolate,2016-12-24 11:52:59,Morning,Weekend
Hot chocolate,2016-12-24 11:52:59,Morning,Weekend
Juice,2016-12-24 11:52:59,Morning,Weekend
Scone,2016-12-24 11:57:06,Morning,Weekend
Bread,2016-12-24 11:59:44,Morning,Weekend
Scandinavian,2016-12-24 12:02:49,Afternoon,Weekend
Bread,2016-12-24 12:08:17,Afternoon,Weekend
Scone,2016-12-24 12:10:42,Afternoon,Weekend
Medialuna,2016-12-24 12:19:45,Afternoon,Weekend
Tea,2016-12-24 12:19:45,Afternoon,Weekend
Coffee,2016-12-24 12:19:45,Afternoon,Weekend
Coffee,2016-12-24 12:19:45,Afternoon,Weekend
Hot chocolate,2016-12-24 12:37:30,Afternoon,Weekend
Hot chocolate,2016-12-24 12:37:30,Afternoon,Weekend
Coffee,2016-12-24 12:37:30,Afternoon,Weekend
Cookies,2016-12-24 12:37:30,Afternoon,Weekend
Medialuna,2016-12-24 12:37:30,Afternoon,Weekend
Cookies,2016-12-24 12:38:01,Afternoon,Weekend
Tea,2016-12-24 12:39:21,Afternoon,Weekend
Coke,2016-12-24 12:39:21,Afternoon,Weekend
Frittata,2016-12-24 12:39:21,Afternoon,Weekend
Sandwich,2016-12-24 12:39:21,Afternoon,Weekend
Coffee,2016-12-24 12:42:32,Afternoon,Weekend
Cookies,2016-12-24 12:46:05,Afternoon,Weekend
Medialuna,2016-12-24 12:49:06,Afternoon,Weekend
Bread,2016-12-24 12:53:59,Afternoon,Weekend
Coffee,2016-12-24 12:56:35,Afternoon,Weekend
Sandwich,2016-12-24 12:56:35,Afternoon,Weekend
Bread,2016-12-24 12:57:39,Afternoon,Weekend
Coffee,2016-12-24 12:57:39,Afternoon,Weekend
Sandwich,2016-12-24 12:57:39,Afternoon,Weekend
Cake,2016-12-24 13:04:18,Afternoon,Weekend
Coffee,2016-12-24 13:07:43,Afternoon,Weekend
Coffee,2016-12-24 13:12:07,Afternoon,Weekend
Coffee,2016-12-24 13:12:58,Afternoon,Weekend
Sandwich,2016-12-24 13:12:58,Afternoon,Weekend
Fudge,2016-12-24 13:17:21,Afternoon,Weekend
Jam,2016-12-24 13:17:21,Afternoon,Weekend
Focaccia,2016-12-24 13:17:21,Afternoon,Weekend
Bread,2016-12-24 13:46:12,Afternoon,Weekend
Medialuna,2016-12-24 13:46:12,Afternoon,Weekend
Coffee,2016-12-24 13:47:32,Afternoon,Weekend
Tea,2016-12-24 13:47:32,Afternoon,Weekend
Coffee,2016-12-24 13:47:32,Afternoon,Weekend
Coffee,2016-12-24 13:47:32,Afternoon,Weekend
Coffee,2016-12-24 13:49:17,Afternoon,Weekend
Focaccia,2016-12-24 13:55:16,Afternoon,Weekend
Panatone,2016-12-24 13:55:16,Afternoon,Weekend
Fudge,2016-12-24 13:55:16,Afternoon,Weekend
Coffee,2016-12-24 14:06:38,Afternoon,Weekend
Coke,2016-12-24 14:06:38,Afternoon,Weekend
Scandinavian,2016-12-24 14:09:48,Afternoon,Weekend
Farm House,2016-12-24 14:09:48,Afternoon,Weekend
Cookies,2016-12-24 14:11:19,Afternoon,Weekend
Bread,2016-12-24 14:13:58,Afternoon,Weekend
Cake,2016-12-24 14:13:58,Afternoon,Weekend
Scone,2016-12-24 14:14:46,Afternoon,Weekend
Coffee,2016-12-24 14:14:46,Afternoon,Weekend
Tea,2016-12-24 14:14:46,Afternoon,Weekend
Sandwich,2016-12-24 14:17:57,Afternoon,Weekend
Bread,2016-12-24 14:21:24,Afternoon,Weekend
Coffee,2016-12-24 14:25:54,Afternoon,Weekend
Tea,2016-12-24 14:35:02,Afternoon,Weekend
Bread,2016-12-24 14:41:44,Afternoon,Weekend
Coffee,2016-12-24 14:49:56,Afternoon,Weekend
Coffee,2016-12-24 14:49:56,Afternoon,Weekend
Scone,2016-12-24 15:16:20,Afternoon,Weekend
Cake,2016-12-24 15:16:20,Afternoon,Weekend
Tea,2016-12-24 15:16:20,Afternoon,Weekend
Hot chocolate,2016-12-24 15:22:37,Afternoon,Weekend
Hot chocolate,2016-12-24 16:03:53,Afternoon,Weekend
Bread,2016-12-24 16:19:40,Afternoon,Weekend
Focaccia,2016-12-24 16:19:40,Afternoon,Weekend
Scandinavian,2016-12-24 16:19:40,Afternoon,Weekend
Hot chocolate,2016-12-27 09:56:35,Morning,Weekday
Coffee,2016-12-27 10:31:04,Morning,Weekday
Bread,2016-12-27 10:59:38,Morning,Weekday
Coffee,2016-12-27 11:03:39,Morning,Weekday
Medialuna,2016-12-27 11:03:39,Morning,Weekday
Pastry,2016-12-27 11:03:39,Morning,Weekday
Coffee,2016-12-27 11:09:34,Morning,Weekday
Coffee,2016-12-27 11:13:12,Morning,Weekday
Coffee,2016-12-27 11:13:12,Morning,Weekday
Pastry,2016-12-27 11:13:12,Morning,Weekday
Coffee,2016-12-27 11:17:05,Morning,Weekday
Medialuna,2016-12-27 11:17:05,Morning,Weekday
Coffee,2016-12-27 11:25:23,Morning,Weekday
Coffee,2016-12-27 11:32:05,Morning,Weekday
Hot chocolate,2016-12-27 11:32:05,Morning,Weekday
Coffee,2016-12-27 11:39:50,Morning,Weekday
Tea,2016-12-27 11:39:50,Morning,Weekday
Coffee,2016-12-27 11:41:24,Morning,Weekday
Coffee,2016-12-27 11:41:24,Morning,Weekday
Coffee,2016-12-27 11:46:49,Morning,Weekday
Coffee,2016-12-27 11:52:30,Morning,Weekday
Coffee,2016-12-27 11:52:30,Morning,Weekday
Cake,2016-12-27 11:52:30,Morning,Weekday
Coffee,2016-12-27 12:13:04,Afternoon,Weekday
Coffee,2016-12-27 12:13:04,Afternoon,Weekday
Coffee,2016-12-27 12:13:04,Afternoon,Weekday
Toast,2016-12-27 12:13:04,Afternoon,Weekday
Hot chocolate,2016-12-27 13:15:36,Afternoon,Weekday
Tea,2016-12-27 13:15:36,Afternoon,Weekday
Pastry,2016-12-27 13:55:40,Afternoon,Weekday
Medialuna,2016-12-27 13:55:40,Afternoon,Weekday
Gingerbread syrup,2016-12-27 13:55:40,Afternoon,Weekday
Coffee,2016-12-27 13:57:15,Afternoon,Weekday
Coffee,2016-12-27 13:57:15,Afternoon,Weekday
Sandwich,2016-12-27 13:57:15,Afternoon,Weekday
Sandwich,2016-12-27 14:03:17,Afternoon,Weekday
Coffee,2016-12-27 14:03:17,Afternoon,Weekday
Hot chocolate,2016-12-27 14:03:17,Afternoon,Weekday
Coffee,2016-12-27 14:25:42,Afternoon,Weekday
Coffee,2016-12-27 14:38:42,Afternoon,Weekday
Cake,2016-12-27 14:38:42,Afternoon,Weekday
Cookies,2016-12-27 14:43:53,Afternoon,Weekday
Coffee,2016-12-27 14:43:53,Afternoon,Weekday
Bread,2016-12-27 15:03:14,Afternoon,Weekday
Farm House,2016-12-27 15:03:14,Afternoon,Weekday
Coffee,2016-12-27 15:13:33,Afternoon,Weekday
Coffee,2016-12-27 15:13:33,Afternoon,Weekday
Coffee,2016-12-28 09:26:09,Morning,Weekday
Medialuna,2016-12-28 09:32:12,Morning,Weekday
Pastry,2016-12-28 09:32:12,Morning,Weekday
Coffee,2016-12-28 10:20:37,Morning,Weekday
Coffee,2016-12-28 10:20:37,Morning,Weekday
Coffee,2016-12-28 10:30:54,Morning,Weekday
Coffee,2016-12-28 10:46:05,Morning,Weekday
Medialuna,2016-12-28 10:46:05,Morning,Weekday
Pastry,2016-12-28 10:46:05,Morning,Weekday
Medialuna,2016-12-28 10:46:05,Morning,Weekday
Toast,2016-12-28 10:51:24,Morning,Weekday
Tea,2016-12-28 10:51:24,Morning,Weekday
Coffee,2016-12-28 10:51:24,Morning,Weekday
Bread,2016-12-28 10:52:46,Morning,Weekday
Farm House,2016-12-28 10:55:56,Morning,Weekday
Bread,2016-12-28 10:57:00,Morning,Weekday
Bread,2016-12-28 10:57:44,Morning,Weekday
Bread,2016-12-28 10:59:54,Morning,Weekday
Medialuna,2016-12-28 10:59:54,Morning,Weekday
Toast,2016-12-28 10:59:54,Morning,Weekday
Bread,2016-12-28 10:59:54,Morning,Weekday
Coffee,2016-12-28 11:03:27,Morning,Weekday
Coffee,2016-12-28 11:03:27,Morning,Weekday
Tea,2016-12-28 11:03:27,Morning,Weekday
Bread,2016-12-28 11:03:27,Morning,Weekday
Bread,2016-12-28 11:06:32,Morning,Weekday
Farm House,2016-12-28 11:06:32,Morning,Weekday
Bread,2016-12-28 11:06:32,Morning,Weekday
Coffee,2016-12-28 11:06:32,Morning,Weekday
Sandwich,2016-12-28 11:06:32,Morning,Weekday
Truffles,2016-12-28 11:06:32,Morning,Weekday
Coffee,2016-12-28 11:07:28,Morning,Weekday
Coffee,2016-12-28 11:28:33,Morning,Weekday
Coffee,2016-12-28 11:35:15,Morning,Weekday
Cake,2016-12-28 11:35:15,Morning,Weekday
Coffee,2016-12-28 11:36:53,Morning,Weekday
Coffee,2016-12-28 11:38:30,Morning,Weekday
Hot chocolate,2016-12-28 11:38:30,Morning,Weekday
Bread,2016-12-28 11:38:30,Morning,Weekday
Cookies,2016-12-28 11:38:30,Morning,Weekday
Bread,2016-12-28 11:38:30,Morning,Weekday
Hot chocolate,2016-12-28 11:43:16,Morning,Weekday
Medialuna,2016-12-28 11:44:24,Morning,Weekday
Bread,2016-12-28 11:44:24,Morning,Weekday
Bread,2016-12-28 11:45:43,Morning,Weekday
Bread,2016-12-28 11:46:53,Morning,Weekday
Coffee,2016-12-28 11:53:26,Morning,Weekday
Coffee,2016-12-28 11:57:19,Morning,Weekday
Bread,2016-12-28 11:57:19,Morning,Weekday
Cake,2016-12-28 11:57:19,Morning,Weekday
Bread,2016-12-28 11:57:19,Morning,Weekday
Bread,2016-12-28 12:00:13,Afternoon,Weekday
Muesli,2016-12-28 12:01:45,Afternoon,Weekday
Bread,2016-12-28 12:01:45,Afternoon,Weekday
Coffee,2016-12-28 12:03:29,Afternoon,Weekday
Coffee,2016-12-28 12:03:29,Afternoon,Weekday
Bread,2016-12-28 12:03:29,Afternoon,Weekday
Coffee,2016-12-28 12:17:25,Afternoon,Weekday
Coffee,2016-12-28 12:26:20,Afternoon,Weekday
Bread,2016-12-28 13:22:29,Afternoon,Weekday
Coffee,2016-12-28 13:22:29,Afternoon,Weekday
Coffee,2016-12-28 13:22:58,Afternoon,Weekday
Tea,2016-12-28 13:40:02,Afternoon,Weekday
Tea,2016-12-28 13:40:47,Afternoon,Weekday
Bread,2016-12-28 13:46:28,Afternoon,Weekday
Crisps,2016-12-28 13:46:28,Afternoon,Weekday
Juice,2016-12-28 13:46:28,Afternoon,Weekday
Coffee,2016-12-28 13:46:28,Afternoon,Weekday
Hot chocolate,2016-12-28 13:46:28,Afternoon,Weekday
Truffles,2016-12-28 13:46:28,Afternoon,Weekday
Cake,2016-12-28 13:53:23,Afternoon,Weekday
Fudge,2016-12-28 14:03:24,Afternoon,Weekday
Coffee,2016-12-28 14:07:30,Afternoon,Weekday
Tea,2016-12-28 14:07:30,Afternoon,Weekday
Coffee,2016-12-28 14:34:13,Afternoon,Weekday
Juice,2016-12-28 14:34:13,Afternoon,Weekday
Coffee,2016-12-28 14:34:13,Afternoon,Weekday
Coke,2016-12-28 14:34:13,Afternoon,Weekday
Sandwich,2016-12-28 14:34:13,Afternoon,Weekday
Sandwich,2016-12-28 14:34:13,Afternoon,Weekday
Sandwich,2016-12-28 14:42:55,Afternoon,Weekday
Sandwich,2016-12-28 14:42:55,Afternoon,Weekday
Bread,2016-12-28 15:04:17,Afternoon,Weekday
Coffee,2016-12-28 15:07:17,Afternoon,Weekday
Bread,2016-12-28 15:07:17,Afternoon,Weekday
Bread,2016-12-28 15:13:13,Afternoon,Weekday
Coffee,2016-12-28 15:13:13,Afternoon,Weekday
Bread,2016-12-28 15:15:46,Afternoon,Weekday
Coffee,2016-12-28 15:23:35,Afternoon,Weekday
Coffee,2016-12-28 16:00:35,Afternoon,Weekday
Coffee,2016-12-28 16:00:35,Afternoon,Weekday
Hot chocolate,2016-12-28 16:00:35,Afternoon,Weekday
Cake,2016-12-28 16:00:35,Afternoon,Weekday
Cake,2016-12-28 16:00:35,Afternoon,Weekday
Sandwich,2016-12-28 16:19:56,Afternoon,Weekday
Coffee,2016-12-28 16:19:56,Afternoon,Weekday
Hot chocolate,2016-12-28 16:19:56,Afternoon,Weekday
Cookies,2016-12-28 16:19:56,Afternoon,Weekday
Crisps,2016-12-28 16:19:56,Afternoon,Weekday
Bare Popcorn,2016-12-28 16:19:56,Afternoon,Weekday
Coffee,2016-12-28 16:19:56,Afternoon,Weekday
Coffee,2016-12-28 16:20:47,Afternoon,Weekday
Hot chocolate,2016-12-28 16:24:53,Afternoon,Weekday
Hot chocolate,2016-12-28 16:24:53,Afternoon,Weekday
Coffee,2016-12-29 08:53:35,Morning,Weekday
Bread,2016-12-29 09:20:44,Morning,Weekday
Coffee,2016-12-29 09:53:18,Morning,Weekday
Coffee,2016-12-29 09:53:41,Morning,Weekday
Tea,2016-12-29 10:19:51,Morning,Weekday
Bread,2016-12-29 10:19:51,Morning,Weekday
Bread,2016-12-29 10:20:20,Morning,Weekday
Coffee,2016-12-29 10:39:20,Morning,Weekday
Hot chocolate,2016-12-29 10:39:20,Morning,Weekday
Bread,2016-12-29 10:39:20,Morning,Weekday
Bread,2016-12-29 10:45:50,Morning,Weekday
Bread,2016-12-29 10:47:44,Morning,Weekday
Bread,2016-12-29 10:47:44,Morning,Weekday
Tea,2016-12-29 10:49:12,Morning,Weekday
Medialuna,2016-12-29 10:49:12,Morning,Weekday
Bread,2016-12-29 10:49:12,Morning,Weekday
Medialuna,2016-12-29 10:52:39,Morning,Weekday
Pastry,2016-12-29 10:52:39,Morning,Weekday
Coffee,2016-12-29 10:52:39,Morning,Weekday
Coffee,2016-12-29 10:52:39,Morning,Weekday
Toast,2016-12-29 10:52:39,Morning,Weekday
Medialuna,2016-12-29 10:55:08,Morning,Weekday
Bread,2016-12-29 11:00:53,Morning,Weekday
Farm House,2016-12-29 11:15:51,Morning,Weekday
Coffee,2016-12-29 11:35:40,Morning,Weekday
Coffee,2016-12-29 11:35:40,Morning,Weekday
Pastry,2016-12-29 11:35:40,Morning,Weekday
Toast,2016-12-29 11:35:40,Morning,Weekday
Coffee,2016-12-29 11:45:42,Morning,Weekday
Cookies,2016-12-29 11:45:42,Morning,Weekday
Bread,2016-12-29 11:45:42,Morning,Weekday
Cake,2016-12-29 11:48:34,Morning,Weekday
Bread,2016-12-29 11:48:34,Morning,Weekday
Jammie Dodgers,2016-12-29 11:48:34,Morning,Weekday
Coffee,2016-12-29 11:48:34,Morning,Weekday
Tea,2016-12-29 11:48:34,Morning,Weekday
Coffee,2016-12-29 11:48:34,Morning,Weekday
Coffee,2016-12-29 11:59:07,Morning,Weekday
Coffee,2016-12-29 11:59:07,Morning,Weekday
Smoothies,2016-12-29 11:59:07,Morning,Weekday
Toast,2016-12-29 11:59:07,Morning,Weekday
Coffee,2016-12-29 11:59:49,Morning,Weekday
Coffee,2016-12-29 11:59:49,Morning,Weekday
Smoothies,2016-12-29 11:59:49,Morning,Weekday
Toast,2016-12-29 11:59:49,Morning,Weekday
Toast,2016-12-29 12:00:37,Afternoon,Weekday
Coffee,2016-12-29 12:00:37,Afternoon,Weekday
Smoothies,2016-12-29 12:00:37,Afternoon,Weekday
Bread,2016-12-29 12:03:16,Afternoon,Weekday
Bread,2016-12-29 12:06:04,Afternoon,Weekday
Bread,2016-12-29 12:06:04,Afternoon,Weekday
Bread,2016-12-29 12:10:10,Afternoon,Weekday
Coffee,2016-12-29 12:10:10,Afternoon,Weekday
Fudge,2016-12-29 12:28:36,Afternoon,Weekday
Bread,2016-12-29 12:28:36,Afternoon,Weekday
Coffee,2016-12-29 12:28:36,Afternoon,Weekday
Bread,2016-12-29 12:28:36,Afternoon,Weekday
Cake,2016-12-29 12:28:36,Afternoon,Weekday
Bread,2016-12-29 12:33:09,Afternoon,Weekday
Pastry,2016-12-29 12:33:09,Afternoon,Weekday
Tea,2016-12-29 12:45:20,Afternoon,Weekday
Frittata,2016-12-29 12:45:20,Afternoon,Weekday
Sandwich,2016-12-29 12:53:10,Afternoon,Weekday
Coffee,2016-12-29 12:53:10,Afternoon,Weekday
Bread,2016-12-29 12:53:10,Afternoon,Weekday
Bread,2016-12-29 12:58:17,Afternoon,Weekday
Coffee,2016-12-29 13:04:23,Afternoon,Weekday
Hot chocolate,2016-12-29 13:04:23,Afternoon,Weekday
Bread,2016-12-29 13:04:23,Afternoon,Weekday
Bread,2016-12-29 13:16:31,Afternoon,Weekday
Bread,2016-12-29 13:16:31,Afternoon,Weekday
Juice,2016-12-29 13:16:31,Afternoon,Weekday
Juice,2016-12-29 13:16:31,Afternoon,Weekday
Coffee,2016-12-29 13:20:45,Afternoon,Weekday
Hot chocolate,2016-12-29 13:30:36,Afternoon,Weekday
Bread,2016-12-29 13:30:36,Afternoon,Weekday
Coffee,2016-12-29 13:35:07,Afternoon,Weekday
Coffee,2016-12-29 13:35:07,Afternoon,Weekday
Juice,2016-12-29 13:35:07,Afternoon,Weekday
Sandwich,2016-12-29 13:35:07,Afternoon,Weekday
Cake,2016-12-29 13:35:07,Afternoon,Weekday
Bread,2016-12-29 13:35:07,Afternoon,Weekday
Lemon and coconut,2016-12-29 13:35:07,Afternoon,Weekday
Bread,2016-12-29 13:37:50,Afternoon,Weekday
Hearty & Seasonal,2016-12-29 13:39:08,Afternoon,Weekday
Coffee,2016-12-29 13:39:08,Afternoon,Weekday
Coffee,2016-12-29 13:39:08,Afternoon,Weekday
Medialuna,2016-12-29 13:39:57,Afternoon,Weekday
Coffee,2016-12-29 13:40:46,Afternoon,Weekday
Coffee,2016-12-29 13:40:46,Afternoon,Weekday
Bread,2016-12-29 13:41:16,Afternoon,Weekday
Pastry,2016-12-29 13:41:16,Afternoon,Weekday
Pastry,2016-12-29 13:54:10,Afternoon,Weekday
Bread,2016-12-29 13:54:10,Afternoon,Weekday
Cake,2016-12-29 13:54:10,Afternoon,Weekday
Scandinavian,2016-12-29 14:13:26,Afternoon,Weekday
Coke,2016-12-29 14:14:57,Afternoon,Weekday
Tea,2016-12-29 14:14:57,Afternoon,Weekday
Hot chocolate,2016-12-29 14:14:57,Afternoon,Weekday
Medialuna,2016-12-29 14:14:57,Afternoon,Weekday
Coffee,2016-12-29 14:24:06,Afternoon,Weekday
Jammie Dodgers,2016-12-29 14:24:55,Afternoon,Weekday
Bread,2016-12-29 14:24:55,Afternoon,Weekday
Medialuna,2016-12-29 14:27:33,Afternoon,Weekday
Coffee,2016-12-29 14:27:33,Afternoon,Weekday
Coffee,2016-12-29 14:27:33,Afternoon,Weekday
Coffee,2016-12-29 14:28:46,Afternoon,Weekday
Bread,2016-12-29 14:28:46,Afternoon,Weekday
Hot chocolate,2016-12-29 14:30:43,Afternoon,Weekday
Coffee,2016-12-29 14:30:43,Afternoon,Weekday
Coffee,2016-12-29 14:35:10,Afternoon,Weekday
Bread,2016-12-29 14:35:10,Afternoon,Weekday
Juice,2016-12-29 14:35:10,Afternoon,Weekday
Truffles,2016-12-29 14:35:10,Afternoon,Weekday
Frittata,2016-12-29 14:35:10,Afternoon,Weekday
Cookies,2016-12-29 14:35:10,Afternoon,Weekday
Crisps,2016-12-29 14:35:10,Afternoon,Weekday
Bread,2016-12-29 14:35:50,Afternoon,Weekday
Coffee,2016-12-29 14:43:45,Afternoon,Weekday
Coffee,2016-12-29 14:43:45,Afternoon,Weekday
Cake,2016-12-29 14:43:45,Afternoon,Weekday
Frittata,2016-12-29 14:43:45,Afternoon,Weekday
Jammie Dodgers,2016-12-29 14:44:15,Afternoon,Weekday
Bread,2016-12-29 14:46:12,Afternoon,Weekday
Coffee,2016-12-29 14:46:12,Afternoon,Weekday
Cake,2016-12-29 14:46:12,Afternoon,Weekday
Bread,2016-12-29 14:50:47,Afternoon,Weekday
Coffee,2016-12-29 14:50:47,Afternoon,Weekday
Cake,2016-12-29 14:50:47,Afternoon,Weekday
Jam,2016-12-29 15:12:53,Afternoon,Weekday
Bread,2016-12-29 15:35:06,Afternoon,Weekday
Coffee,2016-12-29 15:35:06,Afternoon,Weekday
Coffee,2016-12-29 15:36:06,Afternoon,Weekday
Hot chocolate,2016-12-29 15:36:06,Afternoon,Weekday
Toast,2016-12-29 15:36:06,Afternoon,Weekday
Coffee,2016-12-29 15:52:19,Afternoon,Weekday
Coffee,2016-12-29 16:06:52,Afternoon,Weekday
Hot chocolate,2016-12-29 16:10:30,Afternoon,Weekday
Bread,2016-12-29 16:10:30,Afternoon,Weekday
Bread,2016-12-29 16:18:16,Afternoon,Weekday
Coffee,2016-12-29 16:18:16,Afternoon,Weekday
Bread,2016-12-29 16:51:51,Afternoon,Weekday
Hot chocolate,2016-12-29 16:51:51,Afternoon,Weekday
Cake,2016-12-29 16:51:51,Afternoon,Weekday
Hot chocolate,2016-12-29 17:13:37,Evening,Weekday
Coffee,2016-12-29 17:13:37,Evening,Weekday
Cookies,2016-12-29 17:13:37,Evening,Weekday
Medialuna,2016-12-29 17:13:37,Evening,Weekday
Cookies,2016-12-29 17:13:37,Evening,Weekday
Hot chocolate,2016-12-30 09:26:49,Morning,Weekday
Medialuna,2016-12-30 09:26:49,Morning,Weekday
Pastry,2016-12-30 09:26:49,Morning,Weekday
Bread,2016-12-30 10:14:27,Morning,Weekday
Bread,2016-12-30 10:14:27,Morning,Weekday
Coffee,2016-12-30 10:17:19,Morning,Weekday
Juice,2016-12-30 10:17:19,Morning,Weekday
Cake,2016-12-30 10:17:19,Morning,Weekday
Vegan mincepie,2016-12-30 10:17:19,Morning,Weekday
Medialuna,2016-12-30 10:23:25,Morning,Weekday
Coffee,2016-12-30 10:23:25,Morning,Weekday
Muesli,2016-12-30 10:45:12,Morning,Weekday
Bread,2016-12-30 11:03:13,Morning,Weekday
Coffee,2016-12-30 11:03:13,Morning,Weekday
Frittata,2016-12-30 11:03:13,Morning,Weekday
Farm House,2016-12-30 11:03:13,Morning,Weekday
Bread,2016-12-30 11:04:59,Morning,Weekday
Coffee,2016-12-30 11:07:37,Morning,Weekday
Muesli,2016-12-30 11:07:37,Morning,Weekday
Tea,2016-12-30 11:08:40,Morning,Weekday
Bread,2016-12-30 11:33:31,Morning,Weekday
Sandwich,2016-12-30 11:33:31,Morning,Weekday
Pastry,2016-12-30 11:33:31,Morning,Weekday
Bread,2016-12-30 11:33:31,Morning,Weekday
Sandwich,2016-12-30 11:44:23,Morning,Weekday
Hot chocolate,2016-12-30 11:44:23,Morning,Weekday
Coffee,2016-12-30 11:45:21,Morning,Weekday
Tea,2016-12-30 11:45:21,Morning,Weekday
Toast,2016-12-30 11:45:21,Morning,Weekday
Sandwich,2016-12-30 11:48:40,Morning,Weekday
Tea,2016-12-30 11:48:40,Morning,Weekday
Coffee,2016-12-30 11:48:40,Morning,Weekday
Hot chocolate,2016-12-30 12:01:24,Afternoon,Weekday
Coffee,2016-12-30 12:01:24,Afternoon,Weekday
Lemon and coconut,2016-12-30 12:01:24,Afternoon,Weekday
Bread,2016-12-30 12:05:27,Afternoon,Weekday
Coffee,2016-12-30 12:05:27,Afternoon,Weekday
Coffee,2016-12-30 12:14:34,Afternoon,Weekday
Cake,2016-12-30 12:14:34,Afternoon,Weekday
Medialuna,2016-12-30 12:28:45,Afternoon,Weekday
The Nomad,2016-12-30 12:28:45,Afternoon,Weekday
Bread,2016-12-30 12:28:45,Afternoon,Weekday
Coffee,2016-12-30 12:31:02,Afternoon,Weekday
Coffee,2016-12-30 12:31:19,Afternoon,Weekday
Hot chocolate,2016-12-30 12:32:21,Afternoon,Weekday
Hot chocolate,2016-12-30 12:32:21,Afternoon,Weekday
Farm House,2016-12-30 13:08:08,Afternoon,Weekday
Sandwich,2016-12-30 13:12:02,Afternoon,Weekday
Tea,2016-12-30 13:12:02,Afternoon,Weekday
Bread,2016-12-30 13:18:40,Afternoon,Weekday
Coffee,2016-12-30 13:24:23,Afternoon,Weekday
Smoothies,2016-12-30 13:24:23,Afternoon,Weekday
Frittata,2016-12-30 13:24:23,Afternoon,Weekday
Coffee,2016-12-30 13:27:46,Afternoon,Weekday
Bread,2016-12-30 13:28:58,Afternoon,Weekday
Pastry,2016-12-30 13:28:58,Afternoon,Weekday
Bread,2016-12-30 13:28:58,Afternoon,Weekday
Coffee,2016-12-30 13:34:04,Afternoon,Weekday
Toast,2016-12-30 13:34:04,Afternoon,Weekday
Bread,2016-12-30 13:34:04,Afternoon,Weekday
Coffee,2016-12-30 13:41:31,Afternoon,Weekday
Coffee,2016-12-30 13:43:23,Afternoon,Weekday
Jammie Dodgers,2016-12-30 13:43:23,Afternoon,Weekday
Bread,2016-12-30 13:43:23,Afternoon,Weekday
Coke,2016-12-30 13:45:32,Afternoon,Weekday
Sandwich,2016-12-30 13:45:32,Afternoon,Weekday
Medialuna,2016-12-30 13:46:43,Afternoon,Weekday
Coffee,2016-12-30 13:57:54,Afternoon,Weekday
Medialuna,2016-12-30 13:59:58,Afternoon,Weekday
Sandwich,2016-12-30 14:09:39,Afternoon,Weekday
Bread,2016-12-30 14:09:39,Afternoon,Weekday
Tea,2016-12-30 14:09:39,Afternoon,Weekday
Cake,2016-12-30 14:09:39,Afternoon,Weekday
Hot chocolate,2016-12-30 14:17:42,Afternoon,Weekday
Coffee,2016-12-30 14:19:57,Afternoon,Weekday
Frittata,2016-12-30 14:19:57,Afternoon,Weekday
Tea,2016-12-30 14:25:36,Afternoon,Weekday
Bread,2016-12-30 14:31:28,Afternoon,Weekday
Tea,2016-12-30 14:31:28,Afternoon,Weekday
Coffee,2016-12-30 14:59:17,Afternoon,Weekday
Jammie Dodgers,2016-12-30 14:59:17,Afternoon,Weekday
Bread,2016-12-30 15:07:17,Afternoon,Weekday
Coffee,2016-12-30 15:07:17,Afternoon,Weekday
Coffee,2016-12-30 15:07:17,Afternoon,Weekday
Coffee,2016-12-30 15:09:05,Afternoon,Weekday
Coffee,2016-12-30 15:09:05,Afternoon,Weekday
Jammie Dodgers,2016-12-30 15:09:05,Afternoon,Weekday
Bread,2016-12-30 15:09:05,Afternoon,Weekday
Coffee,2016-12-30 15:16:55,Afternoon,Weekday
Coffee,2016-12-30 15:16:55,Afternoon,Weekday
Bread,2016-12-30 15:16:55,Afternoon,Weekday
Coffee,2016-12-30 15:19:59,Afternoon,Weekday
Hot chocolate,2016-12-30 15:19:59,Afternoon,Weekday
Jammie Dodgers,2016-12-30 15:19:59,Afternoon,Weekday
Vegan mincepie,2016-12-30 15:19:59,Afternoon,Weekday
Cake,2016-12-30 15:19:59,Afternoon,Weekday
Coffee,2016-12-30 15:37:47,Afternoon,Weekday
Cookies,2016-12-30 15:37:47,Afternoon,Weekday
Coffee,2016-12-30 15:44:10,Afternoon,Weekday
Tea,2016-12-30 15:44:10,Afternoon,Weekday
Bread,2016-12-30 15:44:10,Afternoon,Weekday
Coffee,2016-12-30 15:57:24,Afternoon,Weekday
Bread,2016-12-30 16:25:46,Afternoon,Weekday
Bread,2016-12-30 16:33:33,Afternoon,Weekday
Bread,2016-12-30 16:33:33,Afternoon,Weekday
Tea,2016-12-30 16:37:34,Afternoon,Weekday
Bread,2016-12-31 08:54:35,Morning,Weekend
Bread,2016-12-31 09:58:08,Morning,Weekend
Coffee,2016-12-31 09:58:08,Morning,Weekend
Bread,2016-12-31 10:00:05,Morning,Weekend
Jammie Dodgers,2016-12-31 10:00:05,Morning,Weekend
Hot chocolate,2016-12-31 10:00:05,Morning,Weekend
Bread,2016-12-31 10:00:05,Morning,Weekend
Bread,2016-12-31 10:00:05,Morning,Weekend
Bread,2016-12-31 10:15:45,Morning,Weekend
Bread,2016-12-31 10:15:45,Morning,Weekend
Coffee,2016-12-31 10:17:20,Morning,Weekend
Pastry,2016-12-31 10:21:34,Morning,Weekend
Tea,2016-12-31 10:26:37,Morning,Weekend
Bread,2016-12-31 10:27:52,Morning,Weekend
Coffee,2016-12-31 10:27:52,Morning,Weekend
Coffee,2016-12-31 10:27:52,Morning,Weekend
Cookies,2016-12-31 10:27:52,Morning,Weekend
Bread,2016-12-31 10:41:29,Morning,Weekend
Coffee,2016-12-31 10:45:03,Morning,Weekend
Vegan mincepie,2016-12-31 10:45:03,Morning,Weekend
Tea,2016-12-31 11:11:27,Morning,Weekend
Coffee,2016-12-31 11:13:00,Morning,Weekend
Bread,2016-12-31 11:20:57,Morning,Weekend
Medialuna,2016-12-31 11:20:57,Morning,Weekend
Farm House,2016-12-31 11:23:44,Morning,Weekend
Coffee,2016-12-31 11:29:31,Morning,Weekend
Hot chocolate,2016-12-31 11:29:31,Morning,Weekend
Vegan mincepie,2016-12-31 11:29:31,Morning,Weekend
Jammie Dodgers,2016-12-31 11:29:31,Morning,Weekend
Coffee,2016-12-31 11:38:58,Morning,Weekend
Coffee,2016-12-31 11:38:58,Morning,Weekend
Coffee,2016-12-31 11:43:54,Morning,Weekend
Bread,2016-12-31 11:53:18,Morning,Weekend
Medialuna,2016-12-31 11:53:18,Morning,Weekend
Bread,2016-12-31 11:54:43,Morning,Weekend
Bread,2016-12-31 12:03:41,Afternoon,Weekend
Bread,2016-12-31 12:05:39,Afternoon,Weekend
Coffee,2016-12-31 12:05:39,Afternoon,Weekend
Bread,2016-12-31 12:07:18,Afternoon,Weekend
Farm House,2016-12-31 12:07:18,Afternoon,Weekend
Coffee,2016-12-31 12:12:32,Afternoon,Weekend
Coffee,2016-12-31 12:14:49,Afternoon,Weekend
Bread,2016-12-31 12:24:30,Afternoon,Weekend
Tea,2016-12-31 12:24:30,Afternoon,Weekend
Frittata,2016-12-31 12:24:30,Afternoon,Weekend
Farm House,2016-12-31 12:25:40,Afternoon,Weekend
Farm House,2016-12-31 12:32:38,Afternoon,Weekend
Pastry,2016-12-31 12:32:38,Afternoon,Weekend
Coffee,2016-12-31 12:36:16,Afternoon,Weekend
Bread,2016-12-31 12:41:00,Afternoon,Weekend
Coffee,2016-12-31 13:06:39,Afternoon,Weekend
Hot chocolate,2016-12-31 13:06:39,Afternoon,Weekend
Cake,2016-12-31 13:06:39,Afternoon,Weekend
Scandinavian,2016-12-31 13:07:12,Afternoon,Weekend
Coffee,2016-12-31 13:13:33,Afternoon,Weekend
Hot chocolate,2016-12-31 13:13:33,Afternoon,Weekend
Cake,2016-12-31 13:13:33,Afternoon,Weekend
Jammie Dodgers,2016-12-31 13:13:33,Afternoon,Weekend
Bread,2016-12-31 13:13:33,Afternoon,Weekend
Pastry,2016-12-31 13:13:33,Afternoon,Weekend
Coffee,2016-12-31 13:15:38,Afternoon,Weekend
Coffee,2016-12-31 13:15:38,Afternoon,Weekend
Bread,2016-12-31 13:15:38,Afternoon,Weekend
Scandinavian,2016-12-31 13:20:38,Afternoon,Weekend
Coffee,2016-12-31 13:23:47,Afternoon,Weekend
Coffee,2016-12-31 13:23:47,Afternoon,Weekend
Coffee,2016-12-31 13:23:47,Afternoon,Weekend
Sandwich,2016-12-31 13:23:47,Afternoon,Weekend
Tea,2016-12-31 13:29:21,Afternoon,Weekend
Tea,2016-12-31 13:29:21,Afternoon,Weekend
Hot chocolate,2016-12-31 13:29:21,Afternoon,Weekend
Toast,2016-12-31 13:29:21,Afternoon,Weekend
Sandwich,2016-12-31 13:29:21,Afternoon,Weekend
Sandwich,2016-12-31 13:37:51,Afternoon,Weekend
Tea,2016-12-31 13:37:51,Afternoon,Weekend
Farm House,2016-12-31 13:49:13,Afternoon,Weekend
Bread,2016-12-31 13:50:11,Afternoon,Weekend
Coffee,2016-12-31 13:59:46,Afternoon,Weekend
Jammie Dodgers,2016-12-31 13:59:46,Afternoon,Weekend
Coffee,2016-12-31 14:01:08,Afternoon,Weekend
Bread,2016-12-31 14:02:48,Afternoon,Weekend
Farm House,2016-12-31 14:10:58,Afternoon,Weekend
Medialuna,2016-12-31 14:10:58,Afternoon,Weekend
Coffee,2016-12-31 14:13:50,Afternoon,Weekend
Tea,2016-12-31 14:15:41,Afternoon,Weekend
Sandwich,2016-12-31 14:15:41,Afternoon,Weekend
Cookies,2016-12-31 14:32:55,Afternoon,Weekend
Tea,2016-12-31 14:32:55,Afternoon,Weekend
Bread,2016-12-31 14:32:55,Afternoon,Weekend
Coffee,2016-12-31 14:40:58,Afternoon,Weekend
Bread,2016-12-31 14:45:01,Afternoon,Weekend
Coffee,2016-12-31 14:46:28,Afternoon,Weekend
Bread,2016-12-31 14:46:28,Afternoon,Weekend
Tea,2016-12-31 14:48:02,Afternoon,Weekend
Hot chocolate,2016-12-31 14:48:02,Afternoon,Weekend
Sandwich,2016-12-31 14:48:02,Afternoon,Weekend
Tea,2016-12-31 14:58:02,Afternoon,Weekend
Sandwich,2016-12-31 15:06:58,Afternoon,Weekend
Coffee,2016-12-31 15:20:16,Afternoon,Weekend
Bread,2016-12-31 15:20:16,Afternoon,Weekend
Bread,2016-12-31 15:53:59,Afternoon,Weekend
Tea,2016-12-31 15:54:56,Afternoon,Weekend
Coke,2016-12-31 15:54:56,Afternoon,Weekend
Cake,2016-12-31 17:36:21,Evening,Weekend
Tea,2016-12-31 17:36:21,Evening,Weekend
Bread,2017-01-01 01:21:05,Morning,Weekend
Coffee,2017-03-01 09:08:01,Morning,Weekday
Coffee,2017-03-01 09:14:31,Morning,Weekday
Toast,2017-03-01 09:14:31,Morning,Weekday
Farm House,2017-03-01 09:17:54,Morning,Weekday
Bread,2017-03-01 09:41:16,Morning,Weekday
Bread,2017-03-01 09:41:16,Morning,Weekday
Coffee,2017-03-01 10:06:06,Morning,Weekday
Coffee,2017-03-01 10:06:06,Morning,Weekday
Coffee,2017-03-01 10:10:49,Morning,Weekday
Coffee,2017-03-01 10:20:28,Morning,Weekday
Coffee,2017-03-01 10:20:28,Morning,Weekday
Toast,2017-03-01 10:20:28,Morning,Weekday
Coffee,2017-03-01 10:25:02,Morning,Weekday
Coffee,2017-03-01 10:25:02,Morning,Weekday
Coffee,2017-03-01 10:25:02,Morning,Weekday
Toast,2017-03-01 10:28:23,Morning,Weekday
Bread,2017-03-01 10:28:23,Morning,Weekday
Bread,2017-03-01 10:29:12,Morning,Weekday
Coffee,2017-03-01 10:33:28,Morning,Weekday
Coffee,2017-03-01 10:45:21,Morning,Weekday
Coffee,2017-03-01 10:45:21,Morning,Weekday
Vegan mincepie,2017-03-01 10:45:21,Morning,Weekday
Vegan mincepie,2017-03-01 10:45:21,Morning,Weekday
Bread,2017-03-01 10:55:00,Morning,Weekday
Coffee,2017-03-01 10:55:47,Morning,Weekday
Coffee,2017-03-01 10:57:13,Morning,Weekday
Toast,2017-03-01 10:57:13,Morning,Weekday
Coffee,2017-03-01 11:02:15,Morning,Weekday
Cookies,2017-03-01 11:19:36,Morning,Weekday
Cake,2017-03-01 11:19:36,Morning,Weekday
Bread,2017-03-01 11:19:36,Morning,Weekday
Coffee,2017-03-01 11:19:36,Morning,Weekday
Tea,2017-03-01 11:41:13,Morning,Weekday
Cake,2017-03-01 11:41:13,Morning,Weekday
Bread,2017-03-01 11:49:24,Morning,Weekday
Coffee,2017-03-01 12:08:56,Afternoon,Weekday
Hot chocolate,2017-03-01 12:08:56,Afternoon,Weekday
Cookies,2017-03-01 12:08:56,Afternoon,Weekday
Coffee,2017-03-01 12:10:03,Afternoon,Weekday
Cake,2017-03-01 12:27:50,Afternoon,Weekday
Bread,2017-03-01 12:31:27,Afternoon,Weekday
Juice,2017-03-01 12:53:59,Afternoon,Weekday
Coffee,2017-03-01 12:53:59,Afternoon,Weekday
Sandwich,2017-03-01 12:53:59,Afternoon,Weekday
Sandwich,2017-03-01 12:53:59,Afternoon,Weekday
Coffee,2017-03-01 13:11:46,Afternoon,Weekday
Bread,2017-03-01 13:22:25,Afternoon,Weekday
Coffee,2017-03-01 13:22:25,Afternoon,Weekday
Frittata,2017-03-01 13:22:25,Afternoon,Weekday
Cookies,2017-03-01 13:22:25,Afternoon,Weekday
Mineral water,2017-03-01 13:22:25,Afternoon,Weekday
Coffee,2017-03-01 13:28:08,Afternoon,Weekday
Muffin,2017-03-01 13:28:08,Afternoon,Weekday
Sandwich,2017-03-01 13:30:49,Afternoon,Weekday
Coffee,2017-03-01 13:30:49,Afternoon,Weekday
Cake,2017-03-01 13:30:49,Afternoon,Weekday
Coffee,2017-03-01 13:34:53,Afternoon,Weekday
Coffee,2017-03-01 13:42:32,Afternoon,Weekday
Coffee,2017-03-01 13:42:32,Afternoon,Weekday
Vegan mincepie,2017-03-01 13:42:32,Afternoon,Weekday
Cake,2017-03-01 13:42:32,Afternoon,Weekday
Cake,2017-03-01 13:48:01,Afternoon,Weekday
Cake,2017-03-01 13:48:01,Afternoon,Weekday
Coffee,2017-03-01 13:48:01,Afternoon,Weekday
Coffee,2017-03-01 13:58:08,Afternoon,Weekday
Frittata,2017-03-01 14:01:10,Afternoon,Weekday
Coffee,2017-03-01 14:01:10,Afternoon,Weekday
Sandwich,2017-03-01 14:12:55,Afternoon,Weekday
Cookies,2017-03-01 14:12:55,Afternoon,Weekday
Tea,2017-03-01 14:37:57,Afternoon,Weekday
Tea,2017-03-01 14:56:31,Afternoon,Weekday
Tea,2017-03-01 15:20:50,Afternoon,Weekday
Bread,2017-03-01 15:22:46,Afternoon,Weekday
Vegan mincepie,2017-03-01 15:22:46,Afternoon,Weekday
Muffin,2017-03-01 15:31:52,Afternoon,Weekday
Coffee,2017-03-01 15:31:52,Afternoon,Weekday
Hot chocolate,2017-03-01 15:31:52,Afternoon,Weekday
Bread,2017-03-01 15:53:33,Afternoon,Weekday
Hot chocolate,2017-03-01 16:06:43,Afternoon,Weekday
Coffee,2017-03-01 16:06:43,Afternoon,Weekday
Cake,2017-03-01 16:06:43,Afternoon,Weekday
Coffee,2017-03-01 16:16:13,Afternoon,Weekday
Hot chocolate,2017-03-01 16:54:10,Afternoon,Weekday
Sandwich,2017-03-01 16:54:10,Afternoon,Weekday
Cake,2017-03-01 17:19:42,Evening,Weekday
Muffin,2017-03-01 17:19:42,Evening,Weekday
Coffee,2017-03-01 17:19:42,Evening,Weekday
Coffee,2017-04-01 09:23:25,Morning,Weekday
Coffee,2017-04-01 09:51:00,Morning,Weekday
Hot chocolate,2017-04-01 09:51:00,Morning,Weekday
Medialuna,2017-04-01 09:51:00,Morning,Weekday
Medialuna,2017-04-01 10:14:41,Morning,Weekday
Cake,2017-04-01 10:14:41,Morning,Weekday
Coffee,2017-04-01 10:14:41,Morning,Weekday
Coffee,2017-04-01 10:14:41,Morning,Weekday
Bread,2017-04-01 10:16:03,Morning,Weekday
Coffee,2017-04-01 10:17:00,Morning,Weekday
Coffee,2017-04-01 10:17:00,Morning,Weekday
Toast,2017-04-01 10:17:00,Morning,Weekday
Bread,2017-04-01 10:33:20,Morning,Weekday
Coffee,2017-04-01 10:56:18,Morning,Weekday
Bread,2017-04-01 10:59:23,Morning,Weekday
Coffee,2017-04-01 11:13:07,Morning,Weekday
Coffee,2017-04-01 11:13:07,Morning,Weekday
Coffee,2017-04-01 11:23:45,Morning,Weekday
Bread,2017-04-01 11:23:45,Morning,Weekday
Coffee,2017-04-01 11:28:36,Morning,Weekday
Coffee,2017-04-01 11:38:55,Morning,Weekday
Coffee,2017-04-01 11:54:02,Morning,Weekday
Cake,2017-04-01 11:54:02,Morning,Weekday
Coffee,2017-04-01 11:56:17,Morning,Weekday
Bread,2017-04-01 11:56:17,Morning,Weekday
Bread,2017-04-01 12:11:01,Afternoon,Weekday
Cake,2017-04-01 12:11:01,Afternoon,Weekday
Muesli,2017-04-01 12:13:39,Afternoon,Weekday
Cookies,2017-04-01 12:13:39,Afternoon,Weekday
Tea,2017-04-01 12:13:39,Afternoon,Weekday
Coffee,2017-04-01 12:13:39,Afternoon,Weekday
Coke,2017-04-01 12:33:39,Afternoon,Weekday
Pastry,2017-04-01 12:33:39,Afternoon,Weekday
Cake,2017-04-01 12:33:39,Afternoon,Weekday
Sandwich,2017-04-01 13:01:35,Afternoon,Weekday
Sandwich,2017-04-01 13:01:35,Afternoon,Weekday
Coffee,2017-04-01 13:01:35,Afternoon,Weekday
Juice,2017-04-01 13:05:52,Afternoon,Weekday
Coffee,2017-04-01 13:31:56,Afternoon,Weekday
Juice,2017-04-01 13:31:56,Afternoon,Weekday
Tea,2017-04-01 13:31:56,Afternoon,Weekday
Muffin,2017-04-01 13:31:56,Afternoon,Weekday
Sandwich,2017-04-01 13:31:56,Afternoon,Weekday
Medialuna,2017-04-01 13:47:36,Afternoon,Weekday
Pastry,2017-04-01 14:11:02,Afternoon,Weekday
Hot chocolate,2017-04-01 14:11:02,Afternoon,Weekday
Coffee,2017-04-01 14:11:02,Afternoon,Weekday
Bread,2017-04-01 14:11:02,Afternoon,Weekday
Farm House,2017-04-01 14:31:43,Afternoon,Weekday
Tea,2017-04-01 14:31:43,Afternoon,Weekday
Bread,2017-04-01 14:42:12,Afternoon,Weekday
Brownie,2017-04-01 14:42:12,Afternoon,Weekday
Coffee,2017-04-01 14:43:08,Afternoon,Weekday
Brownie,2017-04-01 14:43:08,Afternoon,Weekday
Coffee,2017-04-01 14:56:40,Afternoon,Weekday
Cookies,2017-04-01 14:56:40,Afternoon,Weekday
Coffee,2017-04-01 14:57:41,Afternoon,Weekday
Brownie,2017-04-01 14:57:41,Afternoon,Weekday
Bread,2017-04-01 15:28:04,Afternoon,Weekday
Cookies,2017-04-01 15:28:04,Afternoon,Weekday
Hot chocolate,2017-04-01 15:28:45,Afternoon,Weekday
Hot chocolate,2017-04-01 15:44:04,Afternoon,Weekday
Coffee,2017-04-01 15:44:04,Afternoon,Weekday
Pastry,2017-04-01 15:44:04,Afternoon,Weekday
Bread,2017-04-01 15:56:13,Afternoon,Weekday
Brownie,2017-04-01 15:56:13,Afternoon,Weekday
Coffee,2017-04-01 16:35:46,Afternoon,Weekday
Cake,2017-04-01 16:35:46,Afternoon,Weekday
Brownie,2017-04-01 16:36:46,Afternoon,Weekday
Tea,2017-04-01 16:36:46,Afternoon,Weekday
Coffee,2017-04-01 16:36:46,Afternoon,Weekday
Coffee,2017-04-01 16:39:39,Afternoon,Weekday
Coffee,2017-04-01 16:39:39,Afternoon,Weekday
Farm House,2017-04-01 17:03:31,Evening,Weekday
Bread,2017-04-01 17:10:47,Evening,Weekday
Bread,2017-04-01 17:14:40,Evening,Weekday
Coffee,2017-05-01 08:08:30,Morning,Weekday
Coffee,2017-05-01 08:20:16,Morning,Weekday
Coffee,2017-05-01 08:33:13,Morning,Weekday
Tea,2017-05-01 08:48:19,Morning,Weekday
Toast,2017-05-01 08:48:19,Morning,Weekday
Bread,2017-05-01 08:57:20,Morning,Weekday
Medialuna,2017-05-01 08:57:20,Morning,Weekday
Bread,2017-05-01 09:06:27,Morning,Weekday
Toast,2017-05-01 09:06:27,Morning,Weekday
Bread,2017-05-01 09:10:50,Morning,Weekday
Coffee,2017-05-01 09:10:50,Morning,Weekday
Medialuna,2017-05-01 09:10:50,Morning,Weekday
Coffee,2017-05-01 09:31:06,Morning,Weekday
Bread,2017-05-01 09:31:06,Morning,Weekday
Hot chocolate,2017-05-01 09:38:35,Morning,Weekday
Hot chocolate,2017-05-01 09:38:35,Morning,Weekday
Muffin,2017-05-01 09:38:35,Morning,Weekday
Bread,2017-05-01 09:47:58,Morning,Weekday
Coffee,2017-05-01 09:47:58,Morning,Weekday
Juice,2017-05-01 09:47:58,Morning,Weekday
Hot chocolate,2017-05-01 10:41:30,Morning,Weekday
Hot chocolate,2017-05-01 10:41:30,Morning,Weekday
Bread,2017-05-01 10:51:47,Morning,Weekday
Coffee,2017-05-01 10:51:47,Morning,Weekday
Coffee,2017-05-01 10:53:08,Morning,Weekday
Bread,2017-05-01 10:53:08,Morning,Weekday
Truffles,2017-05-01 10:53:08,Morning,Weekday
Brownie,2017-05-01 11:01:49,Morning,Weekday
Juice,2017-05-01 11:05:24,Morning,Weekday
Bread,2017-05-01 11:05:24,Morning,Weekday
Muffin,2017-05-01 11:05:24,Morning,Weekday
Farm House,2017-05-01 11:20:01,Morning,Weekday
Brownie,2017-05-01 11:20:01,Morning,Weekday
Coffee,2017-05-01 11:24:03,Morning,Weekday
Bread,2017-05-01 11:24:03,Morning,Weekday
Coffee,2017-05-01 11:34:10,Morning,Weekday
Farm House,2017-05-01 11:36:10,Morning,Weekday
Juice,2017-05-01 11:41:25,Morning,Weekday
Coffee,2017-05-01 11:41:25,Morning,Weekday
Sandwich,2017-05-01 11:41:25,Morning,Weekday
Ella's Kitchen Pouches,2017-05-01 11:41:25,Morning,Weekday
Coffee,2017-05-01 11:52:57,Morning,Weekday
Cake,2017-05-01 11:52:57,Morning,Weekday
Tea,2017-05-01 12:05:44,Afternoon,Weekday
Bread,2017-05-01 12:05:44,Afternoon,Weekday
Coffee,2017-05-01 12:07:43,Afternoon,Weekday
Coffee,2017-05-01 12:07:43,Afternoon,Weekday
Coffee,2017-05-01 12:10:31,Afternoon,Weekday
Cookies,2017-05-01 12:17:25,Afternoon,Weekday
Vegan mincepie,2017-05-01 12:21:20,Afternoon,Weekday
Cookies,2017-05-01 12:21:20,Afternoon,Weekday
Sandwich,2017-05-01 12:21:20,Afternoon,Weekday
Toast,2017-05-01 12:21:20,Afternoon,Weekday
Bread,2017-05-01 12:39:10,Afternoon,Weekday
Sandwich,2017-05-01 12:43:33,Afternoon,Weekday
Bread,2017-05-01 12:44:07,Afternoon,Weekday
Bread,2017-05-01 12:45:14,Afternoon,Weekday
Cookies,2017-05-01 12:45:14,Afternoon,Weekday
Frittata,2017-05-01 12:45:14,Afternoon,Weekday
Sandwich,2017-05-01 12:55:02,Afternoon,Weekday
Coffee,2017-05-01 13:03:21,Afternoon,Weekday
Frittata,2017-05-01 13:05:10,Afternoon,Weekday
Tea,2017-05-01 13:05:10,Afternoon,Weekday
Truffles,2017-05-01 13:05:10,Afternoon,Weekday
Coffee,2017-05-01 13:13:37,Afternoon,Weekday
Truffles,2017-05-01 13:13:37,Afternoon,Weekday
Frittata,2017-05-01 13:13:37,Afternoon,Weekday
Pastry,2017-05-01 13:13:37,Afternoon,Weekday
Fudge,2017-05-01 13:13:37,Afternoon,Weekday
Juice,2017-05-01 13:19:16,Afternoon,Weekday
Sandwich,2017-05-01 13:19:16,Afternoon,Weekday
Sandwich,2017-05-01 13:19:16,Afternoon,Weekday
Pastry,2017-05-01 13:20:40,Afternoon,Weekday
Sandwich,2017-05-01 13:25:59,Afternoon,Weekday
Medialuna,2017-05-01 13:25:59,Afternoon,Weekday
Coffee,2017-05-01 13:30:19,Afternoon,Weekday
Juice,2017-05-01 13:30:19,Afternoon,Weekday
Bread,2017-05-01 13:37:36,Afternoon,Weekday
Bread,2017-05-01 13:47:02,Afternoon,Weekday
Brownie,2017-05-01 14:01:47,Afternoon,Weekday
Bread,2017-05-01 14:09:21,Afternoon,Weekday
Coffee,2017-05-01 14:35:04,Afternoon,Weekday
Eggs,2017-05-01 14:36:32,Afternoon,Weekday
Bread,2017-05-01 14:41:15,Afternoon,Weekday
Coffee,2017-05-01 15:04:59,Afternoon,Weekday
Bread,2017-05-01 15:04:59,Afternoon,Weekday
Truffles,2017-05-01 15:07:26,Afternoon,Weekday
Bread,2017-05-01 15:07:26,Afternoon,Weekday
Toast,2017-05-01 15:32:49,Afternoon,Weekday
Coffee,2017-05-01 15:32:49,Afternoon,Weekday
Juice,2017-05-01 15:32:49,Afternoon,Weekday
Coffee,2017-05-01 15:56:35,Afternoon,Weekday
Coffee,2017-05-01 15:56:35,Afternoon,Weekday
Bread,2017-05-01 15:56:35,Afternoon,Weekday
Bread,2017-05-01 17:01:16,Evening,Weekday
Coffee,2017-06-01 08:32:44,Morning,Weekday
Bread,2017-06-01 08:35:55,Morning,Weekday
Tea,2017-06-01 08:44:47,Morning,Weekday
Toast,2017-06-01 08:44:47,Morning,Weekday
Toast,2017-06-01 08:58:27,Morning,Weekday
Coffee,2017-06-01 08:58:27,Morning,Weekday
Bread,2017-06-01 09:05:09,Morning,Weekday
Tea,2017-06-01 09:10:00,Morning,Weekday
Coffee,2017-06-01 09:10:00,Morning,Weekday
Coffee,2017-06-01 09:10:00,Morning,Weekday
Toast,2017-06-01 09:10:00,Morning,Weekday
Coffee,2017-06-01 09:11:17,Morning,Weekday
Cookies,2017-06-01 09:11:17,Morning,Weekday
Toast,2017-06-01 09:11:17,Morning,Weekday
Bread,2017-06-01 09:29:34,Morning,Weekday
Coffee,2017-06-01 09:42:47,Morning,Weekday
Toast,2017-06-01 09:42:47,Morning,Weekday
Coffee,2017-06-01 10:14:52,Morning,Weekday
Coffee,2017-06-01 10:14:52,Morning,Weekday
Coffee,2017-06-01 10:14:52,Morning,Weekday
Cookies,2017-06-01 10:14:52,Morning,Weekday
Cookies,2017-06-01 10:14:52,Morning,Weekday
Coffee,2017-06-01 10:16:16,Morning,Weekday
Medialuna,2017-06-01 10:16:16,Morning,Weekday
Bread,2017-06-01 10:21:08,Morning,Weekday
Cookies,2017-06-01 10:21:08,Morning,Weekday
Coffee,2017-06-01 10:46:13,Morning,Weekday
Toast,2017-06-01 10:46:13,Morning,Weekday
Coffee,2017-06-01 10:54:58,Morning,Weekday
Muffin,2017-06-01 10:54:58,Morning,Weekday
Tea,2017-06-01 11:01:01,Morning,Weekday
Cookies,2017-06-01 11:01:01,Morning,Weekday
Cake,2017-06-01 11:01:01,Morning,Weekday
Medialuna,2017-06-01 11:01:01,Morning,Weekday
Medialuna,2017-06-01 11:12:39,Morning,Weekday
Bread,2017-06-01 11:12:39,Morning,Weekday
Coffee,2017-06-01 11:12:39,Morning,Weekday
Coffee,2017-06-01 11:12:39,Morning,Weekday
Scandinavian,2017-06-01 11:12:39,Morning,Weekday
Medialuna,2017-06-01 11:21:34,Morning,Weekday
Coffee,2017-06-01 11:21:34,Morning,Weekday
Medialuna,2017-06-01 12:07:19,Afternoon,Weekday
Coffee,2017-06-01 12:07:19,Afternoon,Weekday
Bread,2017-06-01 12:07:19,Afternoon,Weekday
Frittata,2017-06-01 12:07:19,Afternoon,Weekday
Muffin,2017-06-01 12:07:19,Afternoon,Weekday
Coffee,2017-06-01 12:25:33,Afternoon,Weekday
Medialuna,2017-06-01 12:25:33,Afternoon,Weekday
Coffee,2017-06-01 12:26:05,Afternoon,Weekday
Bread,2017-06-01 12:32:02,Afternoon,Weekday
Bread,2017-06-01 12:33:09,Afternoon,Weekday
Coke,2017-06-01 12:33:33,Afternoon,Weekday
Coffee,2017-06-01 12:46:37,Afternoon,Weekday
Bread,2017-06-01 12:46:37,Afternoon,Weekday
Bread,2017-06-01 12:46:37,Afternoon,Weekday
Coffee,2017-06-01 12:49:59,Afternoon,Weekday
Sandwich,2017-06-01 12:57:00,Afternoon,Weekday
Bread,2017-06-01 13:27:31,Afternoon,Weekday
Coffee,2017-06-01 13:31:50,Afternoon,Weekday
Coffee,2017-06-01 13:47:44,Afternoon,Weekday
Coffee,2017-06-01 13:47:44,Afternoon,Weekday
Sandwich,2017-06-01 13:47:44,Afternoon,Weekday
Coffee,2017-06-01 14:01:25,Afternoon,Weekday
Pastry,2017-06-01 14:01:25,Afternoon,Weekday
Bread,2017-06-01 14:04:54,Afternoon,Weekday
Cake,2017-06-01 14:04:54,Afternoon,Weekday
Bread,2017-06-01 14:07:27,Afternoon,Weekday
Bread,2017-06-01 14:12:38,Afternoon,Weekday
Sandwich,2017-06-01 14:13:16,Afternoon,Weekday
Afternoon with the baker,2017-06-01 14:17:59,Afternoon,Weekday
Juice,2017-06-01 14:24:07,Afternoon,Weekday
Coffee,2017-06-01 14:33:03,Afternoon,Weekday
Farm House,2017-06-01 15:03:17,Afternoon,Weekday
Scone,2017-06-01 15:03:17,Afternoon,Weekday
Coffee,2017-06-01 15:07:46,Afternoon,Weekday
Farm House,2017-06-01 15:56:35,Afternoon,Weekday
Coffee,2017-06-01 16:08:08,Afternoon,Weekday
Coffee,2017-06-01 16:08:08,Afternoon,Weekday
Bread,2017-06-01 16:08:08,Afternoon,Weekday
Pastry,2017-06-01 16:08:08,Afternoon,Weekday
Coffee,2017-06-01 16:09:40,Afternoon,Weekday
Frittata,2017-06-01 16:09:40,Afternoon,Weekday
Bread,2017-06-01 16:09:40,Afternoon,Weekday
Tea,2017-06-01 16:09:40,Afternoon,Weekday
Pastry,2017-07-01 08:23:46,Morning,Weekend
Bread,2017-07-01 08:44:16,Morning,Weekend
Medialuna,2017-07-01 08:44:16,Morning,Weekend
Coffee,2017-07-01 08:52:19,Morning,Weekend
Coffee,2017-07-01 08:52:19,Morning,Weekend
Bread,2017-07-01 09:02:37,Morning,Weekend
Coffee,2017-07-01 09:04:00,Morning,Weekend
Hot chocolate,2017-07-01 09:04:00,Morning,Weekend
Bread,2017-07-01 09:38:40,Morning,Weekend
Bread,2017-07-01 09:38:40,Morning,Weekend
Medialuna,2017-07-01 09:41:59,Morning,Weekend
Medialuna,2017-07-01 09:41:59,Morning,Weekend
Coffee,2017-07-01 09:48:16,Morning,Weekend
Bread,2017-07-01 09:53:27,Morning,Weekend
Pastry,2017-07-01 09:55:55,Morning,Weekend
Bread,2017-07-01 09:55:55,Morning,Weekend
Coffee,2017-07-01 09:56:32,Morning,Weekend
Medialuna,2017-07-01 09:56:32,Morning,Weekend
Tea,2017-07-01 10:09:45,Morning,Weekend
Cake,2017-07-01 10:09:45,Morning,Weekend
Coffee,2017-07-01 10:10:33,Morning,Weekend
Bread,2017-07-01 10:10:33,Morning,Weekend
Coffee,2017-07-01 10:12:02,Morning,Weekend
Medialuna,2017-07-01 10:12:02,Morning,Weekend
Bread,2017-07-01 10:12:02,Morning,Weekend
Coffee,2017-07-01 10:22:31,Morning,Weekend
Bread,2017-07-01 10:31:19,Morning,Weekend
Coffee,2017-07-01 10:33:26,Morning,Weekend
Scone,2017-07-01 10:33:26,Morning,Weekend
Pastry,2017-07-01 10:37:18,Morning,Weekend
Coffee,2017-07-01 10:40:30,Morning,Weekend
Pastry,2017-07-01 10:40:30,Morning,Weekend
Coffee,2017-07-01 10:42:41,Morning,Weekend
Coffee,2017-07-01 10:42:41,Morning,Weekend
Toast,2017-07-01 10:42:41,Morning,Weekend
Scone,2017-07-01 10:42:41,Morning,Weekend
Coffee,2017-07-01 10:48:33,Morning,Weekend
Coffee,2017-07-01 10:48:33,Morning,Weekend
Scandinavian,2017-07-01 11:10:49,Morning,Weekend
Coffee,2017-07-01 11:11:51,Morning,Weekend
Coffee,2017-07-01 11:12:26,Morning,Weekend
Coffee,2017-07-01 11:12:26,Morning,Weekend
Pastry,2017-07-01 11:12:26,Morning,Weekend
Bread,2017-07-01 11:12:26,Morning,Weekend
Bread,2017-07-01 11:22:57,Morning,Weekend
Coffee,2017-07-01 11:26:39,Morning,Weekend
Coffee,2017-07-01 11:26:39,Morning,Weekend
Sandwich,2017-07-01 11:30:20,Morning,Weekend
Bread,2017-07-01 11:30:20,Morning,Weekend
Hot chocolate,2017-07-01 11:30:20,Morning,Weekend
Bread,2017-07-01 11:30:20,Morning,Weekend
Coffee,2017-07-01 11:33:57,Morning,Weekend
Coffee,2017-07-01 11:33:57,Morning,Weekend
Pastry,2017-07-01 11:33:57,Morning,Weekend
Bread,2017-07-01 11:38:37,Morning,Weekend
Bread,2017-07-01 11:41:57,Morning,Weekend
Bread,2017-07-01 11:41:57,Morning,Weekend
Coffee,2017-07-01 11:47:32,Morning,Weekend
Scandinavian,2017-07-01 11:52:56,Morning,Weekend
Cake,2017-07-01 11:53:59,Morning,Weekend
Scandinavian,2017-07-01 11:55:03,Morning,Weekend
Bread,2017-07-01 11:55:03,Morning,Weekend
Coffee,2017-07-01 11:57:27,Morning,Weekend
Bread,2017-07-01 11:57:27,Morning,Weekend
Medialuna,2017-07-01 12:02:28,Afternoon,Weekend
Coffee,2017-07-01 12:02:28,Afternoon,Weekend
Frittata,2017-07-01 12:05:50,Afternoon,Weekend
Tea,2017-07-01 12:05:50,Afternoon,Weekend
Coffee,2017-07-01 12:23:14,Afternoon,Weekend
Coffee,2017-07-01 12:23:14,Afternoon,Weekend
Jammie Dodgers,2017-07-01 12:23:14,Afternoon,Weekend
Scone,2017-07-01 12:23:14,Afternoon,Weekend
Coffee,2017-07-01 12:42:19,Afternoon,Weekend
Bread,2017-07-01 12:49:55,Afternoon,Weekend
Jammie Dodgers,2017-07-01 12:49:55,Afternoon,Weekend
Tea,2017-07-01 12:49:55,Afternoon,Weekend
Coffee,2017-07-01 12:49:55,Afternoon,Weekend
Coffee,2017-07-01 12:52:00,Afternoon,Weekend
Coffee,2017-07-01 12:52:00,Afternoon,Weekend
Sandwich,2017-07-01 12:53:14,Afternoon,Weekend
Smoothies,2017-07-01 12:53:14,Afternoon,Weekend
Truffles,2017-07-01 12:53:14,Afternoon,Weekend
Mineral water,2017-07-01 12:53:14,Afternoon,Weekend
Bread,2017-07-01 12:59:35,Afternoon,Weekend
Coffee,2017-07-01 12:59:35,Afternoon,Weekend
Sandwich,2017-07-01 13:00:19,Afternoon,Weekend
Coffee,2017-07-01 13:00:19,Afternoon,Weekend
Hot chocolate,2017-07-01 13:01:46,Afternoon,Weekend
Tea,2017-07-01 13:01:46,Afternoon,Weekend
Sandwich,2017-07-01 13:12:27,Afternoon,Weekend
Coke,2017-07-01 13:12:27,Afternoon,Weekend
Farm House,2017-07-01 13:15:15,Afternoon,Weekend
Coffee,2017-07-01 13:18:26,Afternoon,Weekend
Jammie Dodgers,2017-07-01 13:18:26,Afternoon,Weekend
Afternoon with the baker,2017-07-01 13:19:07,Afternoon,Weekend
Bread,2017-07-01 13:26:25,Afternoon,Weekend
Scandinavian,2017-07-01 13:26:25,Afternoon,Weekend
Medialuna,2017-07-01 13:29:19,Afternoon,Weekend
Scone,2017-07-01 13:29:19,Afternoon,Weekend
Focaccia,2017-07-01 13:29:19,Afternoon,Weekend
Bread,2017-07-01 13:30:34,Afternoon,Weekend
Sandwich,2017-07-01 13:34:30,Afternoon,Weekend
Coffee,2017-07-01 13:34:30,Afternoon,Weekend
Medialuna,2017-07-01 13:36:18,Afternoon,Weekend
Bread,2017-07-01 13:36:18,Afternoon,Weekend
Bread,2017-07-01 13:38:33,Afternoon,Weekend
Bread,2017-07-01 13:38:56,Afternoon,Weekend
Sandwich,2017-07-01 13:42:27,Afternoon,Weekend
Sandwich,2017-07-01 13:42:27,Afternoon,Weekend
Truffles,2017-07-01 13:42:27,Afternoon,Weekend
Scandinavian,2017-07-01 13:45:11,Afternoon,Weekend
Muffin,2017-07-01 13:51:28,Afternoon,Weekend
Coffee,2017-07-01 13:53:24,Afternoon,Weekend
Coffee,2017-07-01 13:53:24,Afternoon,Weekend
Bread,2017-07-01 13:53:24,Afternoon,Weekend
Scone,2017-07-01 13:53:24,Afternoon,Weekend
Tea,2017-07-01 14:12:39,Afternoon,Weekend
Hot chocolate,2017-07-01 14:12:39,Afternoon,Weekend
Coffee,2017-07-01 14:12:39,Afternoon,Weekend
Scone,2017-07-01 14:12:39,Afternoon,Weekend
Sandwich,2017-07-01 14:12:39,Afternoon,Weekend
Coffee,2017-07-01 14:22:46,Afternoon,Weekend
Tea,2017-07-01 14:22:46,Afternoon,Weekend
Scandinavian,2017-07-01 14:24:24,Afternoon,Weekend
Tea,2017-07-01 14:25:32,Afternoon,Weekend
Coffee,2017-07-01 14:25:32,Afternoon,Weekend
Frittata,2017-07-01 14:25:32,Afternoon,Weekend
Coffee,2017-07-01 14:27:17,Afternoon,Weekend
Coffee,2017-07-01 14:27:17,Afternoon,Weekend
Frittata,2017-07-01 14:27:17,Afternoon,Weekend
Muffin,2017-07-01 14:27:17,Afternoon,Weekend
Scandinavian,2017-07-01 14:27:17,Afternoon,Weekend
Coffee,2017-07-01 14:29:01,Afternoon,Weekend
Tea,2017-07-01 14:31:10,Afternoon,Weekend
Bread,2017-07-01 14:31:10,Afternoon,Weekend
Sandwich,2017-07-01 14:38:01,Afternoon,Weekend
Coffee,2017-07-01 14:38:01,Afternoon,Weekend
Coffee,2017-07-01 14:38:01,Afternoon,Weekend
Muffin,2017-07-01 14:38:01,Afternoon,Weekend
Jammie Dodgers,2017-07-01 14:38:01,Afternoon,Weekend
Fudge,2017-07-01 14:38:01,Afternoon,Weekend
Bread,2017-07-01 14:38:01,Afternoon,Weekend
Coffee,2017-07-01 14:44:21,Afternoon,Weekend
Coffee,2017-07-01 14:44:21,Afternoon,Weekend
Focaccia,2017-07-01 14:48:52,Afternoon,Weekend
Bread,2017-07-01 14:50:10,Afternoon,Weekend
Truffles,2017-07-01 14:50:10,Afternoon,Weekend
Muffin,2017-07-01 14:50:10,Afternoon,Weekend
Coffee,2017-07-01 14:54:50,Afternoon,Weekend
Scone,2017-07-01 15:05:11,Afternoon,Weekend
Frittata,2017-07-01 15:05:11,Afternoon,Weekend
Tea,2017-07-01 15:05:11,Afternoon,Weekend
Bread,2017-07-01 15:05:11,Afternoon,Weekend
Tea,2017-07-01 15:14:26,Afternoon,Weekend
Truffles,2017-07-01 15:14:26,Afternoon,Weekend
Sandwich,2017-07-01 15:14:26,Afternoon,Weekend
Bread,2017-07-01 15:22:01,Afternoon,Weekend
Tea,2017-07-01 15:22:01,Afternoon,Weekend
Tea,2017-07-01 15:23:35,Afternoon,Weekend
Bread,2017-07-01 15:23:35,Afternoon,Weekend
Coffee,2017-07-01 15:34:23,Afternoon,Weekend
Hot chocolate,2017-07-01 15:34:23,Afternoon,Weekend
Bread,2017-07-01 15:34:23,Afternoon,Weekend
Cake,2017-07-01 15:34:23,Afternoon,Weekend
Sandwich,2017-07-01 15:34:23,Afternoon,Weekend
Coffee,2017-07-01 15:38:18,Afternoon,Weekend
Bread,2017-07-01 15:44:28,Afternoon,Weekend
Coffee,2017-07-01 15:44:28,Afternoon,Weekend
Coffee,2017-07-01 15:44:28,Afternoon,Weekend
Sandwich,2017-07-01 15:51:39,Afternoon,Weekend
Tea,2017-07-01 15:54:09,Afternoon,Weekend
Coffee,2017-07-01 15:54:09,Afternoon,Weekend
Tiffin,2017-07-01 15:54:09,Afternoon,Weekend
Scone,2017-07-01 15:54:09,Afternoon,Weekend
Scone,2017-07-01 16:01:50,Afternoon,Weekend
Scone,2017-07-01 16:02:44,Afternoon,Weekend
Farm House,2017-07-01 16:02:44,Afternoon,Weekend
Coffee,2017-07-01 16:03:33,Afternoon,Weekend
Coffee,2017-07-01 16:03:33,Afternoon,Weekend
Cake,2017-07-01 16:03:33,Afternoon,Weekend
Tea,2017-07-01 16:05:06,Afternoon,Weekend
Bread,2017-07-01 16:05:06,Afternoon,Weekend
Cake,2017-07-01 16:15:28,Afternoon,Weekend
Bread,2017-07-01 16:39:46,Afternoon,Weekend
Coffee,2017-07-01 16:39:46,Afternoon,Weekend
Truffles,2017-07-01 16:58:26,Afternoon,Weekend
Toast,2017-07-01 16:58:26,Afternoon,Weekend
Frittata,2017-07-01 16:58:26,Afternoon,Weekend
Bread,2017-08-01 09:00:57,Morning,Weekend
Pastry,2017-08-01 09:00:57,Morning,Weekend
Medialuna,2017-08-01 09:03:52,Morning,Weekend
Coffee,2017-08-01 09:03:52,Morning,Weekend
Medialuna,2017-08-01 09:26:41,Morning,Weekend
Pastry,2017-08-01 09:26:41,Morning,Weekend
Bread,2017-08-01 09:43:18,Morning,Weekend
Bread,2017-08-01 10:15:15,Morning,Weekend
Coffee,2017-08-01 10:15:15,Morning,Weekend
Medialuna,2017-08-01 10:15:15,Morning,Weekend
Bread,2017-08-01 10:49:08,Morning,Weekend
Coffee,2017-08-01 11:14:35,Morning,Weekend
Tiffin,2017-08-01 11:14:35,Morning,Weekend
Bread,2017-08-01 11:22:19,Morning,Weekend
Bread,2017-08-01 11:30:32,Morning,Weekend
Bread,2017-08-01 11:38:39,Morning,Weekend
Coffee,2017-08-01 11:38:39,Morning,Weekend
Medialuna,2017-08-01 11:38:39,Morning,Weekend
Tea,2017-08-01 12:00:54,Afternoon,Weekend
Muesli,2017-08-01 12:00:54,Afternoon,Weekend
Bread,2017-08-01 12:00:54,Afternoon,Weekend
Scandinavian,2017-08-01 12:02:40,Afternoon,Weekend
Coffee,2017-08-01 12:07:41,Afternoon,Weekend
Hot chocolate,2017-08-01 12:07:41,Afternoon,Weekend
Tiffin,2017-08-01 12:07:41,Afternoon,Weekend
Bread,2017-08-01 12:07:41,Afternoon,Weekend
Coffee,2017-08-01 12:16:42,Afternoon,Weekend
Tea,2017-08-01 12:19:31,Afternoon,Weekend
Smoothies,2017-08-01 12:19:31,Afternoon,Weekend
Sandwich,2017-08-01 12:19:31,Afternoon,Weekend
Tiffin,2017-08-01 12:30:06,Afternoon,Weekend
Bread,2017-08-01 12:30:06,Afternoon,Weekend
Smoothies,2017-08-01 12:30:06,Afternoon,Weekend
Coffee,2017-08-01 12:30:06,Afternoon,Weekend
Jammie Dodgers,2017-08-01 12:30:06,Afternoon,Weekend
Sandwich,2017-08-01 12:30:06,Afternoon,Weekend
Coffee,2017-08-01 12:31:42,Afternoon,Weekend
Bread,2017-08-01 12:31:42,Afternoon,Weekend
Coffee,2017-08-01 12:46:16,Afternoon,Weekend
Coffee,2017-08-01 12:46:16,Afternoon,Weekend
Sandwich,2017-08-01 12:46:16,Afternoon,Weekend
Sandwich,2017-08-01 12:46:16,Afternoon,Weekend
Bread,2017-08-01 12:55:40,Afternoon,Weekend
Bread,2017-08-01 12:56:26,Afternoon,Weekend
Coffee,2017-08-01 12:59:04,Afternoon,Weekend
Bread,2017-08-01 13:00:00,Afternoon,Weekend
Coffee,2017-08-01 13:07:02,Afternoon,Weekend
Vegan mincepie,2017-08-01 13:13:07,Afternoon,Weekend
Jammie Dodgers,2017-08-01 13:13:07,Afternoon,Weekend
Cake,2017-08-01 13:13:07,Afternoon,Weekend
Tiffin,2017-08-01 13:13:07,Afternoon,Weekend
Farm House,2017-08-01 13:18:22,Afternoon,Weekend
The Nomad,2017-08-01 13:23:39,Afternoon,Weekend
Tea,2017-08-01 13:23:39,Afternoon,Weekend
Bread,2017-08-01 13:25:10,Afternoon,Weekend
Coffee,2017-08-01 13:30:42,Afternoon,Weekend
Coffee,2017-08-01 13:30:42,Afternoon,Weekend
Hot chocolate,2017-08-01 13:30:42,Afternoon,Weekend
Hot chocolate,2017-08-01 13:30:42,Afternoon,Weekend
Cookies,2017-08-01 13:30:42,Afternoon,Weekend
Sandwich,2017-08-01 13:30:42,Afternoon,Weekend
Coffee,2017-08-01 13:39:04,Afternoon,Weekend
Coffee,2017-08-01 13:55:05,Afternoon,Weekend
Cake,2017-08-01 13:55:05,Afternoon,Weekend
Coffee,2017-08-01 14:03:23,Afternoon,Weekend
Truffles,2017-08-01 14:03:23,Afternoon,Weekend
The Nomad,2017-08-01 14:03:23,Afternoon,Weekend
Muffin,2017-08-01 14:03:23,Afternoon,Weekend
The Nomad,2017-08-01 14:05:58,Afternoon,Weekend
Frittata,2017-08-01 14:05:58,Afternoon,Weekend
Sandwich,2017-08-01 14:05:58,Afternoon,Weekend
Coffee,2017-08-01 14:05:58,Afternoon,Weekend
Coffee,2017-08-01 14:05:58,Afternoon,Weekend
Bread,2017-08-01 14:05:58,Afternoon,Weekend
Coffee,2017-08-01 14:14:21,Afternoon,Weekend
Coffee,2017-08-01 14:14:21,Afternoon,Weekend
Coffee,2017-08-01 14:15:19,Afternoon,Weekend
Coffee,2017-08-01 14:15:19,Afternoon,Weekend
Bread,2017-08-01 14:23:42,Afternoon,Weekend
Sandwich,2017-08-01 14:23:42,Afternoon,Weekend
Coffee,2017-08-01 14:37:47,Afternoon,Weekend
Coffee,2017-08-01 14:37:47,Afternoon,Weekend
Coffee,2017-08-01 14:40:29,Afternoon,Weekend
Bread,2017-08-01 14:40:29,Afternoon,Weekend
Cake,2017-08-01 14:40:29,Afternoon,Weekend
Tiffin,2017-08-01 14:40:29,Afternoon,Weekend
Tiffin,2017-08-01 14:53:28,Afternoon,Weekend
Muffin,2017-08-01 14:53:28,Afternoon,Weekend
The Nomad,2017-08-01 14:53:28,Afternoon,Weekend
Truffles,2017-08-01 14:53:28,Afternoon,Weekend
Bread,2017-08-01 14:53:28,Afternoon,Weekend
Tea,2017-08-01 14:56:51,Afternoon,Weekend
Juice,2017-08-01 14:57:23,Afternoon,Weekend
Bread,2017-08-01 15:02:13,Afternoon,Weekend
Vegan mincepie,2017-08-01 15:02:13,Afternoon,Weekend
Bread,2017-08-01 15:11:56,Afternoon,Weekend
Coffee,2017-08-01 15:11:56,Afternoon,Weekend
Medialuna,2017-08-01 15:11:56,Afternoon,Weekend
Hearty & Seasonal,2017-08-01 15:11:56,Afternoon,Weekend
Bread,2017-08-01 15:11:56,Afternoon,Weekend
Tea,2017-08-01 15:21:04,Afternoon,Weekend
Hot chocolate,2017-08-01 15:21:04,Afternoon,Weekend
Afternoon with the baker,2017-08-01 15:28:34,Afternoon,Weekend
Bread,2017-09-01 08:35:13,Morning,Weekday
Coffee,2017-09-01 08:51:45,Morning,Weekday
Bread,2017-09-01 09:01:09,Morning,Weekday
Bread,2017-09-01 09:01:36,Morning,Weekday
Tea,2017-09-01 09:18:34,Morning,Weekday
Juice,2017-09-01 09:40:09,Morning,Weekday
Pastry,2017-09-01 09:40:09,Morning,Weekday
Coffee,2017-09-01 09:41:42,Morning,Weekday
Coffee,2017-09-01 09:43:35,Morning,Weekday
Bread,2017-09-01 09:47:34,Morning,Weekday
Coffee,2017-09-01 10:04:20,Morning,Weekday
Toast,2017-09-01 10:04:20,Morning,Weekday
Cookies,2017-09-01 10:04:20,Morning,Weekday
Coffee,2017-09-01 10:04:20,Morning,Weekday
Bread,2017-09-01 10:07:47,Morning,Weekday
Coffee,2017-09-01 10:09:31,Morning,Weekday
Coffee,2017-09-01 10:09:31,Morning,Weekday
Pastry,2017-09-01 10:09:31,Morning,Weekday
Medialuna,2017-09-01 10:09:31,Morning,Weekday
Coffee,2017-09-01 10:13:37,Morning,Weekday
Coffee,2017-09-01 10:13:37,Morning,Weekday
Muffin,2017-09-01 10:13:37,Morning,Weekday
Coffee,2017-09-01 10:18:51,Morning,Weekday
Bread,2017-09-01 10:21:46,Morning,Weekday
Scone,2017-09-01 10:21:46,Morning,Weekday
Muffin,2017-09-01 10:28:58,Morning,Weekday
Coffee,2017-09-01 10:28:58,Morning,Weekday
Coffee,2017-09-01 10:28:58,Morning,Weekday
Bread,2017-09-01 10:58:33,Morning,Weekday
Coffee,2017-09-01 11:00:24,Morning,Weekday
Tea,2017-09-01 11:00:24,Morning,Weekday
Juice,2017-09-01 11:03:07,Morning,Weekday
Pastry,2017-09-01 11:03:07,Morning,Weekday
Medialuna,2017-09-01 11:03:07,Morning,Weekday
Pastry,2017-09-01 11:11:56,Morning,Weekday
Coffee,2017-09-01 11:11:56,Morning,Weekday
Coffee,2017-09-01 11:30:18,Morning,Weekday
Coffee,2017-09-01 11:30:18,Morning,Weekday
Cookies,2017-09-01 11:30:18,Morning,Weekday
Scone,2017-09-01 11:30:18,Morning,Weekday
Tea,2017-09-01 11:36:45,Morning,Weekday
Coffee,2017-09-01 11:36:45,Morning,Weekday
Coffee,2017-09-01 11:55:19,Morning,Weekday
Farm House,2017-09-01 11:59:32,Morning,Weekday
Farm House,2017-09-01 11:59:32,Morning,Weekday
Medialuna,2017-09-01 12:02:45,Afternoon,Weekday
Coke,2017-09-01 12:02:45,Afternoon,Weekday
Juice,2017-09-01 12:02:45,Afternoon,Weekday
Coffee,2017-09-01 12:38:55,Afternoon,Weekday
Coffee,2017-09-01 12:39:06,Afternoon,Weekday
Coffee,2017-09-01 12:57:18,Afternoon,Weekday
Tea,2017-09-01 12:57:18,Afternoon,Weekday
Cake,2017-09-01 12:57:18,Afternoon,Weekday
Coffee,2017-09-01 13:00:30,Afternoon,Weekday
Sandwich,2017-09-01 13:17:37,Afternoon,Weekday
Coffee,2017-09-01 13:17:37,Afternoon,Weekday
Scone,2017-09-01 13:17:37,Afternoon,Weekday
Tea,2017-09-01 13:39:04,Afternoon,Weekday
Toast,2017-09-01 13:39:04,Afternoon,Weekday
Coffee,2017-09-01 13:40:31,Afternoon,Weekday
Bread,2017-09-01 13:44:30,Afternoon,Weekday
Farm House,2017-09-01 13:45:53,Afternoon,Weekday
Tea,2017-09-01 14:00:11,Afternoon,Weekday
Jammie Dodgers,2017-09-01 14:00:11,Afternoon,Weekday
Scone,2017-09-01 14:00:11,Afternoon,Weekday
Coffee,2017-09-01 14:30:11,Afternoon,Weekday
Scone,2017-09-01 14:30:11,Afternoon,Weekday
The Nomad,2017-09-01 14:48:23,Afternoon,Weekday
Cake,2017-09-01 14:48:23,Afternoon,Weekday
Coffee,2017-09-01 14:52:01,Afternoon,Weekday
Coffee,2017-09-01 14:52:01,Afternoon,Weekday
Medialuna,2017-09-01 14:52:01,Afternoon,Weekday
Cake,2017-09-01 14:52:01,Afternoon,Weekday
Jammie Dodgers,2017-09-01 14:54:10,Afternoon,Weekday
Farm House,2017-09-01 14:54:10,Afternoon,Weekday
Coffee,2017-09-01 15:13:04,Afternoon,Weekday
Bread,2017-09-01 15:13:04,Afternoon,Weekday
Tea,2017-09-01 15:13:04,Afternoon,Weekday
Bread,2017-09-01 15:57:35,Afternoon,Weekday
Tea,2017-09-01 15:57:35,Afternoon,Weekday
Tea,2017-09-01 16:28:56,Afternoon,Weekday
Cookies,2017-09-01 16:28:56,Afternoon,Weekday
Bread,2017-10-01 08:38:53,Morning,Weekday
Coffee,2017-10-01 09:02:15,Morning,Weekday
Bread,2017-10-01 09:40:10,Morning,Weekday
Farm House,2017-10-01 09:44:32,Morning,Weekday
Coffee,2017-10-01 09:44:32,Morning,Weekday
Farm House,2017-10-01 09:53:51,Morning,Weekday
Tea,2017-10-01 09:57:32,Morning,Weekday
Cookies,2017-10-01 09:57:32,Morning,Weekday
Coffee,2017-10-01 10:04:39,Morning,Weekday
Bread,2017-10-01 10:17:08,Morning,Weekday
Hot chocolate,2017-10-01 10:52:29,Morning,Weekday
Pastry,2017-10-01 10:52:29,Morning,Weekday
Bread,2017-10-01 10:52:29,Morning,Weekday
Coffee,2017-10-01 10:58:34,Morning,Weekday
Cake,2017-10-01 10:58:34,Morning,Weekday
Tea,2017-10-01 11:37:18,Morning,Weekday
Bread,2017-10-01 11:40:58,Morning,Weekday
Bread,2017-10-01 11:51:29,Morning,Weekday
Coffee,2017-10-01 11:56:59,Morning,Weekday
Scone,2017-10-01 11:56:59,Morning,Weekday
Scone,2017-10-01 11:57:35,Morning,Weekday
Coffee,2017-10-01 11:57:35,Morning,Weekday
Coffee,2017-10-01 11:58:18,Morning,Weekday
Farm House,2017-10-01 12:13:54,Afternoon,Weekday
Scandinavian,2017-10-01 12:13:54,Afternoon,Weekday
Coffee,2017-10-01 12:13:54,Afternoon,Weekday
Toast,2017-10-01 12:13:54,Afternoon,Weekday
Cake,2017-10-01 12:13:54,Afternoon,Weekday
Coffee,2017-10-01 12:21:00,Afternoon,Weekday
Bread,2017-10-01 12:21:00,Afternoon,Weekday
Coffee,2017-10-01 12:30:51,Afternoon,Weekday
Farm House,2017-10-01 12:30:51,Afternoon,Weekday
Sandwich,2017-10-01 12:39:26,Afternoon,Weekday
Tea,2017-10-01 12:39:26,Afternoon,Weekday
Muffin,2017-10-01 12:40:22,Afternoon,Weekday
Sandwich,2017-10-01 12:44:54,Afternoon,Weekday
Coffee,2017-10-01 12:44:54,Afternoon,Weekday
Scone,2017-10-01 12:44:54,Afternoon,Weekday
Farm House,2017-10-01 12:46:41,Afternoon,Weekday
Sandwich,2017-10-01 13:00:15,Afternoon,Weekday
Coffee,2017-10-01 13:03:09,Afternoon,Weekday
Bread,2017-10-01 13:03:09,Afternoon,Weekday
Tea,2017-10-01 13:19:39,Afternoon,Weekday
Tea,2017-10-01 13:19:39,Afternoon,Weekday
Sandwich,2017-10-01 13:26:37,Afternoon,Weekday
Coke,2017-10-01 13:30:56,Afternoon,Weekday
Jammie Dodgers,2017-10-01 13:35:12,Afternoon,Weekday
Scone,2017-10-01 13:38:29,Afternoon,Weekday
Muffin,2017-10-01 13:38:29,Afternoon,Weekday
Pastry,2017-10-01 13:38:29,Afternoon,Weekday
Frittata,2017-10-01 13:38:29,Afternoon,Weekday
Cake,2017-10-01 13:44:03,Afternoon,Weekday
Pastry,2017-10-01 13:45:01,Afternoon,Weekday
Coffee,2017-10-01 13:45:01,Afternoon,Weekday
Cake,2017-10-01 13:47:51,Afternoon,Weekday
Cake,2017-10-01 13:47:51,Afternoon,Weekday
Hearty & Seasonal,2017-10-01 14:07:16,Afternoon,Weekday
Coffee,2017-10-01 14:07:16,Afternoon,Weekday
Tea,2017-10-01 14:07:16,Afternoon,Weekday
Fudge,2017-10-01 14:13:28,Afternoon,Weekday
Bread,2017-10-01 14:13:28,Afternoon,Weekday
Coffee,2017-10-01 14:40:57,Afternoon,Weekday
Bread,2017-10-01 15:02:19,Afternoon,Weekday
Coffee,2017-10-01 15:05:33,Afternoon,Weekday
Cake,2017-10-01 15:05:33,Afternoon,Weekday
Coffee,2017-10-01 15:31:37,Afternoon,Weekday
Coffee,2017-10-01 15:54:09,Afternoon,Weekday
Tea,2017-10-01 15:56:56,Afternoon,Weekday
Bread,2017-10-01 16:29:16,Afternoon,Weekday
Bread,2017-10-01 16:31:22,Afternoon,Weekday
Bread,2017-10-01 16:32:05,Afternoon,Weekday
Toast,2017-11-01 08:19:48,Morning,Weekday
Coffee,2017-11-01 08:19:48,Morning,Weekday
Coffee,2017-11-01 08:19:48,Morning,Weekday
Muffin,2017-11-01 08:19:48,Morning,Weekday
Medialuna,2017-11-01 09:09:53,Morning,Weekday
Medialuna,2017-11-01 09:09:53,Morning,Weekday
Hot chocolate,2017-11-01 09:09:53,Morning,Weekday
Coffee,2017-11-01 09:09:53,Morning,Weekday
Bread,2017-11-01 09:16:36,Morning,Weekday
Bread,2017-11-01 09:36:10,Morning,Weekday
Pastry,2017-11-01 09:36:10,Morning,Weekday
Bread,2017-11-01 09:38:55,Morning,Weekday
Coffee,2017-11-01 09:39:52,Morning,Weekday
Tea,2017-11-01 09:49:01,Morning,Weekday
Sandwich,2017-11-01 09:49:01,Morning,Weekday
Coffee,2017-11-01 09:56:06,Morning,Weekday
Medialuna,2017-11-01 10:27:12,Morning,Weekday
Coffee,2017-11-01 10:27:12,Morning,Weekday
Farm House,2017-11-01 10:27:12,Morning,Weekday
Coffee,2017-11-01 10:40:30,Morning,Weekday
Muffin,2017-11-01 10:40:30,Morning,Weekday
Hot chocolate,2017-11-01 10:41:40,Morning,Weekday
Coffee,2017-11-01 10:41:40,Morning,Weekday
Coffee,2017-11-01 10:42:03,Morning,Weekday
Tea,2017-11-01 10:43:23,Morning,Weekday
Toast,2017-11-01 10:43:23,Morning,Weekday
Tiffin,2017-11-01 10:43:23,Morning,Weekday
Muffin,2017-11-01 10:43:23,Morning,Weekday
Cookies,2017-11-01 10:44:56,Morning,Weekday
Bread,2017-11-01 10:44:56,Morning,Weekday
Farm House,2017-11-01 10:44:56,Morning,Weekday
Bread,2017-11-01 10:48:04,Morning,Weekday
Granola,2017-11-01 10:50:18,Morning,Weekday
Scone,2017-11-01 10:52:36,Morning,Weekday
Coffee,2017-11-01 10:52:36,Morning,Weekday
Coffee,2017-11-01 10:52:36,Morning,Weekday
Bread,2017-11-01 10:55:23,Morning,Weekday
Coffee,2017-11-01 11:02:23,Morning,Weekday
Medialuna,2017-11-01 11:02:23,Morning,Weekday
Coffee,2017-11-01 11:08:02,Morning,Weekday
Coffee,2017-11-01 11:08:02,Morning,Weekday
Pastry,2017-11-01 11:08:02,Morning,Weekday
Muffin,2017-11-01 11:08:02,Morning,Weekday
Hot chocolate,2017-11-01 11:12:05,Morning,Weekday
Coffee,2017-11-01 11:12:05,Morning,Weekday
Bread,2017-11-01 11:23:39,Morning,Weekday
Bread,2017-11-01 11:25:56,Morning,Weekday
Bread,2017-11-01 11:33:07,Morning,Weekday
Coffee,2017-11-01 11:33:07,Morning,Weekday
Bread,2017-11-01 11:33:54,Morning,Weekday
Coffee,2017-11-01 12:12:23,Afternoon,Weekday
Hearty & Seasonal,2017-11-01 12:12:23,Afternoon,Weekday
Bread,2017-11-01 12:13:55,Afternoon,Weekday
Coffee,2017-11-01 12:31:13,Afternoon,Weekday
Coffee,2017-11-01 12:31:13,Afternoon,Weekday
Art Tray,2017-11-01 12:31:13,Afternoon,Weekday
Sandwich,2017-11-01 12:31:13,Afternoon,Weekday
Bread,2017-11-01 12:31:13,Afternoon,Weekday
Bread,2017-11-01 13:06:54,Afternoon,Weekday
Cake,2017-11-01 13:06:54,Afternoon,Weekday
Muffin,2017-11-01 13:32:00,Afternoon,Weekday
Alfajores,2017-11-01 13:32:00,Afternoon,Weekday
Tiffin,2017-11-01 13:32:00,Afternoon,Weekday
Tea,2017-11-01 13:32:00,Afternoon,Weekday
Coffee,2017-11-01 14:05:19,Afternoon,Weekday
Scandinavian,2017-11-01 14:09:21,Afternoon,Weekday
Afternoon with the baker,2017-11-01 14:15:37,Afternoon,Weekday
Cake,2017-11-01 14:15:37,Afternoon,Weekday
Bread,2017-11-01 14:19:22,Afternoon,Weekday
Bread,2017-11-01 14:27:15,Afternoon,Weekday
Cake,2017-11-01 14:27:15,Afternoon,Weekday
Coffee,2017-11-01 14:27:15,Afternoon,Weekday
Tea,2017-11-01 14:27:15,Afternoon,Weekday
Scandinavian,2017-11-01 14:27:15,Afternoon,Weekday
Scandinavian,2017-11-01 14:27:39,Afternoon,Weekday
Coffee,2017-11-01 14:39:59,Afternoon,Weekday
Coffee,2017-11-01 14:39:59,Afternoon,Weekday
Bread,2017-11-01 14:46:38,Afternoon,Weekday
Sandwich,2017-11-01 14:46:38,Afternoon,Weekday
Afternoon with the baker,2017-11-01 14:51:56,Afternoon,Weekday
Cake,2017-11-01 14:55:01,Afternoon,Weekday
Tea,2017-11-01 15:01:42,Afternoon,Weekday
Coffee,2017-11-01 15:35:36,Afternoon,Weekday
Cake,2017-11-01 15:35:36,Afternoon,Weekday
Coffee,2017-11-01 15:42:24,Afternoon,Weekday
Coffee,2017-11-01 15:49:43,Afternoon,Weekday
Bread,2017-11-01 15:49:43,Afternoon,Weekday
Cake,2017-11-01 15:49:43,Afternoon,Weekday
Scone,2017-11-01 15:50:41,Afternoon,Weekday
Coffee,2017-11-01 15:50:41,Afternoon,Weekday
Hot chocolate,2017-11-01 16:46:41,Afternoon,Weekday
Hot chocolate,2017-11-01 16:46:41,Afternoon,Weekday
Tea,2017-11-01 16:58:08,Afternoon,Weekday
Cookies,2017-11-01 16:58:08,Afternoon,Weekday
Cake,2017-11-01 16:58:08,Afternoon,Weekday
Coffee,2017-12-01 07:58:41,Morning,Weekday
Pastry,2017-12-01 09:07:32,Morning,Weekday
Pastry,2017-12-01 09:07:32,Morning,Weekday
Tea,2017-12-01 09:07:32,Morning,Weekday
Bread,2017-12-01 09:07:32,Morning,Weekday
Coffee,2017-12-01 09:26:58,Morning,Weekday
Toast,2017-12-01 09:26:58,Morning,Weekday
Bread,2017-12-01 09:39:19,Morning,Weekday
Coffee,2017-12-01 09:39:19,Morning,Weekday
Coffee,2017-12-01 09:41:41,Morning,Weekday
Farm House,2017-12-01 09:43:49,Morning,Weekday
Tea,2017-12-01 09:47:34,Morning,Weekday
Coffee,2017-12-01 09:47:34,Morning,Weekday
Cookies,2017-12-01 09:48:10,Morning,Weekday
Coffee,2017-12-01 09:51:12,Morning,Weekday
Bread,2017-12-01 09:54:09,Morning,Weekday
Jammie Dodgers,2017-12-01 10:24:03,Morning,Weekday
Juice,2017-12-01 10:24:03,Morning,Weekday
Bread,2017-12-01 10:29:04,Morning,Weekday
Cake,2017-12-01 10:31:29,Morning,Weekday
Coffee,2017-12-01 10:31:29,Morning,Weekday
Tea,2017-12-01 10:31:29,Morning,Weekday
Hot chocolate,2017-12-01 10:49:49,Morning,Weekday
Coffee,2017-12-01 10:55:57,Morning,Weekday
Alfajores,2017-12-01 10:55:57,Morning,Weekday
Alfajores,2017-12-01 10:55:57,Morning,Weekday
Bread,2017-12-01 10:55:57,Morning,Weekday
Tiffin,2017-12-01 11:02:45,Morning,Weekday
Cookies,2017-12-01 11:02:45,Morning,Weekday
Coffee,2017-12-01 11:02:45,Morning,Weekday
Jammie Dodgers,2017-12-01 11:03:56,Morning,Weekday
Coffee,2017-12-01 11:06:00,Morning,Weekday
Tea,2017-12-01 11:06:00,Morning,Weekday
Cake,2017-12-01 11:06:00,Morning,Weekday
Toast,2017-12-01 11:06:00,Morning,Weekday
Coffee,2017-12-01 11:08:22,Morning,Weekday
Coffee,2017-12-01 11:08:22,Morning,Weekday
Coffee,2017-12-01 11:14:43,Morning,Weekday
Vegan mincepie,2017-12-01 11:14:43,Morning,Weekday
Bread,2017-12-01 11:20:05,Morning,Weekday
Tea,2017-12-01 11:20:05,Morning,Weekday
Toast,2017-12-01 11:22:01,Morning,Weekday
Coffee,2017-12-01 11:22:01,Morning,Weekday
Coffee,2017-12-01 11:22:01,Morning,Weekday
Tea,2017-12-01 11:30:44,Morning,Weekday
Coffee,2017-12-01 11:42:40,Morning,Weekday
Cake,2017-12-01 11:44:22,Morning,Weekday
Coffee,2017-12-01 11:50:14,Morning,Weekday
Bread,2017-12-01 11:52:27,Morning,Weekday
Toast,2017-12-01 11:53:56,Morning,Weekday
Coffee,2017-12-01 11:53:56,Morning,Weekday
Cookies,2017-12-01 11:56:30,Morning,Weekday
Tea,2017-12-01 12:30:43,Afternoon,Weekday
Toast,2017-12-01 12:30:43,Afternoon,Weekday
Farm House,2017-12-01 12:51:28,Afternoon,Weekday
Coke,2017-12-01 13:49:12,Afternoon,Weekday
Coke,2017-12-01 13:50:56,Afternoon,Weekday
Bread,2017-12-01 14:14:31,Afternoon,Weekday
Toast,2017-12-01 14:53:44,Afternoon,Weekday
Bread,2017-12-01 15:16:10,Afternoon,Weekday
Tiffin,2017-12-01 15:16:10,Afternoon,Weekday
Coffee,2017-12-01 15:16:10,Afternoon,Weekday
Coffee,2017-12-01 15:25:38,Afternoon,Weekday
Jammie Dodgers,2017-12-01 15:25:38,Afternoon,Weekday
Frittata,2017-12-01 15:25:38,Afternoon,Weekday
Frittata,2017-12-01 15:44:11,Afternoon,Weekday
Coffee,2017-12-01 15:44:11,Afternoon,Weekday
Coffee,2017-12-01 15:44:11,Afternoon,Weekday
Tea,2017-12-01 15:47:27,Afternoon,Weekday
Bread,2017-12-01 15:47:27,Afternoon,Weekday
Coffee,2017-12-01 16:01:31,Afternoon,Weekday
Bread,2017-12-01 16:39:29,Afternoon,Weekday
Tea,2017-01-13 09:03:20,Morning,Weekday
Scandinavian,2017-01-13 09:03:43,Morning,Weekday
Farm House,2017-01-13 09:35:08,Morning,Weekday
Hot chocolate,2017-01-13 09:35:08,Morning,Weekday
Coffee,2017-01-13 09:35:08,Morning,Weekday
Pastry,2017-01-13 09:43:00,Morning,Weekday
Scandinavian,2017-01-13 09:43:00,Morning,Weekday
Coffee,2017-01-13 09:49:54,Morning,Weekday
Coffee,2017-01-13 09:49:54,Morning,Weekday
Toast,2017-01-13 09:49:54,Morning,Weekday
Coffee,2017-01-13 09:49:54,Morning,Weekday
Bread,2017-01-13 10:34:55,Morning,Weekday
Coffee,2017-01-13 10:41:00,Morning,Weekday
Coffee,2017-01-13 10:41:00,Morning,Weekday
Coffee,2017-01-13 10:41:00,Morning,Weekday
Cake,2017-01-13 10:41:00,Morning,Weekday
Cookies,2017-01-13 10:41:00,Morning,Weekday
Bread,2017-01-13 10:43:42,Morning,Weekday
Toast,2017-01-13 10:43:42,Morning,Weekday
Coffee,2017-01-13 11:10:07,Morning,Weekday
Sandwich,2017-01-13 11:10:07,Morning,Weekday
Bread,2017-01-13 11:10:07,Morning,Weekday
Coffee,2017-01-13 11:16:38,Morning,Weekday
Bread,2017-01-13 11:46:59,Morning,Weekday
Scandinavian,2017-01-13 11:46:59,Morning,Weekday
Coffee,2017-01-13 11:48:57,Morning,Weekday
Medialuna,2017-01-13 11:48:57,Morning,Weekday
Alfajores,2017-01-13 11:48:57,Morning,Weekday
Coffee,2017-01-13 11:55:56,Morning,Weekday
Pastry,2017-01-13 11:57:40,Morning,Weekday
Coffee,2017-01-13 11:57:40,Morning,Weekday
Coffee,2017-01-13 12:05:56,Afternoon,Weekday
Coffee,2017-01-13 12:05:56,Afternoon,Weekday
Juice,2017-01-13 12:05:56,Afternoon,Weekday
Coffee,2017-01-13 12:12:05,Afternoon,Weekday
Coffee,2017-01-13 12:13:18,Afternoon,Weekday
Bread,2017-01-13 12:13:18,Afternoon,Weekday
Salad,2017-01-13 12:13:18,Afternoon,Weekday
Pastry,2017-01-13 12:13:18,Afternoon,Weekday
Coffee,2017-01-13 12:17:54,Afternoon,Weekday
Bread,2017-01-13 12:30:15,Afternoon,Weekday
Bread,2017-01-13 12:33:39,Afternoon,Weekday
Hot chocolate,2017-01-13 12:37:14,Afternoon,Weekday
Coffee,2017-01-13 12:39:06,Afternoon,Weekday
Toast,2017-01-13 12:39:06,Afternoon,Weekday
Sandwich,2017-01-13 12:46:27,Afternoon,Weekday
Truffles,2017-01-13 12:48:55,Afternoon,Weekday
Medialuna,2017-01-13 12:56:49,Afternoon,Weekday
Cake,2017-01-13 12:56:49,Afternoon,Weekday
Toast,2017-01-13 12:56:49,Afternoon,Weekday
Coffee,2017-01-13 12:56:49,Afternoon,Weekday
Coffee,2017-01-13 12:56:49,Afternoon,Weekday
Coffee,2017-01-13 12:57:20,Afternoon,Weekday
Coffee,2017-01-13 12:58:59,Afternoon,Weekday
Cake,2017-01-13 12:58:59,Afternoon,Weekday
Vegan mincepie,2017-01-13 12:58:59,Afternoon,Weekday
Bread,2017-01-13 12:59:38,Afternoon,Weekday
Farm House,2017-01-13 13:11:28,Afternoon,Weekday
Coffee,2017-01-13 13:12:30,Afternoon,Weekday
Scone,2017-01-13 13:26:52,Afternoon,Weekday
Tea,2017-01-13 13:26:52,Afternoon,Weekday
Sandwich,2017-01-13 13:26:52,Afternoon,Weekday
Bread,2017-01-13 13:49:48,Afternoon,Weekday
Coffee,2017-01-13 13:49:48,Afternoon,Weekday
Coffee,2017-01-13 14:01:18,Afternoon,Weekday
Jammie Dodgers,2017-01-13 14:01:18,Afternoon,Weekday
Tea,2017-01-13 14:05:38,Afternoon,Weekday
Coffee,2017-01-13 14:05:38,Afternoon,Weekday
Toast,2017-01-13 14:05:38,Afternoon,Weekday
Tea,2017-01-13 14:16:14,Afternoon,Weekday
Coffee,2017-01-13 14:16:14,Afternoon,Weekday
Bread,2017-01-13 14:16:14,Afternoon,Weekday
Salad,2017-01-13 14:16:14,Afternoon,Weekday
Tiffin,2017-01-13 14:16:14,Afternoon,Weekday
Cake,2017-01-13 14:26:26,Afternoon,Weekday
Pastry,2017-01-13 14:26:26,Afternoon,Weekday
Pastry,2017-01-13 14:26:26,Afternoon,Weekday
Alfajores,2017-01-13 14:26:26,Afternoon,Weekday
Alfajores,2017-01-13 14:26:26,Afternoon,Weekday
Coffee,2017-01-13 14:26:26,Afternoon,Weekday
Bread,2017-01-13 14:26:26,Afternoon,Weekday
Coffee,2017-01-13 14:53:36,Afternoon,Weekday
Scone,2017-01-13 14:53:36,Afternoon,Weekday
Tea,2017-01-13 15:04:27,Afternoon,Weekday
Brownie,2017-01-13 15:09:25,Afternoon,Weekday
Pastry,2017-01-13 15:09:25,Afternoon,Weekday
Coffee,2017-01-13 15:09:25,Afternoon,Weekday
Bread,2017-01-13 15:46:00,Afternoon,Weekday
Tea,2017-01-13 15:50:04,Afternoon,Weekday
Scone,2017-01-13 15:53:52,Afternoon,Weekday
Bread,2017-01-13 15:58:07,Afternoon,Weekday
Tea,2017-01-13 15:58:49,Afternoon,Weekday
Scone,2017-01-13 15:58:49,Afternoon,Weekday
Coffee,2017-01-13 16:08:40,Afternoon,Weekday
Tea,2017-01-13 16:08:40,Afternoon,Weekday
Scone,2017-01-13 16:08:40,Afternoon,Weekday
Cake,2017-01-13 16:08:40,Afternoon,Weekday
Coffee,2017-01-13 16:12:48,Afternoon,Weekday
Truffles,2017-01-13 16:12:48,Afternoon,Weekday
Cake,2017-01-13 16:12:48,Afternoon,Weekday
Vegan mincepie,2017-01-13 16:12:48,Afternoon,Weekday
Bread,2017-01-13 16:14:14,Afternoon,Weekday
Hot chocolate,2017-01-13 16:40:01,Afternoon,Weekday
Medialuna,2017-01-13 16:40:01,Afternoon,Weekday
Tea,2017-01-13 17:04:08,Evening,Weekday
Hot chocolate,2017-01-13 17:04:08,Evening,Weekday
Cookies,2017-01-13 17:04:08,Evening,Weekday
Jammie Dodgers,2017-01-13 17:04:08,Evening,Weekday
Bread,2017-01-13 17:04:08,Evening,Weekday
Bread,2017-01-14 08:57:28,Morning,Weekend
Coffee,2017-01-14 09:07:21,Morning,Weekend
Coffee,2017-01-14 09:07:21,Morning,Weekend
Toast,2017-01-14 09:07:21,Morning,Weekend
Coffee,2017-01-14 09:09:40,Morning,Weekend
Scandinavian,2017-01-14 09:15:38,Morning,Weekend
Bread,2017-01-14 09:15:38,Morning,Weekend
Tea,2017-01-14 09:37:51,Morning,Weekend
Cookies,2017-01-14 09:37:51,Morning,Weekend
Tiffin,2017-01-14 09:37:51,Morning,Weekend
Brownie,2017-01-14 09:37:51,Morning,Weekend
Coffee,2017-01-14 09:37:51,Morning,Weekend
Tiffin,2017-01-14 09:42:13,Morning,Weekend
Coffee,2017-01-14 09:43:10,Morning,Weekend
Coffee,2017-01-14 09:45:45,Morning,Weekend
Toast,2017-01-14 09:45:45,Morning,Weekend
Tiffin,2017-01-14 09:45:45,Morning,Weekend
Farm House,2017-01-14 09:45:45,Morning,Weekend
Hot chocolate,2017-01-14 09:50:07,Morning,Weekend
Bread,2017-01-14 09:50:07,Morning,Weekend
Medialuna,2017-01-14 09:50:07,Morning,Weekend
Toast,2017-01-14 09:50:07,Morning,Weekend
Hot chocolate,2017-01-14 09:51:00,Morning,Weekend
Bread,2017-01-14 09:51:00,Morning,Weekend
Medialuna,2017-01-14 09:51:00,Morning,Weekend
Toast,2017-01-14 09:51:00,Morning,Weekend
Hot chocolate,2017-01-14 09:52:07,Morning,Weekend
Bread,2017-01-14 09:52:07,Morning,Weekend
Medialuna,2017-01-14 09:52:07,Morning,Weekend
Toast,2017-01-14 09:52:07,Morning,Weekend
Alfajores,2017-01-14 09:55:22,Morning,Weekend
Scone,2017-01-14 09:55:22,Morning,Weekend
Coffee,2017-01-14 09:59:31,Morning,Weekend
Cookies,2017-01-14 09:59:31,Morning,Weekend
Coffee,2017-01-14 10:04:21,Morning,Weekend
Brownie,2017-01-14 10:19:46,Morning,Weekend
Pastry,2017-01-14 10:19:46,Morning,Weekend
Bread,2017-01-14 10:19:46,Morning,Weekend
Bread,2017-01-14 10:22:03,Morning,Weekend
Pastry,2017-01-14 10:29:06,Morning,Weekend
Bread,2017-01-14 10:29:06,Morning,Weekend
Coffee,2017-01-14 10:31:32,Morning,Weekend
Coffee,2017-01-14 10:42:40,Morning,Weekend
Hot chocolate,2017-01-14 10:42:40,Morning,Weekend
Hearty & Seasonal,2017-01-14 10:42:40,Morning,Weekend
Bread,2017-01-14 10:42:40,Morning,Weekend
Coffee,2017-01-14 10:47:13,Morning,Weekend
Bread,2017-01-14 10:50:46,Morning,Weekend
Cake,2017-01-14 10:55:30,Morning,Weekend
Coffee,2017-01-14 11:07:54,Morning,Weekend
Coffee,2017-01-14 11:07:54,Morning,Weekend
Cookies,2017-01-14 11:07:54,Morning,Weekend
Scone,2017-01-14 11:07:54,Morning,Weekend
Coffee,2017-01-14 11:17:29,Morning,Weekend
Coffee,2017-01-14 11:17:29,Morning,Weekend
Medialuna,2017-01-14 11:17:29,Morning,Weekend
Cake,2017-01-14 11:17:29,Morning,Weekend
Tiffin,2017-01-14 11:17:29,Morning,Weekend
Coffee,2017-01-14 11:26:23,Morning,Weekend
Medialuna,2017-01-14 11:26:23,Morning,Weekend
Medialuna,2017-01-14 11:26:23,Morning,Weekend
Medialuna,2017-01-14 11:26:23,Morning,Weekend
Tea,2017-01-14 11:32:01,Morning,Weekend
Truffles,2017-01-14 11:32:01,Morning,Weekend
Medialuna,2017-01-14 11:32:01,Morning,Weekend
Pastry,2017-01-14 11:33:09,Morning,Weekend
Coffee,2017-01-14 11:33:09,Morning,Weekend
Coffee,2017-01-14 11:36:11,Morning,Weekend
Coffee,2017-01-14 11:36:11,Morning,Weekend
Hot chocolate,2017-01-14 11:36:11,Morning,Weekend
Scandinavian,2017-01-14 11:37:22,Morning,Weekend
Coffee,2017-01-14 11:39:45,Morning,Weekend
Coffee,2017-01-14 11:39:45,Morning,Weekend
Tea,2017-01-14 11:39:45,Morning,Weekend
Scone,2017-01-14 11:39:45,Morning,Weekend
Coffee,2017-01-14 11:47:54,Morning,Weekend
Hot chocolate,2017-01-14 11:49:58,Morning,Weekend
Coffee,2017-01-14 11:49:58,Morning,Weekend
Bread,2017-01-14 11:49:58,Morning,Weekend
Scone,2017-01-14 11:49:58,Morning,Weekend
Cookies,2017-01-14 11:49:58,Morning,Weekend
Hearty & Seasonal,2017-01-14 11:49:58,Morning,Weekend
Bread,2017-01-14 12:00:12,Afternoon,Weekend
Bread,2017-01-14 12:21:27,Afternoon,Weekend
Coffee,2017-01-14 12:23:26,Afternoon,Weekend
Alfajores,2017-01-14 12:23:26,Afternoon,Weekend
Pastry,2017-01-14 12:23:26,Afternoon,Weekend
Cake,2017-01-14 12:26:29,Afternoon,Weekend
Tiffin,2017-01-14 12:26:29,Afternoon,Weekend
Bread,2017-01-14 12:26:29,Afternoon,Weekend
Hot chocolate,2017-01-14 12:26:29,Afternoon,Weekend
Coffee,2017-01-14 12:26:29,Afternoon,Weekend
Cake,2017-01-14 12:29:21,Afternoon,Weekend
Farm House,2017-01-14 12:29:21,Afternoon,Weekend
Coffee,2017-01-14 12:32:31,Afternoon,Weekend
Pastry,2017-01-14 12:32:31,Afternoon,Weekend
Coffee,2017-01-14 12:35:24,Afternoon,Weekend
Alfajores,2017-01-14 12:35:24,Afternoon,Weekend
Tea,2017-01-14 12:36:28,Afternoon,Weekend
Coffee,2017-01-14 12:36:53,Afternoon,Weekend
Hearty & Seasonal,2017-01-14 12:36:53,Afternoon,Weekend
Coffee,2017-01-14 12:38:56,Afternoon,Weekend
Coffee,2017-01-14 12:38:56,Afternoon,Weekend
Bread,2017-01-14 12:42:30,Afternoon,Weekend
Tea,2017-01-14 12:42:30,Afternoon,Weekend
Tiffin,2017-01-14 12:42:30,Afternoon,Weekend
Tea,2017-01-14 12:43:37,Afternoon,Weekend
Bread,2017-01-14 12:48:29,Afternoon,Weekend
Coffee,2017-01-14 12:53:30,Afternoon,Weekend
Tea,2017-01-14 12:53:30,Afternoon,Weekend
Bread,2017-01-14 12:53:44,Afternoon,Weekend
Coffee,2017-01-14 12:55:14,Afternoon,Weekend
Tea,2017-01-14 12:55:14,Afternoon,Weekend
Tea,2017-01-14 12:55:14,Afternoon,Weekend
Hearty & Seasonal,2017-01-14 12:55:14,Afternoon,Weekend
Tiffin,2017-01-14 12:55:14,Afternoon,Weekend
Bread,2017-01-14 12:55:14,Afternoon,Weekend
Cake,2017-01-14 12:55:14,Afternoon,Weekend
Bread,2017-01-14 12:56:01,Afternoon,Weekend
Bread,2017-01-14 13:03:29,Afternoon,Weekend
Hot chocolate,2017-01-14 13:45:41,Afternoon,Weekend
Coffee,2017-01-14 13:48:20,Afternoon,Weekend
Coffee,2017-01-14 13:48:20,Afternoon,Weekend
Brownie,2017-01-14 13:48:20,Afternoon,Weekend
Pastry,2017-01-14 13:48:20,Afternoon,Weekend
Bread,2017-01-14 13:48:20,Afternoon,Weekend
Scone,2017-01-14 13:49:32,Afternoon,Weekend
Coffee,2017-01-14 14:01:27,Afternoon,Weekend
Brownie,2017-01-14 14:01:27,Afternoon,Weekend
Alfajores,2017-01-14 14:01:27,Afternoon,Weekend
Toast,2017-01-14 14:01:27,Afternoon,Weekend
Juice,2017-01-14 14:01:27,Afternoon,Weekend
Coffee,2017-01-14 14:03:34,Afternoon,Weekend
Coffee,2017-01-14 14:03:34,Afternoon,Weekend
Tea,2017-01-14 14:03:34,Afternoon,Weekend
Bread,2017-01-14 14:03:34,Afternoon,Weekend
Cake,2017-01-14 14:03:34,Afternoon,Weekend
Alfajores,2017-01-14 14:03:34,Afternoon,Weekend
Toast,2017-01-14 14:03:34,Afternoon,Weekend
Hearty & Seasonal,2017-01-14 14:11:38,Afternoon,Weekend
Sandwich,2017-01-14 14:11:38,Afternoon,Weekend
Coffee,2017-01-14 14:11:38,Afternoon,Weekend
Juice,2017-01-14 14:15:34,Afternoon,Weekend
Hot chocolate,2017-01-14 14:15:34,Afternoon,Weekend
Coffee,2017-01-14 14:15:34,Afternoon,Weekend
Hearty & Seasonal,2017-01-14 14:15:34,Afternoon,Weekend
Brownie,2017-01-14 14:18:34,Afternoon,Weekend
Bread,2017-01-14 14:18:34,Afternoon,Weekend
Coffee,2017-01-14 14:30:22,Afternoon,Weekend
Coffee,2017-01-14 14:30:22,Afternoon,Weekend
Cake,2017-01-14 14:30:22,Afternoon,Weekend
Sandwich,2017-01-14 14:30:22,Afternoon,Weekend
Hearty & Seasonal,2017-01-14 14:30:22,Afternoon,Weekend
Coffee,2017-01-14 14:32:14,Afternoon,Weekend
Fudge,2017-01-14 14:34:01,Afternoon,Weekend
Tiffin,2017-01-14 14:36:53,Afternoon,Weekend
Scone,2017-01-14 14:36:53,Afternoon,Weekend
Tea,2017-01-14 14:36:53,Afternoon,Weekend
Coffee,2017-01-14 14:39:18,Afternoon,Weekend
Sandwich,2017-01-14 14:39:18,Afternoon,Weekend
Frittata,2017-01-14 14:50:59,Afternoon,Weekend
Tea,2017-01-14 14:50:59,Afternoon,Weekend
Bread,2017-01-14 14:50:59,Afternoon,Weekend
Coffee,2017-01-14 14:57:12,Afternoon,Weekend
Farm House,2017-01-14 15:16:59,Afternoon,Weekend
Bread,2017-01-14 15:48:35,Afternoon,Weekend
Cake,2017-01-14 15:48:35,Afternoon,Weekend
Alfajores,2017-01-14 15:48:35,Afternoon,Weekend
Bread,2017-01-14 15:48:35,Afternoon,Weekend
Coffee,2017-01-14 15:58:32,Afternoon,Weekend
Bread,2017-01-14 15:58:32,Afternoon,Weekend
Cake,2017-01-14 15:58:32,Afternoon,Weekend
Mineral water,2017-01-14 15:59:18,Afternoon,Weekend
Bread,2017-01-14 16:01:25,Afternoon,Weekend
Focaccia,2017-01-14 16:15:00,Afternoon,Weekend
Tea,2017-01-14 16:20:29,Afternoon,Weekend
Bread,2017-01-14 16:20:29,Afternoon,Weekend
Scandinavian,2017-01-14 16:23:00,Afternoon,Weekend
Cake,2017-01-14 16:45:16,Afternoon,Weekend
Tiffin,2017-01-14 16:46:31,Afternoon,Weekend
Muffin,2017-01-14 16:56:13,Afternoon,Weekend
Cookies,2017-01-14 16:56:13,Afternoon,Weekend
Coffee,2017-01-14 16:57:58,Afternoon,Weekend
Cake,2017-01-14 16:57:58,Afternoon,Weekend
Afternoon with the baker,2017-01-14 18:15:52,Evening,Weekend
Afternoon with the baker,2017-01-14 18:16:04,Evening,Weekend
Afternoon with the baker,2017-01-14 18:16:42,Evening,Weekend
Coffee,2017-01-15 09:43:12,Morning,Weekend
Cake,2017-01-15 09:43:12,Morning,Weekend
Medialuna,2017-01-15 09:56:43,Morning,Weekend
Cake,2017-01-15 10:05:53,Morning,Weekend
Bread,2017-01-15 10:05:53,Morning,Weekend
Jammie Dodgers,2017-01-15 10:05:53,Morning,Weekend
Bread,2017-01-15 10:33:50,Morning,Weekend
Coffee,2017-01-15 10:36:43,Morning,Weekend
The Nomad,2017-01-15 10:36:43,Morning,Weekend
The Nomad,2017-01-15 10:38:20,Morning,Weekend
Tea,2017-01-15 10:38:20,Morning,Weekend
Bread,2017-01-15 10:38:20,Morning,Weekend
Tiffin,2017-01-15 10:38:20,Morning,Weekend
Coffee,2017-01-15 10:39:21,Morning,Weekend
Bread,2017-01-15 10:39:21,Morning,Weekend
Coffee,2017-01-15 10:42:50,Morning,Weekend
Bread,2017-01-15 11:11:29,Morning,Weekend
Coffee,2017-01-15 11:11:29,Morning,Weekend
Brioche and salami,2017-01-15 11:11:29,Morning,Weekend
Coffee,2017-01-15 11:19:32,Morning,Weekend
Coffee,2017-01-15 11:19:32,Morning,Weekend
Granola,2017-01-15 11:19:32,Morning,Weekend
Bread,2017-01-15 11:19:32,Morning,Weekend
Coffee,2017-01-15 11:36:55,Morning,Weekend
Coffee,2017-01-15 11:36:55,Morning,Weekend
Juice,2017-01-15 11:36:55,Morning,Weekend
Cake,2017-01-15 11:36:55,Morning,Weekend
Scone,2017-01-15 11:36:55,Morning,Weekend
Coffee,2017-01-15 11:37:56,Morning,Weekend
Bread,2017-01-15 11:37:56,Morning,Weekend
Bread,2017-01-15 11:38:19,Morning,Weekend
Bread,2017-01-15 11:38:19,Morning,Weekend
Bread,2017-01-15 11:39:11,Morning,Weekend
Bread,2017-01-15 11:52:11,Morning,Weekend
Farm House,2017-01-15 11:52:11,Morning,Weekend
Medialuna,2017-01-15 11:56:30,Morning,Weekend
Pastry,2017-01-15 11:56:30,Morning,Weekend
Coffee,2017-01-15 11:56:30,Morning,Weekend
Coffee,2017-01-15 11:56:30,Morning,Weekend
Bread,2017-01-15 11:56:30,Morning,Weekend
Coffee,2017-01-15 12:17:16,Afternoon,Weekend
Bread,2017-01-15 12:17:16,Afternoon,Weekend
Farm House,2017-01-15 12:17:16,Afternoon,Weekend
Coffee,2017-01-15 12:29:25,Afternoon,Weekend
Pastry,2017-01-15 12:29:25,Afternoon,Weekend
Pastry,2017-01-15 12:31:51,Afternoon,Weekend
Bread,2017-01-15 12:31:51,Afternoon,Weekend
Bread,2017-01-15 12:49:03,Afternoon,Weekend
Coffee,2017-01-15 12:51:52,Afternoon,Weekend
Bread,2017-01-15 12:51:52,Afternoon,Weekend
Coffee,2017-01-15 13:08:45,Afternoon,Weekend
Bread,2017-01-15 13:12:20,Afternoon,Weekend
Juice,2017-01-15 13:12:20,Afternoon,Weekend
Jammie Dodgers,2017-01-15 13:12:20,Afternoon,Weekend
Brownie,2017-01-15 13:12:20,Afternoon,Weekend
Toast,2017-01-15 13:19:23,Afternoon,Weekend
Granola,2017-01-15 13:19:23,Afternoon,Weekend
Pastry,2017-01-15 13:19:23,Afternoon,Weekend
Coffee,2017-01-15 13:19:23,Afternoon,Weekend
Bread,2017-01-15 13:19:23,Afternoon,Weekend
Coffee,2017-01-15 13:26:19,Afternoon,Weekend
Cake,2017-01-15 13:26:19,Afternoon,Weekend
Tiffin,2017-01-15 13:26:19,Afternoon,Weekend
Granola,2017-01-15 13:26:19,Afternoon,Weekend
Gingerbread syrup,2017-01-15 13:45:43,Afternoon,Weekend
Coffee,2017-01-15 13:45:43,Afternoon,Weekend
Hearty & Seasonal,2017-01-15 14:00:55,Afternoon,Weekend
Coffee,2017-01-15 14:00:55,Afternoon,Weekend
Cake,2017-01-15 14:00:55,Afternoon,Weekend
Pastry,2017-01-15 14:04:43,Afternoon,Weekend
Tea,2017-01-15 14:04:43,Afternoon,Weekend
Coffee,2017-01-15 14:04:43,Afternoon,Weekend
Bread,2017-01-15 14:04:43,Afternoon,Weekend
Coffee,2017-01-15 14:18:51,Afternoon,Weekend
Alfajores,2017-01-15 14:18:51,Afternoon,Weekend
Medialuna,2017-01-15 14:29:57,Afternoon,Weekend
Jammie Dodgers,2017-01-15 14:29:57,Afternoon,Weekend
Muffin,2017-01-15 14:29:57,Afternoon,Weekend
Sandwich,2017-01-15 14:29:57,Afternoon,Weekend
Bread,2017-01-15 14:40:27,Afternoon,Weekend
Coffee,2017-01-15 14:41:29,Afternoon,Weekend
Tea,2017-01-15 14:41:29,Afternoon,Weekend
Juice,2017-01-15 14:41:29,Afternoon,Weekend
Alfajores,2017-01-15 14:42:11,Afternoon,Weekend
Hearty & Seasonal,2017-01-15 14:58:18,Afternoon,Weekend
Truffles,2017-01-15 14:58:18,Afternoon,Weekend
Mineral water,2017-01-15 14:58:18,Afternoon,Weekend
Bread,2017-01-15 14:58:18,Afternoon,Weekend
Scone,2017-01-15 14:58:18,Afternoon,Weekend
Bread,2017-01-15 14:58:18,Afternoon,Weekend
Coffee,2017-01-15 15:00:32,Afternoon,Weekend
Jammie Dodgers,2017-01-15 15:00:32,Afternoon,Weekend
Cookies,2017-01-15 15:00:32,Afternoon,Weekend
Bread,2017-01-15 15:17:58,Afternoon,Weekend
Toast,2017-01-15 15:17:58,Afternoon,Weekend
Coffee,2017-01-15 15:26:30,Afternoon,Weekend
Bread,2017-01-15 15:26:30,Afternoon,Weekend
Bread,2017-01-15 15:26:30,Afternoon,Weekend
Coffee,2017-01-15 15:39:50,Afternoon,Weekend
Truffles,2017-01-15 15:39:50,Afternoon,Weekend
Scone,2017-01-15 15:44:46,Afternoon,Weekend
Bread,2017-01-15 15:44:46,Afternoon,Weekend
Bread,2017-01-15 15:44:46,Afternoon,Weekend
Coffee,2017-01-15 15:58:59,Afternoon,Weekend
Tea,2017-01-15 15:58:59,Afternoon,Weekend
Cake,2017-01-15 15:58:59,Afternoon,Weekend
Jammie Dodgers,2017-01-15 15:58:59,Afternoon,Weekend
Coffee,2017-01-15 16:04:24,Afternoon,Weekend
Jammie Dodgers,2017-01-15 16:04:24,Afternoon,Weekend
Bread,2017-01-15 16:05:53,Afternoon,Weekend
Medialuna,2017-01-15 16:09:19,Afternoon,Weekend
Alfajores,2017-01-15 16:09:19,Afternoon,Weekend
Coffee,2017-01-15 16:09:19,Afternoon,Weekend
Tea,2017-01-15 16:09:19,Afternoon,Weekend
Brownie,2017-01-15 16:10:50,Afternoon,Weekend
Alfajores,2017-01-15 16:10:50,Afternoon,Weekend
Hot chocolate,2017-01-15 16:10:50,Afternoon,Weekend
Tea,2017-01-15 16:10:50,Afternoon,Weekend
Bread,2017-01-15 16:10:50,Afternoon,Weekend
Coffee,2017-01-16 08:22:04,Morning,Weekday
Scone,2017-01-16 08:22:04,Morning,Weekday
Bread,2017-01-16 09:32:16,Morning,Weekday
Afternoon with the baker,2017-01-16 09:34:13,Morning,Weekday
Bread,2017-01-16 09:35:04,Morning,Weekday
Coffee,2017-01-16 09:35:44,Morning,Weekday
Bread,2017-01-16 09:36:24,Morning,Weekday
Bread,2017-01-16 09:45:47,Morning,Weekday
Bread,2017-01-16 09:57:46,Morning,Weekday
Scandinavian,2017-01-16 10:01:14,Morning,Weekday
Bread,2017-01-16 10:01:14,Morning,Weekday
Cookies,2017-01-16 10:01:14,Morning,Weekday
Coffee,2017-01-16 10:02:23,Morning,Weekday
Coffee,2017-01-16 10:02:51,Morning,Weekday
Coffee,2017-01-16 10:11:31,Morning,Weekday
Medialuna,2017-01-16 10:11:31,Morning,Weekday
Cookies,2017-01-16 10:11:31,Morning,Weekday
Cookies,2017-01-16 10:12:09,Morning,Weekday
Coffee,2017-01-16 10:12:09,Morning,Weekday
Bread,2017-01-16 10:12:09,Morning,Weekday
Juice,2017-01-16 10:12:09,Morning,Weekday
Hot chocolate,2017-01-16 10:15:14,Morning,Weekday
Hot chocolate,2017-01-16 10:15:14,Morning,Weekday
Cookies,2017-01-16 10:15:14,Morning,Weekday
Bread,2017-01-16 10:16:47,Morning,Weekday
Coffee,2017-01-16 10:53:13,Morning,Weekday
Tea,2017-01-16 10:53:42,Morning,Weekday
Cake,2017-01-16 10:53:42,Morning,Weekday
Cookies,2017-01-16 11:06:47,Morning,Weekday
Tea,2017-01-16 11:06:47,Morning,Weekday
Coffee,2017-01-16 11:57:00,Morning,Weekday
Bread,2017-01-16 12:10:09,Afternoon,Weekday
Medialuna,2017-01-16 12:10:09,Afternoon,Weekday
Scone,2017-01-16 12:11:45,Afternoon,Weekday
Coffee,2017-01-16 12:11:45,Afternoon,Weekday
Tea,2017-01-16 12:11:45,Afternoon,Weekday
Bread,2017-01-16 12:22:41,Afternoon,Weekday
Brownie,2017-01-16 12:22:41,Afternoon,Weekday
Sandwich,2017-01-16 12:24:02,Afternoon,Weekday
Coffee,2017-01-16 12:32:07,Afternoon,Weekday
Toast,2017-01-16 12:32:54,Afternoon,Weekday
Bread,2017-01-16 12:50:40,Afternoon,Weekday
Bread,2017-01-16 12:53:26,Afternoon,Weekday
Coffee,2017-01-16 13:03:45,Afternoon,Weekday
Coffee,2017-01-16 13:03:45,Afternoon,Weekday
Coffee,2017-01-16 13:10:27,Afternoon,Weekday
Tea,2017-01-16 13:17:03,Afternoon,Weekday
Bread,2017-01-16 13:17:03,Afternoon,Weekday
Coffee,2017-01-16 13:22:22,Afternoon,Weekday
Coke,2017-01-16 14:01:38,Afternoon,Weekday
Jammie Dodgers,2017-01-16 14:12:31,Afternoon,Weekday
Bread,2017-01-16 14:12:31,Afternoon,Weekday
Bread,2017-01-16 15:22:41,Afternoon,Weekday
Medialuna,2017-01-16 15:22:41,Afternoon,Weekday
Alfajores,2017-01-16 15:22:41,Afternoon,Weekday
Medialuna,2017-01-16 15:28:18,Afternoon,Weekday
Coffee,2017-01-16 15:28:51,Afternoon,Weekday
Bread,2017-01-16 15:29:44,Afternoon,Weekday
Coffee,2017-01-16 15:29:44,Afternoon,Weekday
Coke,2017-01-16 15:44:36,Afternoon,Weekday
Tea,2017-01-16 15:44:36,Afternoon,Weekday
Truffles,2017-01-16 16:03:54,Afternoon,Weekday
Muffin,2017-01-16 16:14:50,Afternoon,Weekday
Alfajores,2017-01-16 16:33:49,Afternoon,Weekday
Bread,2017-01-16 16:33:49,Afternoon,Weekday
Bread,2017-01-16 16:37:22,Afternoon,Weekday
Coffee,2017-01-17 09:00:34,Morning,Weekday
Pastry,2017-01-17 09:00:34,Morning,Weekday
Tea,2017-01-17 09:10:52,Morning,Weekday
Coffee,2017-01-17 09:10:52,Morning,Weekday
Coffee,2017-01-17 09:10:52,Morning,Weekday
Coffee,2017-01-17 09:15:35,Morning,Weekday
Toast,2017-01-17 09:15:35,Morning,Weekday
Coffee,2017-01-17 09:24:07,Morning,Weekday
Coffee,2017-01-17 09:24:07,Morning,Weekday
Coffee,2017-01-17 09:36:51,Morning,Weekday
Pastry,2017-01-17 09:36:51,Morning,Weekday
Sandwich,2017-01-17 09:45:38,Morning,Weekday
Bread,2017-01-17 09:45:38,Morning,Weekday
Coffee,2017-01-17 09:55:12,Morning,Weekday
Coffee,2017-01-17 09:55:12,Morning,Weekday
Alfajores,2017-01-17 09:55:12,Morning,Weekday
Bread,2017-01-17 10:26:47,Morning,Weekday
Medialuna,2017-01-17 10:26:47,Morning,Weekday
Bread,2017-01-17 10:52:09,Morning,Weekday
Tea,2017-01-17 11:05:09,Morning,Weekday
Coffee,2017-01-17 11:08:30,Morning,Weekday
Coffee,2017-01-17 11:08:30,Morning,Weekday
Alfajores,2017-01-17 11:16:53,Morning,Weekday
Alfajores,2017-01-17 11:24:24,Morning,Weekday
Bread,2017-01-17 11:24:24,Morning,Weekday
Coffee,2017-01-17 11:43:34,Morning,Weekday
Coffee,2017-01-17 12:08:24,Afternoon,Weekday
Coffee,2017-01-17 12:08:24,Afternoon,Weekday
Coffee,2017-01-17 12:20:15,Afternoon,Weekday
Cake,2017-01-17 12:20:15,Afternoon,Weekday
Bread,2017-01-17 12:35:06,Afternoon,Weekday
Jammie Dodgers,2017-01-17 12:35:06,Afternoon,Weekday
Coffee,2017-01-17 12:38:08,Afternoon,Weekday
Coffee,2017-01-17 12:38:08,Afternoon,Weekday
Toast,2017-01-17 12:38:08,Afternoon,Weekday
Sandwich,2017-01-17 12:38:08,Afternoon,Weekday
Coffee,2017-01-17 13:01:37,Afternoon,Weekday
Smoothies,2017-01-17 13:01:37,Afternoon,Weekday
Sandwich,2017-01-17 13:01:37,Afternoon,Weekday
Hearty & Seasonal,2017-01-17 13:01:37,Afternoon,Weekday
Cake,2017-01-17 13:01:37,Afternoon,Weekday
Bread,2017-01-17 13:03:01,Afternoon,Weekday
Sandwich,2017-01-17 13:06:15,Afternoon,Weekday
Truffles,2017-01-17 13:06:15,Afternoon,Weekday
Salad,2017-01-17 13:12:09,Afternoon,Weekday
Sandwich,2017-01-17 13:12:09,Afternoon,Weekday
Coffee,2017-01-17 13:12:09,Afternoon,Weekday
Muffin,2017-01-17 13:22:49,Afternoon,Weekday
Cookies,2017-01-17 13:22:49,Afternoon,Weekday
Bread,2017-01-17 13:22:49,Afternoon,Weekday
Hot chocolate,2017-01-17 13:22:49,Afternoon,Weekday
Hearty & Seasonal,2017-01-17 13:22:49,Afternoon,Weekday
Farm House,2017-01-17 13:26:24,Afternoon,Weekday
Truffles,2017-01-17 13:32:31,Afternoon,Weekday
Cake,2017-01-17 13:32:31,Afternoon,Weekday
Scandinavian,2017-01-17 13:32:31,Afternoon,Weekday
Coffee,2017-01-17 13:32:31,Afternoon,Weekday
Tea,2017-01-17 13:40:29,Afternoon,Weekday
Salad,2017-01-17 13:41:06,Afternoon,Weekday
Sandwich,2017-01-17 13:41:06,Afternoon,Weekday
Bread,2017-01-17 13:41:06,Afternoon,Weekday
Coffee,2017-01-17 13:41:06,Afternoon,Weekday
Alfajores,2017-01-17 13:41:06,Afternoon,Weekday
Coffee,2017-01-17 13:53:39,Afternoon,Weekday
Bread,2017-01-17 13:53:39,Afternoon,Weekday
Toast,2017-01-17 13:53:39,Afternoon,Weekday
Coffee,2017-01-17 14:21:07,Afternoon,Weekday
Cake,2017-01-17 14:21:07,Afternoon,Weekday
Truffles,2017-01-17 14:24:20,Afternoon,Weekday
Coffee,2017-01-17 14:24:20,Afternoon,Weekday
Alfajores,2017-01-17 14:24:20,Afternoon,Weekday
Coffee,2017-01-17 14:25:13,Afternoon,Weekday
Tea,2017-01-17 14:25:13,Afternoon,Weekday
Chicken Stew,2017-01-17 14:25:13,Afternoon,Weekday
Coffee,2017-01-17 14:51:07,Afternoon,Weekday
Pastry,2017-01-17 14:51:07,Afternoon,Weekday
Coffee,2017-01-17 15:02:16,Afternoon,Weekday
Coffee,2017-01-17 15:13:55,Afternoon,Weekday
Coffee,2017-01-17 15:14:48,Afternoon,Weekday
Coffee,2017-01-17 15:26:27,Afternoon,Weekday
Soup,2017-01-17 15:26:27,Afternoon,Weekday
Cake,2017-01-17 15:26:27,Afternoon,Weekday
Tea,2017-01-17 15:42:01,Afternoon,Weekday
Coffee,2017-01-17 15:45:28,Afternoon,Weekday
Tea,2017-01-17 15:58:06,Afternoon,Weekday
Coffee,2017-01-17 16:25:58,Afternoon,Weekday
Tea,2017-01-17 16:44:54,Afternoon,Weekday
Bread,2017-01-17 16:44:54,Afternoon,Weekday
Cake,2017-01-17 16:44:54,Afternoon,Weekday
Bread,2017-01-17 16:45:43,Afternoon,Weekday
Tea,2017-01-17 17:12:33,Evening,Weekday
Bread,2017-01-18 08:32:12,Morning,Weekday
Coffee,2017-01-18 08:35:09,Morning,Weekday
Bread,2017-01-18 09:01:05,Morning,Weekday
Tea,2017-01-18 09:14:51,Morning,Weekday
Coffee,2017-01-18 09:14:51,Morning,Weekday
Coffee,2017-01-18 09:14:51,Morning,Weekday
Muffin,2017-01-18 09:14:51,Morning,Weekday
Cake,2017-01-18 09:14:51,Morning,Weekday
Scandinavian,2017-01-18 09:16:14,Morning,Weekday
Bread,2017-01-18 09:18:03,Morning,Weekday
Bread,2017-01-18 09:18:03,Morning,Weekday
Farm House,2017-01-18 09:50:35,Morning,Weekday
Tea,2017-01-18 10:08:32,Morning,Weekday
Tea,2017-01-18 10:15:47,Morning,Weekday
Coffee,2017-01-18 10:15:47,Morning,Weekday
Medialuna,2017-01-18 10:19:00,Morning,Weekday
Coffee,2017-01-18 10:19:00,Morning,Weekday
Tea,2017-01-18 10:19:00,Morning,Weekday
Bread,2017-01-18 10:23:40,Morning,Weekday
Pastry,2017-01-18 10:32:48,Morning,Weekday
Muffin,2017-01-18 10:32:48,Morning,Weekday
Coffee,2017-01-18 10:32:48,Morning,Weekday
Tea,2017-01-18 10:32:48,Morning,Weekday
Coffee,2017-01-18 10:39:20,Morning,Weekday
Tea,2017-01-18 10:39:20,Morning,Weekday
Hot chocolate,2017-01-18 10:49:15,Morning,Weekday
Coke,2017-01-18 10:49:15,Morning,Weekday
Cake,2017-01-18 10:49:15,Morning,Weekday
Soup,2017-01-18 11:52:19,Morning,Weekday
Pastry,2017-01-18 11:52:19,Morning,Weekday
Tea,2017-01-18 11:52:19,Morning,Weekday
Sandwich,2017-01-18 11:55:47,Morning,Weekday
Alfajores,2017-01-18 11:55:47,Morning,Weekday
Sandwich,2017-01-18 12:23:40,Afternoon,Weekday
Bread,2017-01-18 13:11:23,Afternoon,Weekday
Focaccia,2017-01-18 13:11:23,Afternoon,Weekday
Coffee,2017-01-18 13:21:41,Afternoon,Weekday
Juice,2017-01-18 13:21:41,Afternoon,Weekday
Sandwich,2017-01-18 13:21:41,Afternoon,Weekday
Crisps,2017-01-18 13:21:41,Afternoon,Weekday
Tea,2017-01-18 13:53:11,Afternoon,Weekday
Coffee,2017-01-18 13:53:11,Afternoon,Weekday
Soup,2017-01-18 13:53:11,Afternoon,Weekday
Salad,2017-01-18 13:53:11,Afternoon,Weekday
Coffee,2017-01-18 14:00:18,Afternoon,Weekday
Cookies,2017-01-18 14:00:18,Afternoon,Weekday
Tea,2017-01-18 14:12:04,Afternoon,Weekday
Cookies,2017-01-18 14:12:04,Afternoon,Weekday
Cake,2017-01-18 15:04:49,Afternoon,Weekday
Cake,2017-01-18 15:09:52,Afternoon,Weekday
Coffee,2017-01-18 15:09:52,Afternoon,Weekday
Coke,2017-01-18 15:09:52,Afternoon,Weekday
Tea,2017-01-18 15:09:52,Afternoon,Weekday
Coffee,2017-01-18 15:24:55,Afternoon,Weekday
Jammie Dodgers,2017-01-18 15:24:55,Afternoon,Weekday
Coke,2017-01-18 15:26:53,Afternoon,Weekday
Sandwich,2017-01-18 15:26:53,Afternoon,Weekday
Medialuna,2017-01-18 15:54:52,Afternoon,Weekday
Cookies,2017-01-18 15:54:52,Afternoon,Weekday
Juice,2017-01-18 15:54:52,Afternoon,Weekday
Ella's Kitchen Pouches,2017-01-18 15:54:52,Afternoon,Weekday
Tea,2017-01-18 15:54:52,Afternoon,Weekday
Muffin,2017-01-18 16:01:10,Afternoon,Weekday
Jammie Dodgers,2017-01-18 16:01:10,Afternoon,Weekday
Cake,2017-01-18 16:01:10,Afternoon,Weekday
Bread,2017-01-18 16:01:10,Afternoon,Weekday
Hot chocolate,2017-01-18 16:01:10,Afternoon,Weekday
Coffee,2017-01-18 16:17:14,Afternoon,Weekday
Coffee,2017-01-18 16:17:14,Afternoon,Weekday
Cake,2017-01-18 16:17:14,Afternoon,Weekday
Cake,2017-01-18 16:20:34,Afternoon,Weekday
Cake,2017-01-18 16:22:19,Afternoon,Weekday
Tea,2017-01-18 16:22:19,Afternoon,Weekday
Coffee,2017-01-18 16:56:01,Afternoon,Weekday
Tea,2017-01-18 16:56:01,Afternoon,Weekday
Coffee,2017-01-18 16:56:01,Afternoon,Weekday
Cake,2017-01-18 16:56:01,Afternoon,Weekday
Cookies,2017-01-18 16:56:01,Afternoon,Weekday
Cookies,2017-01-18 17:01:59,Evening,Weekday
Tea,2017-01-18 17:01:59,Evening,Weekday
Focaccia,2017-01-18 18:28:00,Evening,Weekday
Fudge,2017-01-18 18:28:00,Evening,Weekday
Pastry,2017-01-19 08:38:45,Morning,Weekday
Toast,2017-01-19 08:38:45,Morning,Weekday
Coffee,2017-01-19 08:38:45,Morning,Weekday
Tea,2017-01-19 09:13:43,Morning,Weekday
Sandwich,2017-01-19 09:13:43,Morning,Weekday
Tea,2017-01-19 09:37:27,Morning,Weekday
Hot chocolate,2017-01-19 09:37:27,Morning,Weekday
Spanish Brunch,2017-01-19 09:37:27,Morning,Weekday
Granola,2017-01-19 09:37:27,Morning,Weekday
Sandwich,2017-01-19 09:37:27,Morning,Weekday
Coffee,2017-01-19 09:48:54,Morning,Weekday
Medialuna,2017-01-19 09:48:54,Morning,Weekday
Bread,2017-01-19 09:51:44,Morning,Weekday
Coffee,2017-01-19 09:54:16,Morning,Weekday
Coffee,2017-01-19 10:05:11,Morning,Weekday
Toast,2017-01-19 10:05:11,Morning,Weekday
Coffee,2017-01-19 10:09:55,Morning,Weekday
Coffee,2017-01-19 10:09:55,Morning,Weekday
Pastry,2017-01-19 10:09:55,Morning,Weekday
Bread,2017-01-19 10:16:19,Morning,Weekday
Farm House,2017-01-19 10:28:55,Morning,Weekday
Bread,2017-01-19 10:31:44,Morning,Weekday
Cookies,2017-01-19 10:31:44,Morning,Weekday
Bread,2017-01-19 10:33:23,Morning,Weekday
Hot chocolate,2017-01-19 10:38:30,Morning,Weekday
Hot chocolate,2017-01-19 10:38:30,Morning,Weekday
Cake,2017-01-19 10:38:30,Morning,Weekday
Pastry,2017-01-19 10:46:37,Morning,Weekday
Cake,2017-01-19 10:46:37,Morning,Weekday
Mineral water,2017-01-19 10:46:37,Morning,Weekday
Tea,2017-01-19 10:58:01,Morning,Weekday
Tea,2017-01-19 11:04:48,Morning,Weekday
Jammie Dodgers,2017-01-19 11:04:48,Morning,Weekday
Cake,2017-01-19 11:04:48,Morning,Weekday
Juice,2017-01-19 11:04:48,Morning,Weekday
Tiffin,2017-01-19 11:05:17,Morning,Weekday
Cake,2017-01-19 11:09:57,Morning,Weekday
Muffin,2017-01-19 11:09:57,Morning,Weekday
Coffee,2017-01-19 11:13:54,Morning,Weekday
Coke,2017-01-19 11:13:54,Morning,Weekday
Juice,2017-01-19 11:13:54,Morning,Weekday
Truffles,2017-01-19 11:13:54,Morning,Weekday
Medialuna,2017-01-19 11:13:54,Morning,Weekday
Coffee,2017-01-19 11:18:21,Morning,Weekday
Coffee,2017-01-19 11:18:53,Morning,Weekday
Coffee,2017-01-19 11:28:12,Morning,Weekday
Coffee,2017-01-19 11:28:12,Morning,Weekday
Coffee,2017-01-19 11:28:26,Morning,Weekday
Coffee,2017-01-19 11:34:28,Morning,Weekday
Pastry,2017-01-19 11:34:28,Morning,Weekday
Cake,2017-01-19 11:47:09,Morning,Weekday
Coffee,2017-01-19 11:47:09,Morning,Weekday
Bread,2017-01-19 11:52:51,Morning,Weekday
Tiffin,2017-01-19 11:52:51,Morning,Weekday
Scandinavian,2017-01-19 11:55:02,Morning,Weekday
Bread,2017-01-19 11:55:02,Morning,Weekday
Coffee,2017-01-19 11:55:48,Morning,Weekday
Tea,2017-01-19 11:55:48,Morning,Weekday
Alfajores,2017-01-19 11:55:48,Morning,Weekday
Chicken Stew,2017-01-19 11:59:14,Morning,Weekday
Coffee,2017-01-19 12:00:18,Afternoon,Weekday
Coffee,2017-01-19 12:02:26,Afternoon,Weekday
Juice,2017-01-19 12:02:26,Afternoon,Weekday
Medialuna,2017-01-19 12:02:26,Afternoon,Weekday
Crisps,2017-01-19 12:02:26,Afternoon,Weekday
Coffee,2017-01-19 12:22:38,Afternoon,Weekday
Farm House,2017-01-19 12:25:36,Afternoon,Weekday
Salad,2017-01-19 12:37:49,Afternoon,Weekday
Coffee,2017-01-19 12:37:49,Afternoon,Weekday
Bread,2017-01-19 12:50:07,Afternoon,Weekday
Bread,2017-01-19 12:54:16,Afternoon,Weekday
Medialuna,2017-01-19 12:54:16,Afternoon,Weekday
Coffee,2017-01-19 13:15:51,Afternoon,Weekday
Coffee,2017-01-19 13:15:51,Afternoon,Weekday
Sandwich,2017-01-19 13:15:51,Afternoon,Weekday
Hot chocolate,2017-01-19 13:20:35,Afternoon,Weekday
Chicken Stew,2017-01-19 13:20:35,Afternoon,Weekday
Coffee,2017-01-19 13:24:54,Afternoon,Weekday
Tea,2017-01-19 13:24:54,Afternoon,Weekday
Sandwich,2017-01-19 13:24:54,Afternoon,Weekday
Medialuna,2017-01-19 13:24:54,Afternoon,Weekday
Bread,2017-01-19 13:43:11,Afternoon,Weekday
Tea,2017-01-19 13:43:11,Afternoon,Weekday
Chicken Stew,2017-01-19 13:43:11,Afternoon,Weekday
Soup,2017-01-19 13:43:11,Afternoon,Weekday
Cake,2017-01-19 13:43:11,Afternoon,Weekday
Pastry,2017-01-19 13:43:11,Afternoon,Weekday
Alfajores,2017-01-19 13:43:11,Afternoon,Weekday
Focaccia,2017-01-19 13:43:11,Afternoon,Weekday
Bread,2017-01-19 13:50:38,Afternoon,Weekday
Coffee,2017-01-19 13:50:38,Afternoon,Weekday
Soup,2017-01-19 13:50:38,Afternoon,Weekday
Muffin,2017-01-19 13:50:38,Afternoon,Weekday
Bread,2017-01-19 13:50:59,Afternoon,Weekday
Coffee,2017-01-19 14:30:18,Afternoon,Weekday
Tea,2017-01-19 14:30:18,Afternoon,Weekday
Cake,2017-01-19 14:30:18,Afternoon,Weekday
Sandwich,2017-01-19 14:33:32,Afternoon,Weekday
Sandwich,2017-01-19 14:33:32,Afternoon,Weekday
Coffee,2017-01-19 14:33:32,Afternoon,Weekday
Tea,2017-01-19 14:33:32,Afternoon,Weekday
Coffee,2017-01-19 14:34:10,Afternoon,Weekday
Coffee,2017-01-19 14:34:10,Afternoon,Weekday
Bread,2017-01-19 14:49:27,Afternoon,Weekday
Coffee,2017-01-19 14:52:15,Afternoon,Weekday
Bread,2017-01-19 14:53:04,Afternoon,Weekday
Hot chocolate,2017-01-19 15:25:44,Afternoon,Weekday
Coffee,2017-01-19 15:27:54,Afternoon,Weekday
Bread,2017-01-19 15:27:54,Afternoon,Weekday
Tiffin,2017-01-19 15:27:54,Afternoon,Weekday
Bread,2017-01-19 15:27:54,Afternoon,Weekday
Hot chocolate,2017-01-19 15:29:09,Afternoon,Weekday
Hot chocolate,2017-01-19 15:41:04,Afternoon,Weekday
Coffee,2017-01-19 15:41:04,Afternoon,Weekday
Tiffin,2017-01-19 15:41:04,Afternoon,Weekday
Coffee,2017-01-19 15:50:41,Afternoon,Weekday
Cookies,2017-01-19 15:50:41,Afternoon,Weekday
Bread,2017-01-19 15:50:41,Afternoon,Weekday
Farm House,2017-01-19 17:21:25,Evening,Weekday
Afternoon with the baker,2017-01-20 08:51:02,Morning,Weekday
Coffee,2017-01-20 08:51:02,Morning,Weekday
Scandinavian,2017-01-20 08:51:02,Morning,Weekday
Coffee,2017-01-20 08:53:49,Morning,Weekday
Bread,2017-01-20 08:53:49,Morning,Weekday
Coffee,2017-01-20 08:56:27,Morning,Weekday
Tea,2017-01-20 08:56:27,Morning,Weekday
Toast,2017-01-20 08:56:27,Morning,Weekday
Coffee,2017-01-20 08:58:32,Morning,Weekday
Toast,2017-01-20 08:58:32,Morning,Weekday
Coffee,2017-01-20 08:58:49,Morning,Weekday
Coffee,2017-01-20 08:59:47,Morning,Weekday
Toast,2017-01-20 08:59:47,Morning,Weekday
Coffee,2017-01-20 09:12:45,Morning,Weekday
Medialuna,2017-01-20 09:12:45,Morning,Weekday
Coffee,2017-01-20 09:19:25,Morning,Weekday
Cake,2017-01-20 09:35:23,Morning,Weekday
Pastry,2017-01-20 09:37:07,Morning,Weekday
Bread,2017-01-20 09:37:07,Morning,Weekday
Coffee,2017-01-20 09:38:51,Morning,Weekday
Bread,2017-01-20 09:41:06,Morning,Weekday
Farm House,2017-01-20 09:52:14,Morning,Weekday
Coffee,2017-01-20 09:56:21,Morning,Weekday
Coffee,2017-01-20 09:56:21,Morning,Weekday
Coffee,2017-01-20 09:56:21,Morning,Weekday
Toast,2017-01-20 09:56:21,Morning,Weekday
Cookies,2017-01-20 09:56:21,Morning,Weekday
Pastry,2017-01-20 10:04:36,Morning,Weekday
Coffee,2017-01-20 10:04:36,Morning,Weekday
Coffee,2017-01-20 10:04:36,Morning,Weekday
Coffee,2017-01-20 10:29:35,Morning,Weekday
Bread,2017-01-20 10:32:32,Morning,Weekday
Bread,2017-01-20 10:46:10,Morning,Weekday
Tea,2017-01-20 10:46:10,Morning,Weekday
Granola,2017-01-20 10:46:10,Morning,Weekday
Bread,2017-01-20 10:54:10,Morning,Weekday
Tea,2017-01-20 10:54:10,Morning,Weekday
Scone,2017-01-20 10:54:10,Morning,Weekday
Sandwich,2017-01-20 10:54:10,Morning,Weekday
Coffee,2017-01-20 11:06:25,Morning,Weekday
Coffee,2017-01-20 11:06:25,Morning,Weekday
Pastry,2017-01-20 11:06:25,Morning,Weekday
Pastry,2017-01-20 11:10:22,Morning,Weekday
Pastry,2017-01-20 11:10:22,Morning,Weekday
Coffee,2017-01-20 11:10:22,Morning,Weekday
Coffee,2017-01-20 11:10:22,Morning,Weekday
Bread,2017-01-20 11:10:22,Morning,Weekday
Bread,2017-01-20 11:32:24,Morning,Weekday
Bread,2017-01-20 11:40:17,Morning,Weekday
Muffin,2017-01-20 11:42:39,Morning,Weekday
Muffin,2017-01-20 11:42:39,Morning,Weekday
Farm House,2017-01-20 12:01:07,Afternoon,Weekday
Coffee,2017-01-20 12:03:53,Afternoon,Weekday
Tea,2017-01-20 12:03:53,Afternoon,Weekday
Scone,2017-01-20 12:03:53,Afternoon,Weekday
Coffee,2017-01-20 12:11:10,Afternoon,Weekday
Coffee,2017-01-20 12:11:10,Afternoon,Weekday
Bread,2017-01-20 12:14:22,Afternoon,Weekday
Bread,2017-01-20 12:20:10,Afternoon,Weekday
Coffee,2017-01-20 12:21:22,Afternoon,Weekday
Scone,2017-01-20 12:21:22,Afternoon,Weekday
Bread,2017-01-20 12:30:11,Afternoon,Weekday
Chicken Stew,2017-01-20 12:30:47,Afternoon,Weekday
Tea,2017-01-20 12:38:14,Afternoon,Weekday
Tea,2017-01-20 12:38:14,Afternoon,Weekday
Coffee,2017-01-20 12:38:14,Afternoon,Weekday
Coffee,2017-01-20 12:46:13,Afternoon,Weekday
Tea,2017-01-20 12:46:13,Afternoon,Weekday
Scone,2017-01-20 12:46:13,Afternoon,Weekday
Cake,2017-01-20 12:50:02,Afternoon,Weekday
Pastry,2017-01-20 12:50:02,Afternoon,Weekday
Farm House,2017-01-20 12:50:02,Afternoon,Weekday
Scandinavian,2017-01-20 12:50:02,Afternoon,Weekday
Smoothies,2017-01-20 13:01:00,Afternoon,Weekday
Muffin,2017-01-20 13:01:00,Afternoon,Weekday
Coffee,2017-01-20 13:11:42,Afternoon,Weekday
Tea,2017-01-20 13:11:42,Afternoon,Weekday
Sandwich,2017-01-20 13:11:42,Afternoon,Weekday
Salad,2017-01-20 13:11:42,Afternoon,Weekday
Sandwich,2017-01-20 13:12:57,Afternoon,Weekday
Truffles,2017-01-20 13:12:57,Afternoon,Weekday
Coffee,2017-01-20 13:16:06,Afternoon,Weekday
Sandwich,2017-01-20 13:16:06,Afternoon,Weekday
Bread,2017-01-20 13:17:18,Afternoon,Weekday
Coffee,2017-01-20 13:17:18,Afternoon,Weekday
Chicken Stew,2017-01-20 13:24:06,Afternoon,Weekday
Bread,2017-01-20 13:47:53,Afternoon,Weekday
Coffee,2017-01-20 13:47:53,Afternoon,Weekday
Bread,2017-01-20 13:47:53,Afternoon,Weekday
Coffee,2017-01-20 13:52:15,Afternoon,Weekday
Coffee,2017-01-20 13:59:01,Afternoon,Weekday
Sandwich,2017-01-20 13:59:01,Afternoon,Weekday
Hot chocolate,2017-01-20 14:02:05,Afternoon,Weekday
Medialuna,2017-01-20 14:15:54,Afternoon,Weekday
Hot chocolate,2017-01-20 14:16:32,Afternoon,Weekday
Coffee,2017-01-20 14:25:12,Afternoon,Weekday
Cake,2017-01-20 14:33:01,Afternoon,Weekday
Coffee,2017-01-20 14:37:52,Afternoon,Weekday
Alfajores,2017-01-20 14:37:52,Afternoon,Weekday
Bread,2017-01-20 14:38:16,Afternoon,Weekday
Coffee,2017-01-20 14:38:16,Afternoon,Weekday
Bread,2017-01-20 14:40:30,Afternoon,Weekday
Bread,2017-01-20 14:47:41,Afternoon,Weekday
Muffin,2017-01-20 14:47:41,Afternoon,Weekday
Coffee,2017-01-20 15:10:34,Afternoon,Weekday
Bread,2017-01-20 15:10:34,Afternoon,Weekday
Coffee,2017-01-20 15:24:30,Afternoon,Weekday
Coffee,2017-01-20 15:24:30,Afternoon,Weekday
Cake,2017-01-20 15:24:30,Afternoon,Weekday
Bread,2017-01-20 15:25:47,Afternoon,Weekday
Muffin,2017-01-20 15:25:47,Afternoon,Weekday
Tea,2017-01-20 15:32:39,Afternoon,Weekday
Tiffin,2017-01-20 15:32:39,Afternoon,Weekday
Coffee,2017-01-20 15:36:48,Afternoon,Weekday
Bread,2017-01-20 15:53:32,Afternoon,Weekday
Sandwich,2017-01-20 15:53:32,Afternoon,Weekday
Tea,2017-01-20 15:53:32,Afternoon,Weekday
Coffee,2017-01-20 15:59:15,Afternoon,Weekday
Pastry,2017-01-20 15:59:15,Afternoon,Weekday
Scandinavian,2017-01-20 16:01:59,Afternoon,Weekday
Medialuna,2017-01-20 16:03:19,Afternoon,Weekday
Vegan mincepie,2017-01-20 16:03:19,Afternoon,Weekday
Juice,2017-01-20 16:03:19,Afternoon,Weekday
Tea,2017-01-20 16:03:19,Afternoon,Weekday
Coffee,2017-01-20 16:08:00,Afternoon,Weekday
Scone,2017-01-20 16:08:00,Afternoon,Weekday
Tea,2017-01-20 16:35:01,Afternoon,Weekday
Brownie,2017-01-20 16:35:01,Afternoon,Weekday
Raspberry shortbread sandwich,2017-01-20 16:35:01,Afternoon,Weekday
Tea,2017-01-20 16:38:59,Afternoon,Weekday
Sandwich,2017-01-20 16:38:59,Afternoon,Weekday
Coffee,2017-01-20 16:48:00,Afternoon,Weekday
Cookies,2017-01-20 16:48:00,Afternoon,Weekday
Cookies,2017-01-20 16:53:40,Afternoon,Weekday
Farm House,2017-01-20 16:54:42,Afternoon,Weekday
Bread,2017-01-20 17:14:21,Evening,Weekday
Bread,2017-01-21 08:54:06,Morning,Weekend
Coffee,2017-01-21 08:56:25,Morning,Weekend
Medialuna,2017-01-21 08:56:25,Morning,Weekend
Coffee,2017-01-21 08:58:47,Morning,Weekend
Pastry,2017-01-21 08:58:47,Morning,Weekend
Coffee,2017-01-21 09:13:38,Morning,Weekend
Medialuna,2017-01-21 09:13:38,Morning,Weekend
Pastry,2017-01-21 09:13:38,Morning,Weekend
Coffee,2017-01-21 09:15:30,Morning,Weekend
Cake,2017-01-21 09:19:34,Morning,Weekend
Medialuna,2017-01-21 09:21:54,Morning,Weekend
Coffee,2017-01-21 09:22:06,Morning,Weekend
Farm House,2017-01-21 09:45:37,Morning,Weekend
Bread,2017-01-21 09:46:51,Morning,Weekend
Brownie,2017-01-21 09:46:51,Morning,Weekend
Brownie,2017-01-21 09:51:20,Morning,Weekend
Coffee,2017-01-21 09:51:20,Morning,Weekend
Scandinavian,2017-01-21 09:57:39,Morning,Weekend
Bread,2017-01-21 09:57:39,Morning,Weekend
Alfajores,2017-01-21 09:57:39,Morning,Weekend
Bread,2017-01-21 09:59:54,Morning,Weekend
Medialuna,2017-01-21 10:14:13,Morning,Weekend
Bread,2017-01-21 10:14:13,Morning,Weekend
Bread,2017-01-21 10:15:30,Morning,Weekend
Pastry,2017-01-21 10:15:30,Morning,Weekend
Coffee,2017-01-21 10:21:09,Morning,Weekend
Scone,2017-01-21 10:28:31,Morning,Weekend
Tea,2017-01-21 10:28:31,Morning,Weekend
Juice,2017-01-21 10:28:31,Morning,Weekend
Medialuna,2017-01-21 10:28:31,Morning,Weekend
Tiffin,2017-01-21 10:30:41,Morning,Weekend
Coffee,2017-01-21 10:30:41,Morning,Weekend
Coffee,2017-01-21 10:38:01,Morning,Weekend
Cake,2017-01-21 10:38:01,Morning,Weekend
Bread,2017-01-21 10:42:13,Morning,Weekend
Scone,2017-01-21 10:42:13,Morning,Weekend
Medialuna,2017-01-21 10:56:31,Morning,Weekend
Coffee,2017-01-21 10:56:31,Morning,Weekend
Coffee,2017-01-21 10:57:40,Morning,Weekend
Spanish Brunch,2017-01-21 10:59:24,Morning,Weekend
Tea,2017-01-21 10:59:24,Morning,Weekend
Alfajores,2017-01-21 10:59:24,Morning,Weekend
Cake,2017-01-21 11:09:24,Morning,Weekend
Coffee,2017-01-21 11:11:50,Morning,Weekend
Coffee,2017-01-21 11:11:50,Morning,Weekend
Toast,2017-01-21 11:11:50,Morning,Weekend
Tiffin,2017-01-21 11:11:50,Morning,Weekend
Brownie,2017-01-21 11:13:09,Morning,Weekend
Pastry,2017-01-21 11:16:02,Morning,Weekend
Afternoon with the baker,2017-01-21 11:19:06,Morning,Weekend
Farm House,2017-01-21 11:32:15,Morning,Weekend
Coffee,2017-01-21 11:35:35,Morning,Weekend
Coffee,2017-01-21 11:35:35,Morning,Weekend
Coke,2017-01-21 11:35:35,Morning,Weekend
Juice,2017-01-21 11:35:35,Morning,Weekend
Cake,2017-01-21 11:35:35,Morning,Weekend
Bread,2017-01-21 11:37:19,Morning,Weekend
Tiffin,2017-01-21 11:37:19,Morning,Weekend
Cookies,2017-01-21 11:37:19,Morning,Weekend
Scone,2017-01-21 11:38:30,Morning,Weekend
Cake,2017-01-21 11:38:30,Morning,Weekend
Coffee,2017-01-21 11:38:30,Morning,Weekend
Coffee,2017-01-21 11:41:03,Morning,Weekend
Coffee,2017-01-21 11:42:20,Morning,Weekend
Coffee,2017-01-21 11:42:20,Morning,Weekend
Alfajores,2017-01-21 11:42:20,Morning,Weekend
Tiffin,2017-01-21 11:42:20,Morning,Weekend
Brownie,2017-01-21 11:42:20,Morning,Weekend
Bread,2017-01-21 11:42:20,Morning,Weekend
Coffee,2017-01-21 11:43:56,Morning,Weekend
Medialuna,2017-01-21 11:43:56,Morning,Weekend
Cake,2017-01-21 11:43:56,Morning,Weekend
Granola,2017-01-21 11:44:43,Morning,Weekend
Coffee,2017-01-21 11:44:43,Morning,Weekend
Cake,2017-01-21 11:49:22,Morning,Weekend
Hot chocolate,2017-01-21 11:49:22,Morning,Weekend
Tea,2017-01-21 11:52:17,Morning,Weekend
Scone,2017-01-21 11:52:17,Morning,Weekend
Tiffin,2017-01-21 11:52:17,Morning,Weekend
Bread,2017-01-21 11:56:56,Morning,Weekend
Tea,2017-01-21 12:02:12,Afternoon,Weekend
Coffee,2017-01-21 12:04:31,Afternoon,Weekend
Bread,2017-01-21 12:04:31,Afternoon,Weekend
Coffee,2017-01-21 12:10:39,Afternoon,Weekend
Coffee,2017-01-21 12:10:39,Afternoon,Weekend
Juice,2017-01-21 12:10:39,Afternoon,Weekend
Cake,2017-01-21 12:10:39,Afternoon,Weekend
Scone,2017-01-21 12:10:39,Afternoon,Weekend
Toast,2017-01-21 12:10:39,Afternoon,Weekend
Jammie Dodgers,2017-01-21 12:12:57,Afternoon,Weekend
Scone,2017-01-21 12:12:57,Afternoon,Weekend
Tiffin,2017-01-21 12:12:57,Afternoon,Weekend
Bread,2017-01-21 12:12:57,Afternoon,Weekend
Hot chocolate,2017-01-21 12:12:57,Afternoon,Weekend
Tea,2017-01-21 12:12:57,Afternoon,Weekend
Coffee,2017-01-21 12:12:57,Afternoon,Weekend
Scandinavian,2017-01-21 12:18:55,Afternoon,Weekend
Afternoon with the baker,2017-01-21 12:32:49,Afternoon,Weekend
Bread,2017-01-21 12:33:34,Afternoon,Weekend
Cookies,2017-01-21 12:34:13,Afternoon,Weekend
Bread,2017-01-21 12:34:58,Afternoon,Weekend
Bread,2017-01-21 12:38:43,Afternoon,Weekend
Spanish Brunch,2017-01-21 12:42:04,Afternoon,Weekend
Coffee,2017-01-21 12:42:04,Afternoon,Weekend
Scandinavian,2017-01-21 12:43:21,Afternoon,Weekend
Scandinavian,2017-01-21 12:45:42,Afternoon,Weekend
Brownie,2017-01-21 12:48:53,Afternoon,Weekend
Scone,2017-01-21 12:48:53,Afternoon,Weekend
Jammie Dodgers,2017-01-21 12:54:23,Afternoon,Weekend
Cake,2017-01-21 12:54:23,Afternoon,Weekend
Sandwich,2017-01-21 13:03:41,Afternoon,Weekend
Hot chocolate,2017-01-21 13:05:08,Afternoon,Weekend
Coffee,2017-01-21 13:07:57,Afternoon,Weekend
Coffee,2017-01-21 13:07:57,Afternoon,Weekend
Coffee,2017-01-21 13:19:18,Afternoon,Weekend
Tea,2017-01-21 13:19:18,Afternoon,Weekend
Sandwich,2017-01-21 13:51:53,Afternoon,Weekend
Cake,2017-01-21 13:51:53,Afternoon,Weekend
Smoothies,2017-01-21 13:51:53,Afternoon,Weekend
Bread,2017-01-21 13:51:53,Afternoon,Weekend
Spanish Brunch,2017-01-21 13:58:18,Afternoon,Weekend
Sandwich,2017-01-21 13:58:18,Afternoon,Weekend
Coffee,2017-01-21 13:58:18,Afternoon,Weekend
Truffles,2017-01-21 13:58:18,Afternoon,Weekend
Cookies,2017-01-21 14:01:32,Afternoon,Weekend
Sandwich,2017-01-21 14:06:03,Afternoon,Weekend
Toast,2017-01-21 14:06:03,Afternoon,Weekend
Tea,2017-01-21 14:06:03,Afternoon,Weekend
Fudge,2017-01-21 14:06:03,Afternoon,Weekend
Coffee,2017-01-21 14:06:56,Afternoon,Weekend
Jammie Dodgers,2017-01-21 14:06:56,Afternoon,Weekend
Cake,2017-01-21 14:07:24,Afternoon,Weekend
Jammie Dodgers,2017-01-21 14:07:24,Afternoon,Weekend
Frittata,2017-01-21 14:10:41,Afternoon,Weekend
Bread,2017-01-21 14:10:41,Afternoon,Weekend
Coffee,2017-01-21 14:30:51,Afternoon,Weekend
Afternoon with the baker,2017-01-21 14:35:44,Afternoon,Weekend
Raspberry shortbread sandwich,2017-01-21 14:37:19,Afternoon,Weekend
Bread,2017-01-21 14:37:19,Afternoon,Weekend
Coffee,2017-01-21 14:37:19,Afternoon,Weekend
Sandwich,2017-01-21 14:39:52,Afternoon,Weekend
Extra Salami or Feta,2017-01-21 14:39:52,Afternoon,Weekend
Tea,2017-01-21 14:39:52,Afternoon,Weekend
Bread,2017-01-21 14:39:52,Afternoon,Weekend
Cake,2017-01-21 14:39:52,Afternoon,Weekend
Tea,2017-01-21 14:42:25,Afternoon,Weekend
Duck egg,2017-01-21 14:42:25,Afternoon,Weekend
Scandinavian,2017-01-21 14:56:19,Afternoon,Weekend
Coffee,2017-01-21 14:59:34,Afternoon,Weekend
Hot chocolate,2017-01-21 14:59:34,Afternoon,Weekend
Brownie,2017-01-21 14:59:34,Afternoon,Weekend
Spanish Brunch,2017-01-21 15:02:44,Afternoon,Weekend
Bread,2017-01-21 15:02:44,Afternoon,Weekend
Bread,2017-01-21 15:11:10,Afternoon,Weekend
Coffee,2017-01-21 15:11:10,Afternoon,Weekend
Jam,2017-01-21 15:13:26,Afternoon,Weekend
Coffee,2017-01-21 15:23:33,Afternoon,Weekend
Frittata,2017-01-21 15:23:33,Afternoon,Weekend
Scone,2017-01-21 15:23:33,Afternoon,Weekend
Coffee,2017-01-21 15:25:19,Afternoon,Weekend
Coffee,2017-01-21 15:25:19,Afternoon,Weekend
Cake,2017-01-21 15:25:19,Afternoon,Weekend
Bread,2017-01-21 15:25:19,Afternoon,Weekend
Coffee,2017-01-21 15:26:25,Afternoon,Weekend
Hot chocolate,2017-01-21 15:26:25,Afternoon,Weekend
Cake,2017-01-21 15:26:25,Afternoon,Weekend
Brownie,2017-01-21 15:26:25,Afternoon,Weekend
Extra Salami or Feta,2017-01-21 15:26:25,Afternoon,Weekend
Fudge,2017-01-21 15:37:34,Afternoon,Weekend
Coffee,2017-01-21 15:39:58,Afternoon,Weekend
Hot chocolate,2017-01-21 15:41:52,Afternoon,Weekend
Bread,2017-01-21 15:41:52,Afternoon,Weekend
Scone,2017-01-21 15:41:52,Afternoon,Weekend
Cake,2017-01-21 15:49:35,Afternoon,Weekend
Bread,2017-01-21 15:53:29,Afternoon,Weekend
Bread,2017-01-21 15:53:29,Afternoon,Weekend
Frittata,2017-01-21 15:53:29,Afternoon,Weekend
Coffee,2017-01-21 15:55:02,Afternoon,Weekend
Bread,2017-01-21 15:55:02,Afternoon,Weekend
Brownie,2017-01-21 16:00:20,Afternoon,Weekend
Cake,2017-01-21 16:06:43,Afternoon,Weekend
Muffin,2017-01-21 16:06:43,Afternoon,Weekend
Cake,2017-01-21 16:07:07,Afternoon,Weekend
Hot chocolate,2017-01-21 16:07:57,Afternoon,Weekend
Coffee,2017-01-21 16:07:57,Afternoon,Weekend
Tea,2017-01-21 16:13:18,Afternoon,Weekend
Frittata,2017-01-21 16:13:18,Afternoon,Weekend
Coffee,2017-01-21 16:38:29,Afternoon,Weekend
Tea,2017-01-21 16:41:57,Afternoon,Weekend
Hot chocolate,2017-01-21 16:41:57,Afternoon,Weekend
Juice,2017-01-21 16:41:57,Afternoon,Weekend
Cookies,2017-01-21 16:41:57,Afternoon,Weekend
Cake,2017-01-21 16:45:46,Afternoon,Weekend
Bread,2017-01-21 16:45:46,Afternoon,Weekend
Hot chocolate,2017-01-21 16:45:46,Afternoon,Weekend
Bread,2017-01-22 09:16:09,Morning,Weekend
Scone,2017-01-22 09:24:34,Morning,Weekend
Cookies,2017-01-22 09:24:34,Morning,Weekend
Coffee,2017-01-22 09:24:34,Morning,Weekend
Juice,2017-01-22 09:24:34,Morning,Weekend
Coffee,2017-01-22 09:36:25,Morning,Weekend
Coffee,2017-01-22 09:36:25,Morning,Weekend
Brownie,2017-01-22 09:36:25,Morning,Weekend
Scone,2017-01-22 09:36:25,Morning,Weekend
Coffee,2017-01-22 09:39:38,Morning,Weekend
Tea,2017-01-22 09:49:34,Morning,Weekend
Raspberry shortbread sandwich,2017-01-22 09:49:34,Morning,Weekend
Afternoon with the baker,2017-01-22 09:55:12,Morning,Weekend
Hot chocolate,2017-01-22 09:57:56,Morning,Weekend
Coffee,2017-01-22 09:57:56,Morning,Weekend
Tea,2017-01-22 09:57:56,Morning,Weekend
Alfajores,2017-01-22 09:57:56,Morning,Weekend
Pastry,2017-01-22 09:57:56,Morning,Weekend
Tiffin,2017-01-22 09:57:56,Morning,Weekend
Coffee,2017-01-22 10:02:30,Morning,Weekend
Medialuna,2017-01-22 10:02:30,Morning,Weekend
Toast,2017-01-22 10:04:57,Morning,Weekend
Coffee,2017-01-22 10:04:57,Morning,Weekend
Coffee,2017-01-22 10:05:50,Morning,Weekend
Coffee,2017-01-22 10:11:11,Morning,Weekend
Coffee,2017-01-22 10:11:11,Morning,Weekend
Toast,2017-01-22 10:11:11,Morning,Weekend
Coffee,2017-01-22 10:12:21,Morning,Weekend
Bread,2017-01-22 10:14:33,Morning,Weekend
Coffee,2017-01-22 10:14:33,Morning,Weekend
Bread,2017-01-22 10:14:33,Morning,Weekend
Bread,2017-01-22 10:15:31,Morning,Weekend
Eggs,2017-01-22 10:15:31,Morning,Weekend
Bread,2017-01-22 10:33:02,Morning,Weekend
Bread,2017-01-22 10:50:37,Morning,Weekend
Bread,2017-01-22 10:50:37,Morning,Weekend
Coffee,2017-01-22 10:50:37,Morning,Weekend
Scone,2017-01-22 10:50:37,Morning,Weekend
Frittata,2017-01-22 10:50:37,Morning,Weekend
Medialuna,2017-01-22 10:50:57,Morning,Weekend
Bread,2017-01-22 10:51:49,Morning,Weekend
Coffee,2017-01-22 10:53:59,Morning,Weekend
Bread,2017-01-22 10:53:59,Morning,Weekend
Bread,2017-01-22 10:53:59,Morning,Weekend
Coffee,2017-01-22 10:55:02,Morning,Weekend
Coffee,2017-01-22 10:55:02,Morning,Weekend
Toast,2017-01-22 10:55:02,Morning,Weekend
Medialuna,2017-01-22 11:05:15,Morning,Weekend
Scone,2017-01-22 11:14:07,Morning,Weekend
Tea,2017-01-22 11:18:42,Morning,Weekend
Coffee,2017-01-22 11:18:42,Morning,Weekend
Toast,2017-01-22 11:18:42,Morning,Weekend
Bread,2017-01-22 11:18:42,Morning,Weekend
Bread,2017-01-22 11:23:59,Morning,Weekend
Alfajores,2017-01-22 11:23:59,Morning,Weekend
Coffee,2017-01-22 11:27:35,Morning,Weekend
Cake,2017-01-22 11:27:35,Morning,Weekend
Coffee,2017-01-22 11:35:39,Morning,Weekend
Cake,2017-01-22 11:35:39,Morning,Weekend
Bread,2017-01-22 11:35:39,Morning,Weekend
Bread,2017-01-22 11:37:07,Morning,Weekend
Coffee,2017-01-22 11:37:07,Morning,Weekend
Tea,2017-01-22 11:37:07,Morning,Weekend
Hot chocolate,2017-01-22 11:39:21,Morning,Weekend
Cake,2017-01-22 11:39:21,Morning,Weekend
Bread,2017-01-22 11:39:21,Morning,Weekend
Tea,2017-01-22 11:41:21,Morning,Weekend
Alfajores,2017-01-22 12:02:26,Afternoon,Weekend
Coffee,2017-01-22 12:02:26,Afternoon,Weekend
Hot chocolate,2017-01-22 12:04:02,Afternoon,Weekend
Coffee,2017-01-22 12:04:02,Afternoon,Weekend
Hot chocolate,2017-01-22 12:10:06,Afternoon,Weekend
Smoothies,2017-01-22 12:10:06,Afternoon,Weekend
The Nomad,2017-01-22 12:10:06,Afternoon,Weekend
Bread,2017-01-22 12:10:06,Afternoon,Weekend
Afternoon with the baker,2017-01-22 12:10:06,Afternoon,Weekend
Tea,2017-01-22 12:10:39,Afternoon,Weekend
Bread,2017-01-22 12:17:51,Afternoon,Weekend
Jammie Dodgers,2017-01-22 12:28:35,Afternoon,Weekend
The Nomad,2017-01-22 12:35:47,Afternoon,Weekend
Juice,2017-01-22 12:35:47,Afternoon,Weekend
Coffee,2017-01-22 12:35:47,Afternoon,Weekend
Coffee,2017-01-22 12:35:47,Afternoon,Weekend
Bread,2017-01-22 12:44:35,Afternoon,Weekend
Scone,2017-01-22 12:44:35,Afternoon,Weekend
Pastry,2017-01-22 12:44:35,Afternoon,Weekend
Cake,2017-01-22 12:44:35,Afternoon,Weekend
Bread,2017-01-22 12:44:35,Afternoon,Weekend
Coffee,2017-01-22 12:53:10,Afternoon,Weekend
Scone,2017-01-22 12:53:10,Afternoon,Weekend
Sandwich,2017-01-22 12:53:10,Afternoon,Weekend
Coffee,2017-01-22 12:55:28,Afternoon,Weekend
Cake,2017-01-22 12:55:28,Afternoon,Weekend
Pastry,2017-01-22 12:55:28,Afternoon,Weekend
Tea,2017-01-22 12:58:16,Afternoon,Weekend
Cookies,2017-01-22 12:58:16,Afternoon,Weekend
Soup,2017-01-22 12:58:16,Afternoon,Weekend
Hot chocolate,2017-01-22 13:00:21,Afternoon,Weekend
Bread,2017-01-22 13:00:21,Afternoon,Weekend
Cake,2017-01-22 13:00:21,Afternoon,Weekend
Jammie Dodgers,2017-01-22 13:00:21,Afternoon,Weekend
Soup,2017-01-22 13:00:45,Afternoon,Weekend
Salad,2017-01-22 13:01:46,Afternoon,Weekend
Pastry,2017-01-22 13:08:28,Afternoon,Weekend
Frittata,2017-01-22 13:08:28,Afternoon,Weekend
Bread,2017-01-22 13:12:08,Afternoon,Weekend
Alfajores,2017-01-22 13:20:11,Afternoon,Weekend
Jammie Dodgers,2017-01-22 13:20:11,Afternoon,Weekend
Cake,2017-01-22 13:20:11,Afternoon,Weekend
Tiffin,2017-01-22 13:20:11,Afternoon,Weekend
Cake,2017-01-22 13:20:11,Afternoon,Weekend
Soup,2017-01-22 13:38:58,Afternoon,Weekend
Salad,2017-01-22 13:38:58,Afternoon,Weekend
Extra Salami or Feta,2017-01-22 13:38:58,Afternoon,Weekend
Sandwich,2017-01-22 13:38:58,Afternoon,Weekend
Coffee,2017-01-22 13:38:58,Afternoon,Weekend
Coffee,2017-01-22 13:38:58,Afternoon,Weekend
Coffee,2017-01-22 13:38:58,Afternoon,Weekend
Coffee,2017-01-22 13:42:37,Afternoon,Weekend
Coffee,2017-01-22 13:42:37,Afternoon,Weekend
Alfajores,2017-01-22 13:42:37,Afternoon,Weekend
Cake,2017-01-22 14:03:14,Afternoon,Weekend
Tea,2017-01-22 14:07:08,Afternoon,Weekend
Tea,2017-01-22 14:07:08,Afternoon,Weekend
Smoothies,2017-01-22 14:13:13,Afternoon,Weekend
Tea,2017-01-22 14:13:13,Afternoon,Weekend
Hot chocolate,2017-01-22 14:13:13,Afternoon,Weekend
Jammie Dodgers,2017-01-22 14:13:13,Afternoon,Weekend
Coffee,2017-01-22 14:15:06,Afternoon,Weekend
Bread,2017-01-22 14:15:06,Afternoon,Weekend
Toast,2017-01-22 14:37:46,Afternoon,Weekend
Soup,2017-01-22 14:37:46,Afternoon,Weekend
Coffee,2017-01-22 14:37:46,Afternoon,Weekend
Juice,2017-01-22 14:37:46,Afternoon,Weekend
Alfajores,2017-01-22 14:40:43,Afternoon,Weekend
Coffee,2017-01-22 14:40:43,Afternoon,Weekend
Bread,2017-01-22 14:40:43,Afternoon,Weekend
Coffee,2017-01-22 14:41:39,Afternoon,Weekend
Coffee,2017-01-22 14:41:39,Afternoon,Weekend
Spanish Brunch,2017-01-22 14:41:39,Afternoon,Weekend
Duck egg,2017-01-22 14:41:39,Afternoon,Weekend
Soup,2017-01-22 14:49:34,Afternoon,Weekend
Coffee,2017-01-22 14:49:34,Afternoon,Weekend
Cake,2017-01-22 14:49:34,Afternoon,Weekend
Coffee,2017-01-22 14:50:10,Afternoon,Weekend
Sandwich,2017-01-22 15:10:22,Afternoon,Weekend
Coffee,2017-01-22 15:11:15,Afternoon,Weekend
Coffee,2017-01-22 15:11:15,Afternoon,Weekend
Sandwich,2017-01-22 15:11:15,Afternoon,Weekend
Sandwich,2017-01-22 15:11:15,Afternoon,Weekend
Tea,2017-01-22 15:24:56,Afternoon,Weekend
Toast,2017-01-22 15:24:56,Afternoon,Weekend
Coffee,2017-01-22 15:26:24,Afternoon,Weekend
Truffles,2017-01-22 15:28:48,Afternoon,Weekend
Juice,2017-01-22 15:28:48,Afternoon,Weekend
Bread,2017-01-22 15:28:48,Afternoon,Weekend
Jammie Dodgers,2017-01-22 15:28:48,Afternoon,Weekend
Cake,2017-01-22 15:28:48,Afternoon,Weekend
Medialuna,2017-01-22 15:28:48,Afternoon,Weekend
Coffee,2017-01-22 15:46:28,Afternoon,Weekend
Jammie Dodgers,2017-01-22 15:46:28,Afternoon,Weekend
Bread,2017-01-22 15:57:40,Afternoon,Weekend
Smoothies,2017-01-22 15:59:33,Afternoon,Weekend
Tea,2017-01-22 15:59:33,Afternoon,Weekend
Bread,2017-01-22 15:59:33,Afternoon,Weekend
Fudge,2017-01-22 15:59:33,Afternoon,Weekend
Bread,2017-01-23 08:50:03,Morning,Weekday
Bread,2017-01-23 08:59:12,Morning,Weekday
Coffee,2017-01-23 09:04:48,Morning,Weekday
Coffee,2017-01-23 09:04:48,Morning,Weekday
Coffee,2017-01-23 09:05:38,Morning,Weekday
Hot chocolate,2017-01-23 09:40:59,Morning,Weekday
Toast,2017-01-23 09:40:59,Morning,Weekday
Tea,2017-01-23 09:43:35,Morning,Weekday
Hot chocolate,2017-01-23 09:43:35,Morning,Weekday
Sandwich,2017-01-23 09:43:35,Morning,Weekday
Tea,2017-01-23 10:33:31,Morning,Weekday
Coffee,2017-01-23 10:33:31,Morning,Weekday
Hot chocolate,2017-01-23 10:33:31,Morning,Weekday
Cake,2017-01-23 11:17:31,Morning,Weekday
Coffee,2017-01-23 11:28:27,Morning,Weekday
Coffee,2017-01-23 11:28:27,Morning,Weekday
Toast,2017-01-23 11:28:27,Morning,Weekday
Extra Salami or Feta,2017-01-23 11:28:27,Morning,Weekday
Cake,2017-01-23 11:28:27,Morning,Weekday
Bread,2017-01-23 11:32:40,Morning,Weekday
Coffee,2017-01-23 11:32:40,Morning,Weekday
Pastry,2017-01-23 11:32:40,Morning,Weekday
Coffee,2017-01-23 11:52:35,Morning,Weekday
Toast,2017-01-23 11:52:35,Morning,Weekday
Sandwich,2017-01-23 12:18:34,Afternoon,Weekday
Bread,2017-01-23 12:18:34,Afternoon,Weekday
Coffee,2017-01-23 12:19:52,Afternoon,Weekday
Sandwich,2017-01-23 12:30:13,Afternoon,Weekday
Cake,2017-01-23 12:30:13,Afternoon,Weekday
Hot chocolate,2017-01-23 12:30:13,Afternoon,Weekday
Farm House,2017-01-23 12:32:19,Afternoon,Weekday
Pastry,2017-01-23 12:32:19,Afternoon,Weekday
Coffee,2017-01-23 12:33:14,Afternoon,Weekday
Soup,2017-01-23 12:33:14,Afternoon,Weekday
Soup,2017-01-23 12:37:16,Afternoon,Weekday
Bread,2017-01-23 12:37:16,Afternoon,Weekday
Tea,2017-01-23 12:42:18,Afternoon,Weekday
Tea,2017-01-23 12:42:18,Afternoon,Weekday
Cake,2017-01-23 12:45:14,Afternoon,Weekday
Frittata,2017-01-23 12:45:14,Afternoon,Weekday
Tea,2017-01-23 12:47:22,Afternoon,Weekday
Coffee,2017-01-23 12:47:22,Afternoon,Weekday
Cake,2017-01-23 12:47:22,Afternoon,Weekday
Cookies,2017-01-23 12:55:14,Afternoon,Weekday
Cake,2017-01-23 12:55:14,Afternoon,Weekday
Tea,2017-01-23 12:55:51,Afternoon,Weekday
Cake,2017-01-23 12:55:51,Afternoon,Weekday
Cake,2017-01-23 12:55:51,Afternoon,Weekday
Cake,2017-01-23 12:57:59,Afternoon,Weekday
Cookies,2017-01-23 13:01:44,Afternoon,Weekday
Cake,2017-01-23 13:06:52,Afternoon,Weekday
Cookies,2017-01-23 13:06:52,Afternoon,Weekday
Sandwich,2017-01-23 13:06:52,Afternoon,Weekday
Soup,2017-01-23 13:06:52,Afternoon,Weekday
Coffee,2017-01-23 13:06:52,Afternoon,Weekday
Tea,2017-01-23 13:06:52,Afternoon,Weekday
Tea,2017-01-23 13:08:49,Afternoon,Weekday
Cookies,2017-01-23 13:08:49,Afternoon,Weekday
Bread,2017-01-23 13:28:37,Afternoon,Weekday
Sandwich,2017-01-23 13:42:43,Afternoon,Weekday
Sandwich,2017-01-23 13:42:43,Afternoon,Weekday
Coke,2017-01-23 13:42:43,Afternoon,Weekday
Cake,2017-01-23 13:42:43,Afternoon,Weekday
Crisps,2017-01-23 13:42:43,Afternoon,Weekday
Coffee,2017-01-23 13:44:04,Afternoon,Weekday
Soup,2017-01-23 13:44:04,Afternoon,Weekday
Spanish Brunch,2017-01-23 13:50:22,Afternoon,Weekday
Tea,2017-01-23 13:50:22,Afternoon,Weekday
Bread,2017-01-23 13:50:22,Afternoon,Weekday
Cake,2017-01-23 13:50:22,Afternoon,Weekday
Coffee,2017-01-23 13:51:56,Afternoon,Weekday
Bread,2017-01-23 13:55:28,Afternoon,Weekday
Coffee,2017-01-23 14:08:42,Afternoon,Weekday
Coffee,2017-01-23 14:12:06,Afternoon,Weekday
Coffee,2017-01-23 14:22:59,Afternoon,Weekday
Bread,2017-01-23 14:22:59,Afternoon,Weekday
Bread,2017-01-23 14:57:54,Afternoon,Weekday
Coffee,2017-01-23 14:57:54,Afternoon,Weekday
Cake,2017-01-23 14:57:54,Afternoon,Weekday
Coffee,2017-01-23 15:04:17,Afternoon,Weekday
Coffee,2017-01-23 15:04:17,Afternoon,Weekday
Medialuna,2017-01-23 15:04:17,Afternoon,Weekday
Cake,2017-01-23 15:14:50,Afternoon,Weekday
Soup,2017-01-23 15:25:23,Afternoon,Weekday
Coffee,2017-01-23 15:25:23,Afternoon,Weekday
Coffee,2017-01-23 15:25:23,Afternoon,Weekday
Coffee,2017-01-23 15:25:23,Afternoon,Weekday
Cake,2017-01-23 15:25:23,Afternoon,Weekday
Alfajores,2017-01-23 15:33:08,Afternoon,Weekday
Coffee,2017-01-23 15:33:08,Afternoon,Weekday
Coffee,2017-01-23 15:46:26,Afternoon,Weekday
Chicken Stew,2017-01-23 15:46:26,Afternoon,Weekday
Juice,2017-01-23 15:46:26,Afternoon,Weekday
Coffee,2017-01-23 16:14:49,Afternoon,Weekday
Hot chocolate,2017-01-23 16:14:49,Afternoon,Weekday
Cake,2017-01-23 16:14:49,Afternoon,Weekday
Cookies,2017-01-23 16:18:06,Afternoon,Weekday
Hot chocolate,2017-01-23 16:18:06,Afternoon,Weekday
Tea,2017-01-23 16:18:06,Afternoon,Weekday
Toast,2017-01-23 16:18:06,Afternoon,Weekday
Coffee,2017-01-23 16:39:19,Afternoon,Weekday
Hot chocolate,2017-01-23 16:40:15,Afternoon,Weekday
Coffee,2017-01-23 16:40:15,Afternoon,Weekday
Coffee,2017-01-23 16:40:15,Afternoon,Weekday
Cake,2017-01-23 16:40:15,Afternoon,Weekday
Cookies,2017-01-23 16:40:15,Afternoon,Weekday
Hot chocolate,2017-01-23 16:51:22,Afternoon,Weekday
Cake,2017-01-23 16:51:22,Afternoon,Weekday
Bread,2017-01-24 08:39:40,Morning,Weekday
Bread,2017-01-24 08:42:04,Morning,Weekday
Bread,2017-01-24 08:43:45,Morning,Weekday
Coffee,2017-01-24 09:07:46,Morning,Weekday
Coffee,2017-01-24 09:07:46,Morning,Weekday
Pastry,2017-01-24 09:07:46,Morning,Weekday
Coffee,2017-01-24 09:11:49,Morning,Weekday
Coffee,2017-01-24 09:14:31,Morning,Weekday
Scandinavian,2017-01-24 09:14:31,Morning,Weekday
Focaccia,2017-01-24 09:14:31,Morning,Weekday
Bread,2017-01-24 09:20:01,Morning,Weekday
Coffee,2017-01-24 10:00:27,Morning,Weekday
Coffee,2017-01-24 10:00:27,Morning,Weekday
Coffee,2017-01-24 10:24:39,Morning,Weekday
Coffee,2017-01-24 10:42:30,Morning,Weekday
Coffee,2017-01-24 10:50:03,Morning,Weekday
Bread,2017-01-24 10:53:31,Morning,Weekday
Cookies,2017-01-24 10:53:31,Morning,Weekday
Scandinavian,2017-01-24 11:04:34,Morning,Weekday
Scandinavian,2017-01-24 11:04:50,Morning,Weekday
Scandinavian,2017-01-24 11:05:16,Morning,Weekday
Farm House,2017-01-24 11:13:35,Morning,Weekday
Coffee,2017-01-24 11:16:05,Morning,Weekday
Coffee,2017-01-24 11:16:05,Morning,Weekday
Bread,2017-01-24 11:19:40,Morning,Weekday
Farm House,2017-01-24 11:21:10,Morning,Weekday
Coffee,2017-01-24 11:36:46,Morning,Weekday
Vegan mincepie,2017-01-24 11:36:46,Morning,Weekday
Coffee,2017-01-24 11:37:26,Morning,Weekday
Coffee,2017-01-24 11:38:40,Morning,Weekday
Medialuna,2017-01-24 11:38:40,Morning,Weekday
Bread,2017-01-24 11:38:40,Morning,Weekday
Muffin,2017-01-24 11:53:30,Morning,Weekday
Pastry,2017-01-24 11:53:30,Morning,Weekday
Coffee,2017-01-24 11:53:30,Morning,Weekday
Tea,2017-01-24 11:53:30,Morning,Weekday
Cake,2017-01-24 11:56:21,Morning,Weekday
Chicken Stew,2017-01-24 12:00:44,Afternoon,Weekday
Tea,2017-01-24 12:06:22,Afternoon,Weekday
Soup,2017-01-24 12:09:12,Afternoon,Weekday
Bread,2017-01-24 12:13:47,Afternoon,Weekday
Coffee,2017-01-24 12:13:47,Afternoon,Weekday
Salad,2017-01-24 12:13:47,Afternoon,Weekday
Spanish Brunch,2017-01-24 12:13:47,Afternoon,Weekday
Coke,2017-01-24 12:15:57,Afternoon,Weekday
Tea,2017-01-24 12:20:17,Afternoon,Weekday
Chicken Stew,2017-01-24 12:24:28,Afternoon,Weekday
Bread,2017-01-24 12:30:06,Afternoon,Weekday
Tea,2017-01-24 12:38:10,Afternoon,Weekday
Coffee,2017-01-24 12:38:10,Afternoon,Weekday
Soup,2017-01-24 12:38:10,Afternoon,Weekday
Art Tray,2017-01-24 12:38:10,Afternoon,Weekday
Bread,2017-01-24 12:43:10,Afternoon,Weekday
Focaccia,2017-01-24 12:43:10,Afternoon,Weekday
Medialuna,2017-01-24 12:43:10,Afternoon,Weekday
Cookies,2017-01-24 12:43:10,Afternoon,Weekday
Coffee,2017-01-24 12:43:10,Afternoon,Weekday
Bread,2017-01-24 12:46:40,Afternoon,Weekday
Soup,2017-01-24 13:06:26,Afternoon,Weekday
Chicken Stew,2017-01-24 13:14:04,Afternoon,Weekday
Art Tray,2017-01-24 13:14:04,Afternoon,Weekday
Pastry,2017-01-24 13:14:04,Afternoon,Weekday
Truffles,2017-01-24 13:14:04,Afternoon,Weekday
Coffee,2017-01-24 13:14:04,Afternoon,Weekday
Coke,2017-01-24 13:14:04,Afternoon,Weekday
Bread,2017-01-24 13:14:04,Afternoon,Weekday
Bread,2017-01-24 13:17:08,Afternoon,Weekday
Focaccia,2017-01-24 13:17:08,Afternoon,Weekday
Frittata,2017-01-24 13:23:30,Afternoon,Weekday
Tea,2017-01-24 13:23:30,Afternoon,Weekday
Coffee,2017-01-24 13:24:11,Afternoon,Weekday
Chicken Stew,2017-01-24 13:24:11,Afternoon,Weekday
Art Tray,2017-01-24 13:24:11,Afternoon,Weekday
Bread,2017-01-24 13:27:14,Afternoon,Weekday
Scandinavian,2017-01-24 13:27:14,Afternoon,Weekday
Tea,2017-01-24 13:32:41,Afternoon,Weekday
Tea,2017-01-24 13:32:41,Afternoon,Weekday
Spanish Brunch,2017-01-24 13:32:41,Afternoon,Weekday
Salad,2017-01-24 13:32:41,Afternoon,Weekday
Cake,2017-01-24 13:45:20,Afternoon,Weekday
Coffee,2017-01-24 13:50:03,Afternoon,Weekday
Coffee,2017-01-24 13:50:03,Afternoon,Weekday
Hot chocolate,2017-01-24 13:50:03,Afternoon,Weekday
Spanish Brunch,2017-01-24 13:52:19,Afternoon,Weekday
Juice,2017-01-24 13:52:19,Afternoon,Weekday
Truffles,2017-01-24 13:52:19,Afternoon,Weekday
Coffee,2017-01-24 14:07:30,Afternoon,Weekday
Pastry,2017-01-24 14:07:30,Afternoon,Weekday
Cake,2017-01-24 14:12:09,Afternoon,Weekday
Fudge,2017-01-24 14:20:26,Afternoon,Weekday
Sandwich,2017-01-24 14:20:26,Afternoon,Weekday
Muffin,2017-01-24 14:25:51,Afternoon,Weekday
Cookies,2017-01-24 14:25:51,Afternoon,Weekday
Bread,2017-01-24 14:49:06,Afternoon,Weekday
Bread,2017-01-24 14:49:06,Afternoon,Weekday
Coffee,2017-01-24 15:03:50,Afternoon,Weekday
Coffee,2017-01-24 15:08:15,Afternoon,Weekday
Cake,2017-01-24 15:08:15,Afternoon,Weekday
Tea,2017-01-24 15:25:59,Afternoon,Weekday
Chicken Stew,2017-01-24 15:25:59,Afternoon,Weekday
Bread,2017-01-24 16:08:34,Afternoon,Weekday
Coffee,2017-01-24 16:08:34,Afternoon,Weekday
Cake,2017-01-24 16:08:34,Afternoon,Weekday
Bread,2017-01-24 16:18:26,Afternoon,Weekday
Cake,2017-01-24 16:18:26,Afternoon,Weekday
Bread,2017-01-24 16:23:30,Afternoon,Weekday
Coffee,2017-01-24 16:29:59,Afternoon,Weekday
Bread,2017-01-24 16:29:59,Afternoon,Weekday
Coffee,2017-01-24 16:40:25,Afternoon,Weekday
Pastry,2017-01-24 16:40:25,Afternoon,Weekday
Tea,2017-01-24 17:09:22,Evening,Weekday
Cake,2017-01-24 17:09:22,Evening,Weekday
Bread,2017-01-25 08:40:22,Morning,Weekday
Bread,2017-01-25 08:47:35,Morning,Weekday
Coffee,2017-01-25 08:50:09,Morning,Weekday
Toast,2017-01-25 08:50:09,Morning,Weekday
Coffee,2017-01-25 08:53:10,Morning,Weekday
Bread,2017-01-25 09:21:23,Morning,Weekday
Medialuna,2017-01-25 09:21:23,Morning,Weekday
Eggs,2017-01-25 09:44:21,Morning,Weekday
Coffee,2017-01-25 09:44:21,Morning,Weekday
Pastry,2017-01-25 09:44:21,Morning,Weekday
Coffee,2017-01-25 09:47:20,Morning,Weekday
Scandinavian,2017-01-25 10:51:33,Morning,Weekday
Cookies,2017-01-25 10:51:33,Morning,Weekday
Bread,2017-01-25 10:53:47,Morning,Weekday
Bread,2017-01-25 10:54:16,Morning,Weekday
Bread,2017-01-25 10:59:58,Morning,Weekday
Medialuna,2017-01-25 11:18:57,Morning,Weekday
Farm House,2017-01-25 11:26:57,Morning,Weekday
Baguette,2017-01-25 11:27:35,Morning,Weekday
Bread,2017-01-25 11:27:35,Morning,Weekday
Bread,2017-01-25 11:30:48,Morning,Weekday
Baguette,2017-01-25 11:31:22,Morning,Weekday
Soup,2017-01-25 12:05:55,Afternoon,Weekday
Tea,2017-01-25 12:11:15,Afternoon,Weekday
Coffee,2017-01-25 12:36:55,Afternoon,Weekday
Tea,2017-01-25 12:36:55,Afternoon,Weekday
Cookies,2017-01-25 12:36:55,Afternoon,Weekday
Pastry,2017-01-25 12:36:55,Afternoon,Weekday
Bread,2017-01-25 12:41:54,Afternoon,Weekday
Bread,2017-01-25 12:43:26,Afternoon,Weekday
Coffee,2017-01-25 12:49:57,Afternoon,Weekday
Tea,2017-01-25 12:49:57,Afternoon,Weekday
Sandwich,2017-01-25 12:49:57,Afternoon,Weekday
Chicken Stew,2017-01-25 12:49:57,Afternoon,Weekday
Sandwich,2017-01-25 12:54:33,Afternoon,Weekday
Coffee,2017-01-25 12:54:33,Afternoon,Weekday
Coke,2017-01-25 12:54:33,Afternoon,Weekday
Sandwich,2017-01-25 12:56:43,Afternoon,Weekday
Sandwich,2017-01-25 12:57:19,Afternoon,Weekday
Coffee,2017-01-25 13:07:08,Afternoon,Weekday
Bread,2017-01-25 13:49:32,Afternoon,Weekday
Sandwich,2017-01-25 13:54:04,Afternoon,Weekday
Tea,2017-01-25 13:54:04,Afternoon,Weekday
Coffee,2017-01-25 13:54:04,Afternoon,Weekday
Hot chocolate,2017-01-25 14:10:42,Afternoon,Weekday
Bread,2017-01-25 14:10:42,Afternoon,Weekday
Tea,2017-01-25 14:38:01,Afternoon,Weekday
The Nomad,2017-01-25 14:38:01,Afternoon,Weekday
Cake,2017-01-25 14:38:01,Afternoon,Weekday
Bread,2017-01-25 14:39:20,Afternoon,Weekday
Tea,2017-01-25 14:39:20,Afternoon,Weekday
Soup,2017-01-25 14:39:20,Afternoon,Weekday
Tea,2017-01-25 14:41:12,Afternoon,Weekday
Soup,2017-01-25 14:41:12,Afternoon,Weekday
Sandwich,2017-01-25 14:41:12,Afternoon,Weekday
Medialuna,2017-01-25 14:41:12,Afternoon,Weekday
Coffee,2017-01-25 14:57:13,Afternoon,Weekday
Tea,2017-01-25 14:57:13,Afternoon,Weekday
Cake,2017-01-25 14:57:13,Afternoon,Weekday
Sandwich,2017-01-25 14:59:34,Afternoon,Weekday
Tea,2017-01-25 15:18:15,Afternoon,Weekday
Coke,2017-01-25 15:19:30,Afternoon,Weekday
Bread,2017-01-25 15:21:05,Afternoon,Weekday
Tea,2017-01-25 15:28:08,Afternoon,Weekday
Juice,2017-01-25 15:29:12,Afternoon,Weekday
Cake,2017-01-25 15:29:12,Afternoon,Weekday
Cake,2017-01-25 15:58:59,Afternoon,Weekday
Coffee,2017-01-25 15:58:59,Afternoon,Weekday
Muffin,2017-01-25 16:33:26,Afternoon,Weekday
Bread,2017-01-26 08:45:53,Morning,Weekday
Bread,2017-01-26 08:54:18,Morning,Weekday
Medialuna,2017-01-26 08:54:18,Morning,Weekday
Tea,2017-01-26 09:15:45,Morning,Weekday
Bread,2017-01-26 09:36:34,Morning,Weekday
Coffee,2017-01-26 09:36:34,Morning,Weekday
Bread,2017-01-26 09:36:58,Morning,Weekday
Farm House,2017-01-26 09:48:21,Morning,Weekday
Bread,2017-01-26 09:49:49,Morning,Weekday
Coffee,2017-01-26 09:49:49,Morning,Weekday
Tea,2017-01-26 09:49:49,Morning,Weekday
Cookies,2017-01-26 09:49:49,Morning,Weekday
Hot chocolate,2017-01-26 09:49:49,Morning,Weekday
Coffee,2017-01-26 09:51:47,Morning,Weekday
Coffee,2017-01-26 10:40:06,Morning,Weekday
Bread,2017-01-26 10:46:25,Morning,Weekday
Muffin,2017-01-26 10:46:25,Morning,Weekday
Coffee,2017-01-26 10:46:25,Morning,Weekday
Muffin,2017-01-26 11:00:04,Morning,Weekday
Cookies,2017-01-26 11:05:37,Morning,Weekday
Juice,2017-01-26 11:05:37,Morning,Weekday
Cookies,2017-01-26 11:07:23,Morning,Weekday
Cookies,2017-01-26 11:07:23,Morning,Weekday
Coffee,2017-01-26 11:07:23,Morning,Weekday
Hot chocolate,2017-01-26 11:07:23,Morning,Weekday
Tea,2017-01-26 11:09:22,Morning,Weekday
Muffin,2017-01-26 11:09:22,Morning,Weekday
Cake,2017-01-26 11:09:22,Morning,Weekday
Juice,2017-01-26 11:09:22,Morning,Weekday
Coffee,2017-01-26 11:09:22,Morning,Weekday
Tea,2017-01-26 11:11:33,Morning,Weekday
Muffin,2017-01-26 11:11:33,Morning,Weekday
Cake,2017-01-26 11:11:33,Morning,Weekday
Juice,2017-01-26 11:11:33,Morning,Weekday
Coffee,2017-01-26 11:11:33,Morning,Weekday
Coffee,2017-01-26 11:17:10,Morning,Weekday
Bread,2017-01-26 11:18:03,Morning,Weekday
Coffee,2017-01-26 11:18:03,Morning,Weekday
Toast,2017-01-26 11:18:03,Morning,Weekday
Coffee,2017-01-26 11:19:14,Morning,Weekday
Hot chocolate,2017-01-26 11:19:14,Morning,Weekday
Art Tray,2017-01-26 11:19:14,Morning,Weekday
Sandwich,2017-01-26 11:19:14,Morning,Weekday
Juice,2017-01-26 11:20:03,Morning,Weekday
Tea,2017-01-26 11:20:03,Morning,Weekday
Muffin,2017-01-26 11:20:03,Morning,Weekday
Coffee,2017-01-26 11:35:58,Morning,Weekday
Coffee,2017-01-26 11:35:58,Morning,Weekday
Coffee,2017-01-26 11:54:39,Morning,Weekday
Coffee,2017-01-26 12:13:16,Afternoon,Weekday
Coffee,2017-01-26 12:13:16,Afternoon,Weekday
Cookies,2017-01-26 12:13:16,Afternoon,Weekday
Bread,2017-01-26 12:18:31,Afternoon,Weekday
Baguette,2017-01-26 12:18:31,Afternoon,Weekday
Coffee,2017-01-26 12:19:05,Afternoon,Weekday
Bread,2017-01-26 12:19:05,Afternoon,Weekday
Coffee,2017-01-26 12:24:12,Afternoon,Weekday
Bread,2017-01-26 12:28:58,Afternoon,Weekday
Spanish Brunch,2017-01-26 12:28:58,Afternoon,Weekday
Coffee,2017-01-26 12:29:52,Afternoon,Weekday
Muffin,2017-01-26 12:29:52,Afternoon,Weekday
Hot chocolate,2017-01-26 12:30:59,Afternoon,Weekday
Baguette,2017-01-26 12:30:59,Afternoon,Weekday
Coffee,2017-01-26 12:36:05,Afternoon,Weekday
Sandwich,2017-01-26 12:36:05,Afternoon,Weekday
Medialuna,2017-01-26 12:36:05,Afternoon,Weekday
Bread,2017-01-26 12:41:27,Afternoon,Weekday
Coffee,2017-01-26 12:58:37,Afternoon,Weekday
Tea,2017-01-26 12:58:37,Afternoon,Weekday
Soup,2017-01-26 12:58:37,Afternoon,Weekday
Bread,2017-01-26 13:12:25,Afternoon,Weekday
Medialuna,2017-01-26 13:12:25,Afternoon,Weekday
Chicken Stew,2017-01-26 13:16:55,Afternoon,Weekday
Spanish Brunch,2017-01-26 13:25:41,Afternoon,Weekday
Tea,2017-01-26 13:25:41,Afternoon,Weekday
Coffee,2017-01-26 13:25:41,Afternoon,Weekday
Coffee,2017-01-26 13:40:04,Afternoon,Weekday
Soup,2017-01-26 13:40:04,Afternoon,Weekday
Coffee,2017-01-26 13:40:04,Afternoon,Weekday
Muffin,2017-01-26 13:40:04,Afternoon,Weekday
Cake,2017-01-26 13:41:06,Afternoon,Weekday
Soup,2017-01-26 13:41:06,Afternoon,Weekday
Tea,2017-01-26 13:41:06,Afternoon,Weekday
Sandwich,2017-01-26 13:42:17,Afternoon,Weekday
Bread,2017-01-26 13:42:17,Afternoon,Weekday
Muffin,2017-01-26 13:42:17,Afternoon,Weekday
Sandwich,2017-01-26 13:50:14,Afternoon,Weekday
Coffee,2017-01-26 13:50:14,Afternoon,Weekday
Bread,2017-01-26 13:50:14,Afternoon,Weekday
Bread,2017-01-26 13:52:19,Afternoon,Weekday
Baguette,2017-01-26 13:52:19,Afternoon,Weekday
Pastry,2017-01-26 14:06:49,Afternoon,Weekday
Bread,2017-01-26 14:06:49,Afternoon,Weekday
Jam,2017-01-26 14:06:49,Afternoon,Weekday
Bread,2017-01-26 14:10:23,Afternoon,Weekday
Pastry,2017-01-26 14:16:56,Afternoon,Weekday
Cake,2017-01-26 14:39:44,Afternoon,Weekday
Cake,2017-01-26 14:39:44,Afternoon,Weekday
Chicken Stew,2017-01-26 15:08:29,Afternoon,Weekday
Spanish Brunch,2017-01-26 15:08:29,Afternoon,Weekday
Bread,2017-01-26 15:21:31,Afternoon,Weekday
Farm House,2017-01-26 15:21:31,Afternoon,Weekday
Tea,2017-01-26 15:26:52,Afternoon,Weekday
Cake,2017-01-26 15:26:52,Afternoon,Weekday
Tea,2017-01-26 15:39:36,Afternoon,Weekday
Tea,2017-01-26 15:39:36,Afternoon,Weekday
Medialuna,2017-01-26 15:39:36,Afternoon,Weekday
Tea,2017-01-26 15:58:10,Afternoon,Weekday
Coffee,2017-01-26 15:58:10,Afternoon,Weekday
Cookies,2017-01-26 15:58:10,Afternoon,Weekday
Coffee,2017-01-26 16:32:42,Afternoon,Weekday
Muffin,2017-01-26 16:32:42,Afternoon,Weekday
Bread,2017-01-26 16:56:34,Afternoon,Weekday
Pastry,2017-01-27 08:29:00,Morning,Weekday
Hot chocolate,2017-01-27 08:29:00,Morning,Weekday
Bread,2017-01-27 08:35:11,Morning,Weekday
Bread,2017-01-27 08:39:13,Morning,Weekday
Bread,2017-01-27 08:56:56,Morning,Weekday
Cookies,2017-01-27 08:56:56,Morning,Weekday
Coffee,2017-01-27 09:00:11,Morning,Weekday
Toast,2017-01-27 09:00:11,Morning,Weekday
Bread,2017-01-27 09:12:40,Morning,Weekday
Bread,2017-01-27 09:12:40,Morning,Weekday
Coffee,2017-01-27 09:13:40,Morning,Weekday
Coffee,2017-01-27 09:34:02,Morning,Weekday
Juice,2017-01-27 09:34:02,Morning,Weekday
Pastry,2017-01-27 09:34:02,Morning,Weekday
Cookies,2017-01-27 09:36:12,Morning,Weekday
Muffin,2017-01-27 09:36:12,Morning,Weekday
Coffee,2017-01-27 09:36:12,Morning,Weekday
Coffee,2017-01-27 09:36:12,Morning,Weekday
Coffee,2017-01-27 09:36:12,Morning,Weekday
Bread,2017-01-27 09:52:39,Morning,Weekday
Pastry,2017-01-27 09:52:39,Morning,Weekday
Medialuna,2017-01-27 09:54:05,Morning,Weekday
Farm House,2017-01-27 09:55:24,Morning,Weekday
The Nomad,2017-01-27 10:15:38,Morning,Weekday
Spanish Brunch,2017-01-27 10:15:38,Morning,Weekday
Tea,2017-01-27 10:15:38,Morning,Weekday
Bread,2017-01-27 10:15:38,Morning,Weekday
Coffee,2017-01-27 10:32:42,Morning,Weekday
Medialuna,2017-01-27 10:32:42,Morning,Weekday
Farm House,2017-01-27 10:33:08,Morning,Weekday
Scandinavian,2017-01-27 10:33:08,Morning,Weekday
Bread,2017-01-27 10:33:53,Morning,Weekday
Coffee,2017-01-27 10:40:05,Morning,Weekday
Coffee,2017-01-27 10:45:44,Morning,Weekday
Coffee,2017-01-27 10:58:32,Morning,Weekday
Cookies,2017-01-27 10:58:32,Morning,Weekday
Bread,2017-01-27 10:58:32,Morning,Weekday
Coffee,2017-01-27 11:02:19,Morning,Weekday
Coffee,2017-01-27 11:02:19,Morning,Weekday
Juice,2017-01-27 11:02:19,Morning,Weekday
Coffee,2017-01-27 11:05:49,Morning,Weekday
Medialuna,2017-01-27 11:05:49,Morning,Weekday
Bread,2017-01-27 11:05:49,Morning,Weekday
Coffee,2017-01-27 11:06:38,Morning,Weekday
Toast,2017-01-27 11:06:38,Morning,Weekday
Coffee,2017-01-27 11:11:11,Morning,Weekday
Pastry,2017-01-27 11:11:11,Morning,Weekday
Coffee,2017-01-27 11:11:11,Morning,Weekday
Farm House,2017-01-27 11:12:16,Morning,Weekday
Cake,2017-01-27 11:14:29,Morning,Weekday
Muffin,2017-01-27 11:14:29,Morning,Weekday
Bread,2017-01-27 11:14:29,Morning,Weekday
Coffee,2017-01-27 11:14:29,Morning,Weekday
Coffee,2017-01-27 11:14:29,Morning,Weekday
Coffee,2017-01-27 11:22:14,Morning,Weekday
Bread,2017-01-27 11:31:24,Morning,Weekday
Coffee,2017-01-27 11:40:11,Morning,Weekday
Muffin,2017-01-27 11:40:11,Morning,Weekday
Sandwich,2017-01-27 11:52:12,Morning,Weekday
Pastry,2017-01-27 12:00:20,Afternoon,Weekday
Hot chocolate,2017-01-27 12:00:20,Afternoon,Weekday
Coffee,2017-01-27 12:00:20,Afternoon,Weekday
Cake,2017-01-27 12:00:20,Afternoon,Weekday
Scone,2017-01-27 12:04:50,Afternoon,Weekday
Coffee,2017-01-27 12:04:50,Afternoon,Weekday
Bread,2017-01-27 12:04:50,Afternoon,Weekday
Coffee,2017-01-27 12:09:54,Afternoon,Weekday
Coffee,2017-01-27 12:09:54,Afternoon,Weekday
Tea,2017-01-27 12:09:54,Afternoon,Weekday
Cake,2017-01-27 12:09:54,Afternoon,Weekday
Medialuna,2017-01-27 12:09:54,Afternoon,Weekday
Bread,2017-01-27 12:11:59,Afternoon,Weekday
Bread,2017-01-27 12:12:23,Afternoon,Weekday
Tea,2017-01-27 12:15:27,Afternoon,Weekday
Soup,2017-01-27 12:15:27,Afternoon,Weekday
Coffee,2017-01-27 12:17:59,Afternoon,Weekday
Coffee,2017-01-27 12:17:59,Afternoon,Weekday
Coffee,2017-01-27 12:19:00,Afternoon,Weekday
Sandwich,2017-01-27 12:19:00,Afternoon,Weekday
Bread,2017-01-27 12:20:21,Afternoon,Weekday
Truffles,2017-01-27 12:22:19,Afternoon,Weekday
Soup,2017-01-27 12:22:19,Afternoon,Weekday
Soup,2017-01-27 12:22:53,Afternoon,Weekday
Truffles,2017-01-27 12:22:53,Afternoon,Weekday
Chicken Stew,2017-01-27 12:45:17,Afternoon,Weekday
Coffee,2017-01-27 12:45:17,Afternoon,Weekday
Soup,2017-01-27 12:53:31,Afternoon,Weekday
Soup,2017-01-27 12:56:56,Afternoon,Weekday
Spanish Brunch,2017-01-27 13:02:18,Afternoon,Weekday
Truffles,2017-01-27 13:02:18,Afternoon,Weekday
Juice,2017-01-27 13:02:18,Afternoon,Weekday
Sandwich,2017-01-27 13:02:18,Afternoon,Weekday
Cookies,2017-01-27 13:03:25,Afternoon,Weekday
Bread,2017-01-27 13:15:54,Afternoon,Weekday
Muffin,2017-01-27 13:15:54,Afternoon,Weekday
Coffee,2017-01-27 13:23:13,Afternoon,Weekday
Tea,2017-01-27 13:23:13,Afternoon,Weekday
Brownie,2017-01-27 13:23:13,Afternoon,Weekday
Tea,2017-01-27 13:43:16,Afternoon,Weekday
Coffee,2017-01-27 13:44:13,Afternoon,Weekday
Tea,2017-01-27 13:44:13,Afternoon,Weekday
Soup,2017-01-27 13:44:13,Afternoon,Weekday
Extra Salami or Feta,2017-01-27 13:44:13,Afternoon,Weekday
Baguette,2017-01-27 13:44:55,Afternoon,Weekday
Bread,2017-01-27 13:46:30,Afternoon,Weekday
Muffin,2017-01-27 13:46:30,Afternoon,Weekday
Tea,2017-01-27 13:46:30,Afternoon,Weekday
Soup,2017-01-27 13:46:30,Afternoon,Weekday
Coffee,2017-01-27 13:48:27,Afternoon,Weekday
Soup,2017-01-27 13:48:27,Afternoon,Weekday
Sandwich,2017-01-27 13:48:27,Afternoon,Weekday
Coffee,2017-01-27 13:59:18,Afternoon,Weekday
Tea,2017-01-27 14:12:26,Afternoon,Weekday
Tea,2017-01-27 14:13:24,Afternoon,Weekday
Tea,2017-01-27 14:14:04,Afternoon,Weekday
Coffee,2017-01-27 14:23:41,Afternoon,Weekday
Scone,2017-01-27 14:23:41,Afternoon,Weekday
Cookies,2017-01-27 14:26:22,Afternoon,Weekday
Muffin,2017-01-27 14:26:22,Afternoon,Weekday
Coffee,2017-01-27 14:26:22,Afternoon,Weekday
Bread,2017-01-27 14:49:14,Afternoon,Weekday
Cookies,2017-01-27 14:49:14,Afternoon,Weekday
Coffee,2017-01-27 14:52:09,Afternoon,Weekday
Scone,2017-01-27 15:01:10,Afternoon,Weekday
Soup,2017-01-27 15:01:10,Afternoon,Weekday
Hot chocolate,2017-01-27 15:01:10,Afternoon,Weekday
Scone,2017-01-27 15:05:24,Afternoon,Weekday
Coffee,2017-01-27 15:05:24,Afternoon,Weekday
Bread,2017-01-27 15:05:59,Afternoon,Weekday
Bread,2017-01-27 15:12:26,Afternoon,Weekday
Cookies,2017-01-27 15:12:26,Afternoon,Weekday
Cake,2017-01-27 15:52:00,Afternoon,Weekday
Toast,2017-01-27 15:52:00,Afternoon,Weekday
Scone,2017-01-27 15:52:00,Afternoon,Weekday
Juice,2017-01-27 15:52:00,Afternoon,Weekday
Bread,2017-01-27 15:52:00,Afternoon,Weekday
Cake,2017-01-27 16:14:03,Afternoon,Weekday
Hot chocolate,2017-01-27 16:14:03,Afternoon,Weekday
Tea,2017-01-27 16:14:03,Afternoon,Weekday
Tea,2017-01-27 16:18:16,Afternoon,Weekday
Tea,2017-01-27 16:18:16,Afternoon,Weekday
Soup,2017-01-27 16:18:16,Afternoon,Weekday
Bakewell,2017-01-27 16:18:16,Afternoon,Weekday
Coffee,2017-01-27 16:38:46,Afternoon,Weekday
Coffee,2017-01-27 16:38:46,Afternoon,Weekday
Coffee,2017-01-27 16:38:46,Afternoon,Weekday
Bread,2017-01-27 16:38:46,Afternoon,Weekday
Bakewell,2017-01-27 16:38:46,Afternoon,Weekday
Brownie,2017-01-27 16:38:46,Afternoon,Weekday
Cookies,2017-01-27 16:38:46,Afternoon,Weekday
Cake,2017-01-27 16:38:46,Afternoon,Weekday
Cake,2017-01-27 16:39:12,Afternoon,Weekday
Coffee,2017-01-27 16:39:12,Afternoon,Weekday
Coffee,2017-01-27 16:43:56,Afternoon,Weekday
Cookies,2017-01-27 16:43:56,Afternoon,Weekday
Cake,2017-01-27 16:43:56,Afternoon,Weekday
Tea,2017-01-27 17:03:04,Evening,Weekday
Cookies,2017-01-27 17:03:04,Evening,Weekday
Coffee,2017-01-27 17:03:04,Evening,Weekday
Coffee,2017-01-27 20:20:02,Evening,Weekday
Pastry,2017-01-28 08:52:09,Morning,Weekend
Medialuna,2017-01-28 08:52:09,Morning,Weekend
Coffee,2017-01-28 08:52:09,Morning,Weekend
Juice,2017-01-28 08:52:09,Morning,Weekend
Farm House,2017-01-28 08:52:09,Morning,Weekend
Brownie,2017-01-28 08:52:09,Morning,Weekend
Bread,2017-01-28 08:57:27,Morning,Weekend
Coffee,2017-01-28 09:01:06,Morning,Weekend
Bread,2017-01-28 09:01:06,Morning,Weekend
Pastry,2017-01-28 09:01:06,Morning,Weekend
Alfajores,2017-01-28 09:01:06,Morning,Weekend
Scone,2017-01-28 09:19:50,Morning,Weekend
Scone,2017-01-28 09:20:41,Morning,Weekend
Pastry,2017-01-28 09:20:41,Morning,Weekend
Pastry,2017-01-28 09:22:17,Morning,Weekend
Coffee,2017-01-28 09:22:17,Morning,Weekend
Coffee,2017-01-28 09:22:17,Morning,Weekend
Bread,2017-01-28 09:26:32,Morning,Weekend
Eggs,2017-01-28 09:26:32,Morning,Weekend
Coffee,2017-01-28 09:37:37,Morning,Weekend
Toast,2017-01-28 09:37:37,Morning,Weekend
Tea,2017-01-28 09:40:59,Morning,Weekend
Bread,2017-01-28 09:42:30,Morning,Weekend
Baguette,2017-01-28 09:42:30,Morning,Weekend
Farm House,2017-01-28 09:43:17,Morning,Weekend
Bread,2017-01-28 09:44:49,Morning,Weekend
Medialuna,2017-01-28 09:44:49,Morning,Weekend
Farm House,2017-01-28 09:47:06,Morning,Weekend
Baguette,2017-01-28 09:47:06,Morning,Weekend
The Nomad,2017-01-28 09:48:09,Morning,Weekend
Tea,2017-01-28 09:48:09,Morning,Weekend
Coffee,2017-01-28 09:48:09,Morning,Weekend
Coffee,2017-01-28 09:54:31,Morning,Weekend
Bakewell,2017-01-28 09:54:31,Morning,Weekend
Pastry,2017-01-28 09:54:31,Morning,Weekend
Juice,2017-01-28 09:54:31,Morning,Weekend
Hot chocolate,2017-01-28 09:54:31,Morning,Weekend
Baguette,2017-01-28 09:55:55,Morning,Weekend
Coffee,2017-01-28 09:55:55,Morning,Weekend
Bakewell,2017-01-28 09:55:55,Morning,Weekend
Bread,2017-01-28 10:10:19,Morning,Weekend
Coffee,2017-01-28 10:10:40,Morning,Weekend
Coffee,2017-01-28 10:12:32,Morning,Weekend
Coffee,2017-01-28 10:12:32,Morning,Weekend
Coffee,2017-01-28 10:12:32,Morning,Weekend
Pastry,2017-01-28 10:12:32,Morning,Weekend
Coffee,2017-01-28 10:19:45,Morning,Weekend
Coffee,2017-01-28 10:19:45,Morning,Weekend
Hot chocolate,2017-01-28 10:19:45,Morning,Weekend
Muffin,2017-01-28 10:19:45,Morning,Weekend
Scandinavian,2017-01-28 10:21:32,Morning,Weekend
Toast,2017-01-28 10:23:03,Morning,Weekend
Tea,2017-01-28 10:23:03,Morning,Weekend
Coffee,2017-01-28 10:23:03,Morning,Weekend
Bread,2017-01-28 10:26:02,Morning,Weekend
Bread,2017-01-28 10:31:29,Morning,Weekend
Bread,2017-01-28 10:32:45,Morning,Weekend
Medialuna,2017-01-28 10:32:45,Morning,Weekend
Coffee,2017-01-28 10:37:12,Morning,Weekend
Tea,2017-01-28 10:37:12,Morning,Weekend
Coffee,2017-01-28 10:38:58,Morning,Weekend
Cookies,2017-01-28 10:38:58,Morning,Weekend
Frittata,2017-01-28 10:44:26,Morning,Weekend
Pastry,2017-01-28 10:44:26,Morning,Weekend
Vegan mincepie,2017-01-28 10:44:26,Morning,Weekend
Bread,2017-01-28 10:50:11,Morning,Weekend
Coffee,2017-01-28 10:52:15,Morning,Weekend
Muffin,2017-01-28 10:52:15,Morning,Weekend
Medialuna,2017-01-28 10:53:24,Morning,Weekend
Cake,2017-01-28 10:55:47,Morning,Weekend
Coffee,2017-01-28 11:00:56,Morning,Weekend
Brownie,2017-01-28 11:00:56,Morning,Weekend
Bread,2017-01-28 11:00:56,Morning,Weekend
Frittata,2017-01-28 11:00:56,Morning,Weekend
Juice,2017-01-28 11:00:56,Morning,Weekend
Smoothies,2017-01-28 11:00:56,Morning,Weekend
Scone,2017-01-28 11:00:56,Morning,Weekend
Bread,2017-01-28 11:02:24,Morning,Weekend
Coffee,2017-01-28 11:02:24,Morning,Weekend
Bakewell,2017-01-28 11:02:24,Morning,Weekend
Coffee,2017-01-28 11:04:11,Morning,Weekend
Coffee,2017-01-28 11:04:11,Morning,Weekend
Bread,2017-01-28 11:06:53,Morning,Weekend
Focaccia,2017-01-28 11:06:53,Morning,Weekend
The Nomad,2017-01-28 11:08:10,Morning,Weekend
Tea,2017-01-28 11:08:10,Morning,Weekend
Coffee,2017-01-28 11:08:10,Morning,Weekend
Bread,2017-01-28 11:09:32,Morning,Weekend
Bread,2017-01-28 11:11:32,Morning,Weekend
Baguette,2017-01-28 11:11:32,Morning,Weekend
Bread,2017-01-28 11:12:35,Morning,Weekend
Tea,2017-01-28 11:13:26,Morning,Weekend
Coffee,2017-01-28 11:21:15,Morning,Weekend
Coffee,2017-01-28 11:21:15,Morning,Weekend
Medialuna,2017-01-28 11:21:15,Morning,Weekend
Juice,2017-01-28 11:22:00,Morning,Weekend
Coffee,2017-01-28 11:23:12,Morning,Weekend
Hot chocolate,2017-01-28 11:23:12,Morning,Weekend
Brownie,2017-01-28 11:23:12,Morning,Weekend
Coffee,2017-01-28 11:24:25,Morning,Weekend
Coffee,2017-01-28 11:24:25,Morning,Weekend
Medialuna,2017-01-28 11:24:25,Morning,Weekend
Coffee,2017-01-28 11:29:05,Morning,Weekend
Brownie,2017-01-28 11:32:23,Morning,Weekend
Bread,2017-01-28 11:32:23,Morning,Weekend
Coffee,2017-01-28 11:43:56,Morning,Weekend
Scone,2017-01-28 11:43:56,Morning,Weekend
Tea,2017-01-28 11:48:22,Morning,Weekend
Hot chocolate,2017-01-28 11:48:22,Morning,Weekend
Scone,2017-01-28 11:48:22,Morning,Weekend
Salad,2017-01-28 11:49:08,Morning,Weekend
Extra Salami or Feta,2017-01-28 11:49:08,Morning,Weekend
Sandwich,2017-01-28 11:49:08,Morning,Weekend
Coffee,2017-01-28 11:49:08,Morning,Weekend
Cake,2017-01-28 11:50:18,Morning,Weekend
Jam,2017-01-28 11:50:18,Morning,Weekend
Hot chocolate,2017-01-28 11:52:25,Morning,Weekend
Bread,2017-01-28 11:52:25,Morning,Weekend
Brownie,2017-01-28 11:52:25,Morning,Weekend
Scone,2017-01-28 11:52:25,Morning,Weekend
Bakewell,2017-01-28 11:55:40,Morning,Weekend
Cake,2017-01-28 11:55:40,Morning,Weekend
Bread,2017-01-28 11:55:40,Morning,Weekend
Coffee,2017-01-28 11:57:02,Morning,Weekend
Bread,2017-01-28 11:57:02,Morning,Weekend
Muffin,2017-01-28 11:57:02,Morning,Weekend
Cake,2017-01-28 11:57:02,Morning,Weekend
Scone,2017-01-28 11:58:19,Morning,Weekend
Hot chocolate,2017-01-28 11:58:19,Morning,Weekend
Bread,2017-01-28 11:59:12,Morning,Weekend
Jam,2017-01-28 11:59:12,Morning,Weekend
Scone,2017-01-28 11:59:12,Morning,Weekend
Hot chocolate,2017-01-28 12:00:42,Afternoon,Weekend
Scone,2017-01-28 12:00:42,Afternoon,Weekend
Scandinavian,2017-01-28 12:01:58,Afternoon,Weekend
Coffee,2017-01-28 12:04:16,Afternoon,Weekend
Bread,2017-01-28 12:12:40,Afternoon,Weekend
Coffee,2017-01-28 12:12:40,Afternoon,Weekend
Coffee,2017-01-28 12:20:31,Afternoon,Weekend
Bread,2017-01-28 12:20:31,Afternoon,Weekend
Frittata,2017-01-28 12:20:31,Afternoon,Weekend
Bread,2017-01-28 12:22:48,Afternoon,Weekend
Focaccia,2017-01-28 12:22:48,Afternoon,Weekend
Bread,2017-01-28 12:26:03,Afternoon,Weekend
Gingerbread syrup,2017-01-28 12:26:03,Afternoon,Weekend
Coffee,2017-01-28 12:27:23,Afternoon,Weekend
Bread,2017-01-28 12:27:23,Afternoon,Weekend
Bread,2017-01-28 12:30:03,Afternoon,Weekend
Bread,2017-01-28 12:37:26,Afternoon,Weekend
Tea,2017-01-28 12:37:26,Afternoon,Weekend
Bread,2017-01-28 12:40:49,Afternoon,Weekend
Spanish Brunch,2017-01-28 12:50:45,Afternoon,Weekend
Toast,2017-01-28 12:50:45,Afternoon,Weekend
Juice,2017-01-28 12:50:45,Afternoon,Weekend
Coffee,2017-01-28 12:50:45,Afternoon,Weekend
Bread,2017-01-28 13:05:57,Afternoon,Weekend
Focaccia,2017-01-28 13:05:57,Afternoon,Weekend
Coffee,2017-01-28 13:16:33,Afternoon,Weekend
Bread,2017-01-28 13:16:33,Afternoon,Weekend
Frittata,2017-01-28 13:16:33,Afternoon,Weekend
Salad,2017-01-28 13:16:33,Afternoon,Weekend
Sandwich,2017-01-28 13:16:33,Afternoon,Weekend
Coffee,2017-01-28 13:19:03,Afternoon,Weekend
Brownie,2017-01-28 13:20:06,Afternoon,Weekend
Tea,2017-01-28 13:20:06,Afternoon,Weekend
Sandwich,2017-01-28 13:22:52,Afternoon,Weekend
Bread,2017-01-28 13:31:58,Afternoon,Weekend
Chicken Stew,2017-01-28 13:34:16,Afternoon,Weekend
Sandwich,2017-01-28 13:34:16,Afternoon,Weekend
Sandwich,2017-01-28 13:34:16,Afternoon,Weekend
Tea,2017-01-28 13:34:16,Afternoon,Weekend
Bread,2017-01-28 13:34:16,Afternoon,Weekend
Soup,2017-01-28 13:35:30,Afternoon,Weekend
Sandwich,2017-01-28 13:35:30,Afternoon,Weekend
Coffee,2017-01-28 13:35:30,Afternoon,Weekend
Tea,2017-01-28 13:37:37,Afternoon,Weekend
Bread,2017-01-28 13:37:37,Afternoon,Weekend
Bread,2017-01-28 13:42:20,Afternoon,Weekend
Bread,2017-01-28 13:51:29,Afternoon,Weekend
Valentine's card,2017-01-28 13:53:37,Afternoon,Weekend
Coffee,2017-01-28 14:06:07,Afternoon,Weekend
Coffee,2017-01-28 14:06:07,Afternoon,Weekend
Scandinavian,2017-01-28 14:20:01,Afternoon,Weekend
Cake,2017-01-28 14:20:01,Afternoon,Weekend
Focaccia,2017-01-28 14:22:01,Afternoon,Weekend
Scandinavian,2017-01-28 14:23:52,Afternoon,Weekend
Bread,2017-01-28 14:23:52,Afternoon,Weekend
Jam,2017-01-28 14:23:52,Afternoon,Weekend
Salad,2017-01-28 14:23:52,Afternoon,Weekend
Extra Salami or Feta,2017-01-28 14:23:52,Afternoon,Weekend
Frittata,2017-01-28 14:23:52,Afternoon,Weekend
Mineral water,2017-01-28 14:23:52,Afternoon,Weekend
Hot chocolate,2017-01-28 14:27:27,Afternoon,Weekend
Cake,2017-01-28 14:45:55,Afternoon,Weekend
Coke,2017-01-28 14:45:55,Afternoon,Weekend
Scone,2017-01-28 14:52:44,Afternoon,Weekend
Tea,2017-01-28 14:52:44,Afternoon,Weekend
Tea,2017-01-28 14:58:43,Afternoon,Weekend
Tea,2017-01-28 14:58:43,Afternoon,Weekend
Cake,2017-01-28 15:07:26,Afternoon,Weekend
Brownie,2017-01-28 15:07:26,Afternoon,Weekend
Brownie,2017-01-28 15:08:58,Afternoon,Weekend
Coffee,2017-01-28 15:10:01,Afternoon,Weekend
Bread,2017-01-28 15:15:34,Afternoon,Weekend
Bread,2017-01-28 15:16:07,Afternoon,Weekend
Coffee,2017-01-28 15:16:07,Afternoon,Weekend
Coffee,2017-01-28 15:16:49,Afternoon,Weekend
Tea,2017-01-28 15:16:49,Afternoon,Weekend
Scone,2017-01-28 15:16:49,Afternoon,Weekend
Coffee,2017-01-28 15:19:02,Afternoon,Weekend
Coffee,2017-01-28 15:19:02,Afternoon,Weekend
Coffee,2017-01-28 15:30:39,Afternoon,Weekend
Tea,2017-01-28 15:32:58,Afternoon,Weekend
Muffin,2017-01-28 15:32:58,Afternoon,Weekend
Hot chocolate,2017-01-28 15:43:28,Afternoon,Weekend
Tea,2017-01-28 15:43:28,Afternoon,Weekend
Medialuna,2017-01-28 15:43:28,Afternoon,Weekend
Coffee,2017-01-28 15:49:39,Afternoon,Weekend
Hot chocolate,2017-01-28 15:49:39,Afternoon,Weekend
Bread,2017-01-28 15:49:39,Afternoon,Weekend
Bread,2017-01-28 15:59:43,Afternoon,Weekend
Coffee,2017-01-28 16:00:59,Afternoon,Weekend
Coffee,2017-01-28 16:00:59,Afternoon,Weekend
Tea,2017-01-28 16:00:59,Afternoon,Weekend
Bread,2017-01-28 16:00:59,Afternoon,Weekend
Coffee,2017-01-28 16:02:30,Afternoon,Weekend
Tea,2017-01-28 16:02:30,Afternoon,Weekend
Coffee,2017-01-28 16:05:18,Afternoon,Weekend
Coffee,2017-01-28 16:05:18,Afternoon,Weekend
Tea,2017-01-28 16:05:18,Afternoon,Weekend
Juice,2017-01-28 16:05:18,Afternoon,Weekend
Cake,2017-01-28 16:05:18,Afternoon,Weekend
Bakewell,2017-01-28 16:05:18,Afternoon,Weekend
Cookies,2017-01-28 16:05:18,Afternoon,Weekend
Sandwich,2017-01-28 16:05:18,Afternoon,Weekend
Coffee,2017-01-28 16:41:53,Afternoon,Weekend
Coffee,2017-01-28 16:49:02,Afternoon,Weekend
Bread,2017-01-29 08:57:13,Morning,Weekend
Pastry,2017-01-29 08:57:13,Morning,Weekend
Baguette,2017-01-29 09:22:36,Morning,Weekend
Brownie,2017-01-29 09:22:36,Morning,Weekend
Bread,2017-01-29 09:28:44,Morning,Weekend
Cookies,2017-01-29 09:43:57,Morning,Weekend
Coffee,2017-01-29 09:43:57,Morning,Weekend
Pastry,2017-01-29 09:43:57,Morning,Weekend
Cookies,2017-01-29 09:43:57,Morning,Weekend
Coffee,2017-01-29 09:58:16,Morning,Weekend
Coffee,2017-01-29 10:13:37,Morning,Weekend
Hot chocolate,2017-01-29 10:13:37,Morning,Weekend
Bread,2017-01-29 10:13:37,Morning,Weekend
Coffee,2017-01-29 10:18:52,Morning,Weekend
Coffee,2017-01-29 10:35:16,Morning,Weekend
Pastry,2017-01-29 10:35:16,Morning,Weekend
Coffee,2017-01-29 10:35:16,Morning,Weekend
Tea,2017-01-29 10:52:48,Morning,Weekend
Coffee,2017-01-29 10:56:12,Morning,Weekend
Pastry,2017-01-29 11:02:45,Morning,Weekend
Muffin,2017-01-29 11:02:45,Morning,Weekend
Coffee,2017-01-29 11:14:35,Morning,Weekend
Tea,2017-01-29 11:14:35,Morning,Weekend
Soup,2017-01-29 11:14:35,Morning,Weekend
Cookies,2017-01-29 11:17:42,Morning,Weekend
Brownie,2017-01-29 11:17:42,Morning,Weekend
Baguette,2017-01-29 11:20:55,Morning,Weekend
Baguette,2017-01-29 11:21:35,Morning,Weekend
Farm House,2017-01-29 11:22:25,Morning,Weekend
Coffee,2017-01-29 11:25:34,Morning,Weekend
Coffee,2017-01-29 11:34:09,Morning,Weekend
Coffee,2017-01-29 11:34:09,Morning,Weekend
Medialuna,2017-01-29 11:34:09,Morning,Weekend
Cookies,2017-01-29 11:34:09,Morning,Weekend
Farm House,2017-01-29 11:40:08,Morning,Weekend
Coffee,2017-01-29 11:42:01,Morning,Weekend
Granola,2017-01-29 11:42:01,Morning,Weekend
Bread,2017-01-29 11:42:01,Morning,Weekend
Coffee,2017-01-29 11:45:21,Morning,Weekend
Spanish Brunch,2017-01-29 11:45:21,Morning,Weekend
Cake,2017-01-29 11:51:20,Morning,Weekend
Bread,2017-01-29 11:51:20,Morning,Weekend
Baguette,2017-01-29 11:51:20,Morning,Weekend
The Nomad,2017-01-29 11:59:02,Morning,Weekend
Coffee,2017-01-29 11:59:02,Morning,Weekend
Farm House,2017-01-29 11:59:02,Morning,Weekend
Coffee,2017-01-29 11:59:02,Morning,Weekend
Bread,2017-01-29 12:00:07,Afternoon,Weekend
Bread,2017-01-29 12:00:07,Afternoon,Weekend
Juice,2017-01-29 12:06:22,Afternoon,Weekend
Spanish Brunch,2017-01-29 12:12:04,Afternoon,Weekend
Extra Salami or Feta,2017-01-29 12:12:04,Afternoon,Weekend
Coffee,2017-01-29 12:12:04,Afternoon,Weekend
Bread,2017-01-29 12:21:36,Afternoon,Weekend
Granola,2017-01-29 12:21:36,Afternoon,Weekend
Pastry,2017-01-29 12:21:36,Afternoon,Weekend
Bread,2017-01-29 12:22:37,Afternoon,Weekend
Coffee,2017-01-29 12:22:37,Afternoon,Weekend
Pastry,2017-01-29 12:22:37,Afternoon,Weekend
Bread,2017-01-29 12:27:25,Afternoon,Weekend
Bread,2017-01-29 12:27:25,Afternoon,Weekend
Brownie,2017-01-29 12:35:10,Afternoon,Weekend
Spanish Brunch,2017-01-29 12:39:29,Afternoon,Weekend
Coffee,2017-01-29 12:39:29,Afternoon,Weekend
Smoothies,2017-01-29 12:39:29,Afternoon,Weekend
Bread,2017-01-29 12:48:58,Afternoon,Weekend
Coffee,2017-01-29 12:48:58,Afternoon,Weekend
Pastry,2017-01-29 12:48:58,Afternoon,Weekend
Scone,2017-01-29 12:48:58,Afternoon,Weekend
Hot chocolate,2017-01-29 12:54:43,Afternoon,Weekend
Coffee,2017-01-29 12:54:43,Afternoon,Weekend
Sandwich,2017-01-29 12:54:43,Afternoon,Weekend
Toast,2017-01-29 12:54:43,Afternoon,Weekend
Cake,2017-01-29 12:54:43,Afternoon,Weekend
Bread,2017-01-29 12:57:50,Afternoon,Weekend
Pastry,2017-01-29 12:59:25,Afternoon,Weekend
Coffee,2017-01-29 12:59:25,Afternoon,Weekend
Coffee,2017-01-29 12:59:25,Afternoon,Weekend
Bread,2017-01-29 12:59:25,Afternoon,Weekend
Hot chocolate,2017-01-29 13:24:52,Afternoon,Weekend
Tea,2017-01-29 13:24:52,Afternoon,Weekend
Alfajores,2017-01-29 13:24:52,Afternoon,Weekend
Medialuna,2017-01-29 13:24:52,Afternoon,Weekend
Medialuna,2017-01-29 13:24:52,Afternoon,Weekend
Tea,2017-01-29 13:54:55,Afternoon,Weekend
Bread,2017-01-29 13:54:55,Afternoon,Weekend
Sandwich,2017-01-29 13:58:30,Afternoon,Weekend
Juice,2017-01-29 13:58:30,Afternoon,Weekend
Truffles,2017-01-29 13:58:30,Afternoon,Weekend
Coffee,2017-01-29 13:58:30,Afternoon,Weekend
Medialuna,2017-01-29 13:58:30,Afternoon,Weekend
Scone,2017-01-29 13:58:30,Afternoon,Weekend
Bread,2017-01-29 13:59:54,Afternoon,Weekend
Coffee,2017-01-29 13:59:54,Afternoon,Weekend
Sandwich,2017-01-29 13:59:54,Afternoon,Weekend
Medialuna,2017-01-29 13:59:54,Afternoon,Weekend
Coffee,2017-01-29 14:12:10,Afternoon,Weekend
Bread,2017-01-29 14:12:10,Afternoon,Weekend
Pastry,2017-01-29 14:12:10,Afternoon,Weekend
Frittata,2017-01-29 14:12:10,Afternoon,Weekend
Frittata,2017-01-29 14:13:43,Afternoon,Weekend
Bread,2017-01-29 14:13:43,Afternoon,Weekend
Coffee,2017-01-29 14:17:23,Afternoon,Weekend
Soup,2017-01-29 14:17:23,Afternoon,Weekend
Sandwich,2017-01-29 14:17:23,Afternoon,Weekend
Coffee,2017-01-29 14:22:17,Afternoon,Weekend
Sandwich,2017-01-29 14:22:17,Afternoon,Weekend
Salad,2017-01-29 14:22:17,Afternoon,Weekend
Salad,2017-01-29 14:50:45,Afternoon,Weekend
Bread,2017-01-29 14:54:27,Afternoon,Weekend
Fudge,2017-01-29 14:56:00,Afternoon,Weekend
Jam,2017-01-29 14:56:00,Afternoon,Weekend
Tea,2017-01-29 15:03:22,Afternoon,Weekend
Hot chocolate,2017-01-29 15:03:22,Afternoon,Weekend
Cake,2017-01-29 15:03:22,Afternoon,Weekend
Medialuna,2017-01-29 15:03:22,Afternoon,Weekend
Medialuna,2017-01-29 15:03:22,Afternoon,Weekend
Bakewell,2017-01-29 15:04:58,Afternoon,Weekend
Hot chocolate,2017-01-29 15:04:58,Afternoon,Weekend
Toast,2017-01-29 15:04:58,Afternoon,Weekend
Chicken Stew,2017-01-29 15:04:58,Afternoon,Weekend
Coffee,2017-01-29 15:25:49,Afternoon,Weekend
Tea,2017-01-29 15:25:49,Afternoon,Weekend
Pastry,2017-01-29 15:25:49,Afternoon,Weekend
Cookies,2017-01-29 15:35:06,Afternoon,Weekend
Cookies,2017-01-29 15:35:06,Afternoon,Weekend
Cake,2017-01-29 15:35:06,Afternoon,Weekend
Baguette,2017-01-29 15:35:06,Afternoon,Weekend
Cookies,2017-01-29 15:35:06,Afternoon,Weekend
Bread,2017-01-29 15:53:37,Afternoon,Weekend
Tea,2017-01-29 15:53:37,Afternoon,Weekend
Cake,2017-01-29 15:53:37,Afternoon,Weekend
Bread,2017-01-29 15:53:37,Afternoon,Weekend
Chicken Stew,2017-01-29 15:53:37,Afternoon,Weekend
Spanish Brunch,2017-01-29 16:03:33,Afternoon,Weekend
Coffee,2017-01-29 16:03:33,Afternoon,Weekend
Hot chocolate,2017-01-29 16:03:33,Afternoon,Weekend
Bakewell,2017-01-29 16:03:33,Afternoon,Weekend
Bread,2017-01-29 16:03:33,Afternoon,Weekend
Medialuna,2017-01-29 16:04:36,Afternoon,Weekend
Cake,2017-01-29 16:19:23,Afternoon,Weekend
Scone,2017-01-29 16:19:23,Afternoon,Weekend
Medialuna,2017-01-29 16:19:23,Afternoon,Weekend
Coffee,2017-01-29 16:19:23,Afternoon,Weekend
Tea,2017-01-29 16:19:23,Afternoon,Weekend
Coffee,2017-01-29 16:31:07,Afternoon,Weekend
Medialuna,2017-01-29 16:31:07,Afternoon,Weekend
Bread,2017-01-30 08:36:03,Morning,Weekday
Pastry,2017-01-30 08:58:23,Morning,Weekday
Coffee,2017-01-30 09:25:40,Morning,Weekday
Coffee,2017-01-30 09:25:40,Morning,Weekday
Bread,2017-01-30 09:44:43,Morning,Weekday
Pastry,2017-01-30 09:44:43,Morning,Weekday
Bread,2017-01-30 09:48:45,Morning,Weekday
Bread,2017-01-30 09:48:45,Morning,Weekday
Bread,2017-01-30 09:53:56,Morning,Weekday
Bread,2017-01-30 09:58:01,Morning,Weekday
Bread,2017-01-30 10:14:14,Morning,Weekday
Pastry,2017-01-30 11:00:49,Morning,Weekday
Pastry,2017-01-30 11:01:58,Morning,Weekday
Coffee,2017-01-30 11:01:58,Morning,Weekday
Coffee,2017-01-30 11:01:58,Morning,Weekday
Bread,2017-01-30 11:04:48,Morning,Weekday
Farm House,2017-01-30 11:17:53,Morning,Weekday
Jam,2017-01-30 11:17:53,Morning,Weekday
Scandinavian,2017-01-30 11:17:53,Morning,Weekday
Coffee,2017-01-30 11:33:28,Morning,Weekday
Cookies,2017-01-30 11:33:28,Morning,Weekday
Pastry,2017-01-30 12:08:42,Afternoon,Weekday
Coffee,2017-01-30 12:08:42,Afternoon,Weekday
Coffee,2017-01-30 12:08:42,Afternoon,Weekday
Sandwich,2017-01-30 12:22:09,Afternoon,Weekday
Sandwich,2017-01-30 12:22:09,Afternoon,Weekday
Coffee,2017-01-30 12:23:06,Afternoon,Weekday
Cookies,2017-01-30 12:23:06,Afternoon,Weekday
Coffee,2017-01-30 12:44:09,Afternoon,Weekday
Coffee,2017-01-30 12:44:09,Afternoon,Weekday
Pastry,2017-01-30 12:44:09,Afternoon,Weekday
Coffee,2017-01-30 12:45:41,Afternoon,Weekday
Bread,2017-01-30 12:45:41,Afternoon,Weekday
Coffee,2017-01-30 12:47:02,Afternoon,Weekday
Coffee,2017-01-30 12:47:02,Afternoon,Weekday
Bread,2017-01-30 12:47:02,Afternoon,Weekday
Soup,2017-01-30 12:47:02,Afternoon,Weekday
Bread,2017-01-30 12:56:14,Afternoon,Weekday
Jam,2017-01-30 12:56:14,Afternoon,Weekday
Fudge,2017-01-30 12:56:14,Afternoon,Weekday
Juice,2017-01-30 12:56:14,Afternoon,Weekday
Baguette,2017-01-30 13:15:42,Afternoon,Weekday
Soup,2017-01-30 13:20:57,Afternoon,Weekday
Soup,2017-01-30 13:25:26,Afternoon,Weekday
Chicken Stew,2017-01-30 13:55:02,Afternoon,Weekday
Coffee,2017-01-30 14:13:59,Afternoon,Weekday
Tea,2017-01-30 14:13:59,Afternoon,Weekday
Coke,2017-01-30 14:22:27,Afternoon,Weekday
Sandwich,2017-01-30 14:22:27,Afternoon,Weekday
Soup,2017-01-30 14:22:27,Afternoon,Weekday
Bread,2017-01-30 14:22:27,Afternoon,Weekday
Soup,2017-01-30 14:25:08,Afternoon,Weekday
Hot chocolate,2017-01-30 14:36:00,Afternoon,Weekday
Coffee,2017-01-30 14:36:00,Afternoon,Weekday
Cake,2017-01-30 14:36:00,Afternoon,Weekday
Coffee,2017-01-30 14:38:51,Afternoon,Weekday
Pastry,2017-01-30 14:43:15,Afternoon,Weekday
Bread,2017-01-30 14:45:04,Afternoon,Weekday
Bread,2017-01-30 14:45:04,Afternoon,Weekday
Farm House,2017-01-30 15:13:13,Afternoon,Weekday
Coffee,2017-01-30 15:26:47,Afternoon,Weekday
Toast,2017-01-30 15:26:47,Afternoon,Weekday
Cake,2017-01-30 15:47:07,Afternoon,Weekday
Coffee,2017-01-30 15:47:07,Afternoon,Weekday
Coffee,2017-01-30 15:49:47,Afternoon,Weekday
Bread,2017-01-30 15:49:47,Afternoon,Weekday
Cake,2017-01-30 15:52:41,Afternoon,Weekday
Hot chocolate,2017-01-30 15:52:41,Afternoon,Weekday
Coffee,2017-01-30 16:27:18,Afternoon,Weekday
Tea,2017-01-30 16:40:32,Afternoon,Weekday
Hot chocolate,2017-01-30 16:40:32,Afternoon,Weekday
Cookies,2017-01-30 16:40:32,Afternoon,Weekday
Hot chocolate,2017-01-30 16:54:49,Afternoon,Weekday
Coffee,2017-01-31 09:08:23,Morning,Weekday
Scandinavian,2017-01-31 09:09:26,Morning,Weekday
Bread,2017-01-31 09:11:20,Morning,Weekday
Bread,2017-01-31 09:11:20,Morning,Weekday
Bread,2017-01-31 09:17:22,Morning,Weekday
Bread,2017-01-31 09:41:05,Morning,Weekday
Toast,2017-01-31 09:41:05,Morning,Weekday
Bread,2017-01-31 09:45:05,Morning,Weekday
Brownie,2017-01-31 09:45:05,Morning,Weekday
Pastry,2017-01-31 09:55:06,Morning,Weekday
Bread,2017-01-31 09:55:06,Morning,Weekday
Tea,2017-01-31 09:57:02,Morning,Weekday
Sandwich,2017-01-31 09:57:02,Morning,Weekday
Coffee,2017-01-31 09:57:51,Morning,Weekday
Coffee,2017-01-31 10:00:24,Morning,Weekday
Bread,2017-01-31 10:00:24,Morning,Weekday
Coffee,2017-01-31 10:02:36,Morning,Weekday
Juice,2017-01-31 10:02:36,Morning,Weekday
Cake,2017-01-31 10:11:12,Morning,Weekday
Coffee,2017-01-31 10:11:12,Morning,Weekday
Spanish Brunch,2017-01-31 10:11:12,Morning,Weekday
Coffee,2017-01-31 10:39:54,Morning,Weekday
Coffee,2017-01-31 10:44:34,Morning,Weekday
Brownie,2017-01-31 10:44:34,Morning,Weekday
Baguette,2017-01-31 10:44:34,Morning,Weekday
Pastry,2017-01-31 10:47:54,Morning,Weekday
Cake,2017-01-31 10:47:54,Morning,Weekday
Coffee,2017-01-31 10:47:54,Morning,Weekday
Coffee,2017-01-31 10:47:54,Morning,Weekday
Hot chocolate,2017-01-31 10:49:13,Morning,Weekday
Coffee,2017-01-31 10:49:13,Morning,Weekday
Farm House,2017-01-31 10:55:57,Morning,Weekday
Tea,2017-01-31 10:58:26,Morning,Weekday
Toast,2017-01-31 10:58:26,Morning,Weekday
Tea,2017-01-31 11:04:40,Morning,Weekday
Coffee,2017-01-31 11:04:40,Morning,Weekday
Pastry,2017-01-31 11:04:40,Morning,Weekday
Bread,2017-01-31 11:12:15,Morning,Weekday
Pastry,2017-01-31 11:12:15,Morning,Weekday
Coffee,2017-01-31 11:12:47,Morning,Weekday
Tea,2017-01-31 11:33:02,Morning,Weekday
Sandwich,2017-01-31 11:33:02,Morning,Weekday
Bread,2017-01-31 11:33:02,Morning,Weekday
Farm House,2017-01-31 11:37:45,Morning,Weekday
Cookies,2017-01-31 11:37:45,Morning,Weekday
Tea,2017-01-31 11:41:12,Morning,Weekday
Cake,2017-01-31 11:41:12,Morning,Weekday
Bakewell,2017-01-31 11:41:12,Morning,Weekday
Coffee,2017-01-31 11:44:13,Morning,Weekday
Bread,2017-01-31 11:53:48,Morning,Weekday
Coffee,2017-01-31 11:56:28,Morning,Weekday
Bread,2017-01-31 11:58:50,Morning,Weekday
Coffee,2017-01-31 12:08:34,Afternoon,Weekday
Coffee,2017-01-31 12:09:24,Afternoon,Weekday
Cookies,2017-01-31 12:20:41,Afternoon,Weekday
Baguette,2017-01-31 12:20:41,Afternoon,Weekday
Coffee,2017-01-31 12:39:11,Afternoon,Weekday
Cookies,2017-01-31 12:39:11,Afternoon,Weekday
Cake,2017-01-31 12:39:11,Afternoon,Weekday
Spanish Brunch,2017-01-31 12:39:11,Afternoon,Weekday
Tea,2017-01-31 12:51:14,Afternoon,Weekday
Coffee,2017-01-31 12:51:14,Afternoon,Weekday
Sandwich,2017-01-31 12:51:14,Afternoon,Weekday
Cake,2017-01-31 12:51:14,Afternoon,Weekday
Coffee,2017-01-31 13:01:21,Afternoon,Weekday
Coffee,2017-01-31 13:01:21,Afternoon,Weekday
Cake,2017-01-31 13:01:21,Afternoon,Weekday
Bread,2017-01-31 13:08:40,Afternoon,Weekday
Baguette,2017-01-31 13:09:12,Afternoon,Weekday
Bread,2017-01-31 13:09:41,Afternoon,Weekday
Coke,2017-01-31 13:17:16,Afternoon,Weekday
Salad,2017-01-31 13:17:16,Afternoon,Weekday
Bread,2017-01-31 13:29:43,Afternoon,Weekday
Soup,2017-01-31 13:39:48,Afternoon,Weekday
Coffee,2017-01-31 13:41:00,Afternoon,Weekday
Sandwich,2017-01-31 13:41:00,Afternoon,Weekday
Brownie,2017-01-31 13:45:37,Afternoon,Weekday
Bread,2017-01-31 13:47:39,Afternoon,Weekday
Chicken Stew,2017-01-31 13:48:21,Afternoon,Weekday
Juice,2017-01-31 13:48:21,Afternoon,Weekday
Coke,2017-01-31 13:48:21,Afternoon,Weekday
Baguette,2017-01-31 13:54:55,Afternoon,Weekday
Soup,2017-01-31 14:31:04,Afternoon,Weekday
Tea,2017-01-31 14:31:04,Afternoon,Weekday
Coffee,2017-01-31 14:31:04,Afternoon,Weekday
Coffee,2017-01-31 14:31:04,Afternoon,Weekday
Sandwich,2017-01-31 15:00:05,Afternoon,Weekday
Cookies,2017-01-31 15:00:05,Afternoon,Weekday
Coffee,2017-01-31 15:00:05,Afternoon,Weekday
Tea,2017-01-31 15:00:05,Afternoon,Weekday
Coke,2017-01-31 15:12:58,Afternoon,Weekday
Toast,2017-01-31 15:14:42,Afternoon,Weekday
Cake,2017-01-31 15:14:42,Afternoon,Weekday
Coffee,2017-01-31 15:14:42,Afternoon,Weekday
Cake,2017-01-31 15:15:53,Afternoon,Weekday
The Nomad,2017-01-31 15:15:53,Afternoon,Weekday
Coffee,2017-01-31 16:24:08,Afternoon,Weekday
Coffee,2017-01-31 16:24:08,Afternoon,Weekday
Bread,2017-01-31 16:24:08,Afternoon,Weekday
Cookies,2017-01-31 16:27:51,Afternoon,Weekday
Hot chocolate,2017-01-31 16:27:51,Afternoon,Weekday
Tea,2017-01-31 16:27:51,Afternoon,Weekday
Cake,2017-01-31 16:27:51,Afternoon,Weekday
Pastry,2017-01-31 16:27:51,Afternoon,Weekday
Tea,2017-01-31 16:45:50,Afternoon,Weekday
Coffee,2017-01-31 16:45:50,Afternoon,Weekday
Cake,2017-01-31 16:45:50,Afternoon,Weekday
Tea,2017-01-31 17:01:32,Evening,Weekday
Bread,2017-01-31 17:01:32,Evening,Weekday
Brownie,2017-01-31 17:18:04,Evening,Weekday
Coffee,2017-01-31 17:28:11,Evening,Weekday
Cake,2017-01-31 17:28:11,Evening,Weekday
Cookies,2017-01-31 17:28:11,Evening,Weekday
Bread,2017-01-02 08:37:55,Morning,Weekday
Bread,2017-01-02 08:37:55,Morning,Weekday
Bread,2017-01-02 08:37:55,Morning,Weekday
Bread,2017-01-02 08:40:41,Morning,Weekday
Coffee,2017-01-02 09:05:35,Morning,Weekday
Bread,2017-01-02 09:05:35,Morning,Weekday
Bread,2017-01-02 09:07:40,Morning,Weekday
Pastry,2017-01-02 09:07:40,Morning,Weekday
Bread,2017-01-02 09:31:06,Morning,Weekday
Bread,2017-01-02 09:37:30,Morning,Weekday
Coffee,2017-01-02 09:37:30,Morning,Weekday
Toast,2017-01-02 09:37:30,Morning,Weekday
Farm House,2017-01-02 10:00:41,Morning,Weekday
Cake,2017-01-02 10:28:18,Morning,Weekday
Coffee,2017-01-02 10:28:18,Morning,Weekday
Bread,2017-01-02 10:28:18,Morning,Weekday
Bread,2017-01-02 10:32:53,Morning,Weekday
Hot chocolate,2017-01-02 10:32:53,Morning,Weekday
Coffee,2017-01-02 10:33:23,Morning,Weekday
Coffee,2017-01-02 10:33:23,Morning,Weekday
Coffee,2017-01-02 10:35:44,Morning,Weekday
Bread,2017-01-02 10:35:44,Morning,Weekday
Coffee,2017-01-02 10:40:51,Morning,Weekday
Cake,2017-01-02 10:40:51,Morning,Weekday
Cake,2017-01-02 10:41:30,Morning,Weekday
Coffee,2017-01-02 10:41:30,Morning,Weekday
Bread,2017-01-02 10:46:49,Morning,Weekday
Sandwich,2017-01-02 10:46:49,Morning,Weekday
Toast,2017-01-02 10:46:49,Morning,Weekday
Coffee,2017-01-02 10:55:37,Morning,Weekday
Coffee,2017-01-02 10:55:37,Morning,Weekday
Medialuna,2017-01-02 10:55:37,Morning,Weekday
Coffee,2017-01-02 10:59:01,Morning,Weekday
Bread,2017-01-02 10:59:01,Morning,Weekday
Alfajores,2017-01-02 10:59:01,Morning,Weekday
Bakewell,2017-01-02 10:59:01,Morning,Weekday
Tea,2017-01-02 10:59:01,Morning,Weekday
Coffee,2017-01-02 11:06:23,Morning,Weekday
Bread,2017-01-02 11:06:23,Morning,Weekday
Bread,2017-01-02 11:15:57,Morning,Weekday
Coffee,2017-01-02 11:39:13,Morning,Weekday
Bread,2017-01-02 11:39:13,Morning,Weekday
Bread,2017-01-02 11:40:57,Morning,Weekday
Coffee,2017-01-02 11:40:57,Morning,Weekday
Bread,2017-01-02 11:40:57,Morning,Weekday
Bread,2017-01-02 11:49:41,Morning,Weekday
Baguette,2017-01-02 11:58:57,Morning,Weekday
Pastry,2017-01-02 12:11:47,Afternoon,Weekday
Bread,2017-01-02 12:13:06,Afternoon,Weekday
Pastry,2017-01-02 12:13:06,Afternoon,Weekday
Baguette,2017-01-02 12:43:41,Afternoon,Weekday
Bread,2017-01-02 12:43:41,Afternoon,Weekday
Bread,2017-01-02 12:44:28,Afternoon,Weekday
Pastry,2017-01-02 12:44:28,Afternoon,Weekday
Tea,2017-01-02 12:44:28,Afternoon,Weekday
Coffee,2017-01-02 12:44:28,Afternoon,Weekday
Cake,2017-01-02 13:24:31,Afternoon,Weekday
Bread,2017-01-02 13:24:31,Afternoon,Weekday
Sandwich,2017-01-02 13:38:03,Afternoon,Weekday
Coke,2017-01-02 13:38:03,Afternoon,Weekday
Coke,2017-01-02 13:38:54,Afternoon,Weekday
Cake,2017-01-02 13:38:54,Afternoon,Weekday
Hot chocolate,2017-01-02 13:41:37,Afternoon,Weekday
Coffee,2017-01-02 13:41:37,Afternoon,Weekday
Pastry,2017-01-02 13:41:37,Afternoon,Weekday
Bread,2017-01-02 13:41:37,Afternoon,Weekday
Spanish Brunch,2017-01-02 13:43:32,Afternoon,Weekday
Chicken Stew,2017-01-02 13:43:32,Afternoon,Weekday
Tea,2017-01-02 13:43:32,Afternoon,Weekday
Cookies,2017-01-02 13:43:32,Afternoon,Weekday
Cake,2017-01-02 13:45:08,Afternoon,Weekday
Coffee,2017-01-02 13:46:06,Afternoon,Weekday
Coffee,2017-01-02 13:46:06,Afternoon,Weekday
Coffee,2017-01-02 13:55:11,Afternoon,Weekday
Bread,2017-01-02 14:04:17,Afternoon,Weekday
Bread,2017-01-02 14:10:29,Afternoon,Weekday
Sandwich,2017-01-02 14:10:29,Afternoon,Weekday
Coffee,2017-01-02 14:30:53,Afternoon,Weekday
Bread,2017-01-02 14:30:53,Afternoon,Weekday
Sandwich,2017-01-02 14:30:53,Afternoon,Weekday
Coffee,2017-01-02 14:35:39,Afternoon,Weekday
Coffee,2017-01-02 14:35:39,Afternoon,Weekday
Cake,2017-01-02 14:35:39,Afternoon,Weekday
Granola,2017-01-02 14:37:48,Afternoon,Weekday
Extra Salami or Feta,2017-01-02 14:37:48,Afternoon,Weekday
Coffee,2017-01-02 14:37:48,Afternoon,Weekday
Soup,2017-01-02 14:43:46,Afternoon,Weekday
Juice,2017-01-02 14:43:46,Afternoon,Weekday
Coffee,2017-01-02 14:43:46,Afternoon,Weekday
Sandwich,2017-01-02 14:44:39,Afternoon,Weekday
Baguette,2017-01-02 14:56:56,Afternoon,Weekday
Coffee,2017-01-02 15:14:04,Afternoon,Weekday
Coffee,2017-01-02 15:20:41,Afternoon,Weekday
Hot chocolate,2017-01-02 15:29:10,Afternoon,Weekday
Coffee,2017-01-02 15:29:10,Afternoon,Weekday
Alfajores,2017-01-02 15:29:10,Afternoon,Weekday
Tea,2017-01-02 15:33:08,Afternoon,Weekday
Coffee,2017-01-02 15:33:08,Afternoon,Weekday
Bread,2017-01-02 15:33:08,Afternoon,Weekday
Cake,2017-01-02 15:44:06,Afternoon,Weekday
Coffee,2017-01-02 15:44:06,Afternoon,Weekday
Cookies,2017-01-02 15:44:06,Afternoon,Weekday
Bread,2017-01-02 15:46:46,Afternoon,Weekday
Bread,2017-01-02 15:54:50,Afternoon,Weekday
Cookies,2017-01-02 15:56:59,Afternoon,Weekday
Tea,2017-01-02 15:56:59,Afternoon,Weekday
Bread,2017-01-02 15:56:59,Afternoon,Weekday
Coffee,2017-01-02 16:00:36,Afternoon,Weekday
Vegan mincepie,2017-01-02 16:00:36,Afternoon,Weekday
Cake,2017-01-02 16:00:36,Afternoon,Weekday
Bread,2017-01-02 16:01:23,Afternoon,Weekday
Coffee,2017-01-02 16:01:23,Afternoon,Weekday
Hot chocolate,2017-01-02 16:01:23,Afternoon,Weekday
Bread,2017-01-02 16:20:57,Afternoon,Weekday
Juice,2017-01-02 16:39:12,Afternoon,Weekday
Cookies,2017-01-02 16:39:12,Afternoon,Weekday
Brownie,2017-01-02 16:39:12,Afternoon,Weekday
Alfajores,2017-01-02 16:39:12,Afternoon,Weekday
Coffee,2017-01-02 16:39:12,Afternoon,Weekday
Tea,2017-01-02 17:04:48,Evening,Weekday
Truffles,2017-01-02 17:04:48,Evening,Weekday
Cookies,2017-01-02 17:04:48,Evening,Weekday
Coffee,2017-01-02 17:05:42,Evening,Weekday
Coke,2017-01-02 17:05:42,Evening,Weekday
Bread,2017-02-02 08:35:24,Morning,Weekday
Coffee,2017-02-02 09:04:21,Morning,Weekday
Bread,2017-02-02 09:04:21,Morning,Weekday
Toast,2017-02-02 09:04:21,Morning,Weekday
Bread,2017-02-02 09:06:04,Morning,Weekday
Bread,2017-02-02 09:06:04,Morning,Weekday
Coffee,2017-02-02 09:06:04,Morning,Weekday
Cookies,2017-02-02 09:20:05,Morning,Weekday
Coffee,2017-02-02 09:20:53,Morning,Weekday
Bread,2017-02-02 09:20:53,Morning,Weekday
Farm House,2017-02-02 09:39:22,Morning,Weekday
Bread,2017-02-02 09:51:37,Morning,Weekday
Coffee,2017-02-02 10:08:43,Morning,Weekday
Cookies,2017-02-02 10:08:43,Morning,Weekday
Baguette,2017-02-02 10:20:51,Morning,Weekday
Bread,2017-02-02 10:28:47,Morning,Weekday
Bread,2017-02-02 10:28:47,Morning,Weekday
Alfajores,2017-02-02 10:50:50,Morning,Weekday
Juice,2017-02-02 11:07:59,Morning,Weekday
Hot chocolate,2017-02-02 11:07:59,Morning,Weekday
Coffee,2017-02-02 11:07:59,Morning,Weekday
Tea,2017-02-02 11:07:59,Morning,Weekday
Pastry,2017-02-02 11:07:59,Morning,Weekday
Brownie,2017-02-02 11:07:59,Morning,Weekday
Coffee,2017-02-02 11:20:16,Morning,Weekday
Coffee,2017-02-02 11:20:16,Morning,Weekday
Bread,2017-02-02 11:20:16,Morning,Weekday
Cake,2017-02-02 11:20:55,Morning,Weekday
Coffee,2017-02-02 11:20:55,Morning,Weekday
Coffee,2017-02-02 11:25:46,Morning,Weekday
Cake,2017-02-02 11:25:46,Morning,Weekday
Bread,2017-02-02 11:26:02,Morning,Weekday
Bread,2017-02-02 11:28:36,Morning,Weekday
Bread,2017-02-02 11:28:36,Morning,Weekday
Juice,2017-02-02 11:48:02,Morning,Weekday
Tea,2017-02-02 11:48:02,Morning,Weekday
Bread,2017-02-02 11:48:02,Morning,Weekday
Cake,2017-02-02 11:48:02,Morning,Weekday
Tea,2017-02-02 11:49:05,Morning,Weekday
Bread,2017-02-02 11:49:05,Morning,Weekday
Cookies,2017-02-02 11:49:05,Morning,Weekday
Sandwich,2017-02-02 11:49:05,Morning,Weekday
Juice,2017-02-02 11:49:05,Morning,Weekday
Bread,2017-02-02 12:00:31,Afternoon,Weekday
Cake,2017-02-02 12:00:31,Afternoon,Weekday
Coke,2017-02-02 12:21:56,Afternoon,Weekday
Alfajores,2017-02-02 12:21:56,Afternoon,Weekday
Hot chocolate,2017-02-02 12:21:56,Afternoon,Weekday
Cake,2017-02-02 12:39:26,Afternoon,Weekday
Sandwich,2017-02-02 12:44:35,Afternoon,Weekday
Tea,2017-02-02 12:46:33,Afternoon,Weekday
Cake,2017-02-02 12:46:33,Afternoon,Weekday
Pastry,2017-02-02 12:46:33,Afternoon,Weekday
Bread,2017-02-02 13:01:10,Afternoon,Weekday
Coffee,2017-02-02 13:01:10,Afternoon,Weekday
Coffee,2017-02-02 13:01:10,Afternoon,Weekday
Soup,2017-02-02 13:01:10,Afternoon,Weekday
Soup,2017-02-02 13:01:10,Afternoon,Weekday
Bread,2017-02-02 13:01:10,Afternoon,Weekday
Farm House,2017-02-02 13:01:10,Afternoon,Weekday
Sandwich,2017-02-02 13:12:50,Afternoon,Weekday
Bread,2017-02-02 13:12:50,Afternoon,Weekday
Tea,2017-02-02 13:38:08,Afternoon,Weekday
Mineral water,2017-02-02 13:38:08,Afternoon,Weekday
Soup,2017-02-02 13:38:08,Afternoon,Weekday
Cake,2017-02-02 13:38:08,Afternoon,Weekday
Bread,2017-02-02 14:00:10,Afternoon,Weekday
Chicken Stew,2017-02-02 14:00:10,Afternoon,Weekday
Sandwich,2017-02-02 14:00:10,Afternoon,Weekday
Coffee,2017-02-02 14:00:10,Afternoon,Weekday
Medialuna,2017-02-02 14:02:09,Afternoon,Weekday
Jam,2017-02-02 14:02:45,Afternoon,Weekday
Scandinavian,2017-02-02 14:02:45,Afternoon,Weekday
Cake,2017-02-02 14:09:18,Afternoon,Weekday
Juice,2017-02-02 14:11:05,Afternoon,Weekday
Coffee,2017-02-02 14:11:05,Afternoon,Weekday
Coffee,2017-02-02 14:11:05,Afternoon,Weekday
Bare Popcorn,2017-02-02 14:11:05,Afternoon,Weekday
Salad,2017-02-02 14:11:05,Afternoon,Weekday
Extra Salami or Feta,2017-02-02 14:11:05,Afternoon,Weekday
Spanish Brunch,2017-02-02 14:11:05,Afternoon,Weekday
Farm House,2017-02-02 14:11:05,Afternoon,Weekday
Bare Popcorn,2017-02-02 14:12:19,Afternoon,Weekday
Valentine's card,2017-02-02 14:15:43,Afternoon,Weekday
Tea,2017-02-02 14:39:51,Afternoon,Weekday
Sandwich,2017-02-02 14:39:51,Afternoon,Weekday
Bread,2017-02-02 14:39:51,Afternoon,Weekday
Cake,2017-02-02 14:39:51,Afternoon,Weekday
Tea,2017-02-02 14:42:59,Afternoon,Weekday
Tea,2017-02-02 14:42:59,Afternoon,Weekday
Spanish Brunch,2017-02-02 14:42:59,Afternoon,Weekday
Chicken Stew,2017-02-02 14:42:59,Afternoon,Weekday
Fudge,2017-02-02 14:42:59,Afternoon,Weekday
Alfajores,2017-02-02 14:42:59,Afternoon,Weekday
Coffee,2017-02-02 14:43:25,Afternoon,Weekday
Coffee,2017-02-02 15:10:20,Afternoon,Weekday
Pastry,2017-02-02 15:10:20,Afternoon,Weekday
Bread,2017-02-02 15:10:20,Afternoon,Weekday
Bread,2017-02-02 15:15:08,Afternoon,Weekday
Alfajores,2017-02-02 15:15:08,Afternoon,Weekday
Coffee,2017-02-02 15:17:33,Afternoon,Weekday
Coffee,2017-02-02 15:17:33,Afternoon,Weekday
Cookies,2017-02-02 15:17:33,Afternoon,Weekday
Bread,2017-02-02 15:35:46,Afternoon,Weekday
Coffee,2017-02-02 15:44:42,Afternoon,Weekday
Coffee,2017-02-02 15:58:52,Afternoon,Weekday
Coffee,2017-02-02 15:58:52,Afternoon,Weekday
Juice,2017-02-02 15:58:52,Afternoon,Weekday
Cake,2017-02-02 15:58:52,Afternoon,Weekday
Alfajores,2017-02-02 15:58:52,Afternoon,Weekday
Hot chocolate,2017-02-02 15:59:20,Afternoon,Weekday
Coke,2017-02-02 16:04:26,Afternoon,Weekday
Sandwich,2017-02-02 16:04:26,Afternoon,Weekday
Bread,2017-02-02 16:11:51,Afternoon,Weekday
Baguette,2017-02-02 16:16:48,Afternoon,Weekday
Coffee,2017-02-02 16:37:15,Afternoon,Weekday
Bread,2017-02-02 16:37:15,Afternoon,Weekday
Cookies,2017-02-02 16:37:15,Afternoon,Weekday
Juice,2017-02-02 16:37:15,Afternoon,Weekday
Coffee,2017-02-02 17:34:16,Evening,Weekday
Cake,2017-02-02 17:34:16,Evening,Weekday
Bread,2017-03-02 08:37:31,Morning,Weekday
Bread,2017-03-02 08:54:47,Morning,Weekday
Bread,2017-03-02 09:02:10,Morning,Weekday
Toast,2017-03-02 09:02:10,Morning,Weekday
Bread,2017-03-02 09:05:25,Morning,Weekday
Tea,2017-03-02 09:05:25,Morning,Weekday
Toast,2017-03-02 09:05:25,Morning,Weekday
Cake,2017-03-02 09:05:25,Morning,Weekday
Toast,2017-03-02 09:08:45,Morning,Weekday
Bread,2017-03-02 09:08:45,Morning,Weekday
Cookies,2017-03-02 09:09:56,Morning,Weekday
Coffee,2017-03-02 09:29:18,Morning,Weekday
Coffee,2017-03-02 09:29:18,Morning,Weekday
Toast,2017-03-02 09:29:18,Morning,Weekday
Bread,2017-03-02 09:41:13,Morning,Weekday
Pastry,2017-03-02 09:41:13,Morning,Weekday
Bread,2017-03-02 09:55:37,Morning,Weekday
Hot chocolate,2017-03-02 09:55:37,Morning,Weekday
Medialuna,2017-03-02 09:55:37,Morning,Weekday
Farm House,2017-03-02 10:27:06,Morning,Weekday
Coffee,2017-03-02 10:41:45,Morning,Weekday
Farm House,2017-03-02 10:44:28,Morning,Weekday
Gingerbread syrup,2017-03-02 10:44:28,Morning,Weekday
Coffee,2017-03-02 10:50:03,Morning,Weekday
Coffee,2017-03-02 10:50:03,Morning,Weekday
Coffee,2017-03-02 10:50:03,Morning,Weekday
Bread,2017-03-02 10:50:03,Morning,Weekday
Pastry,2017-03-02 10:50:03,Morning,Weekday
Alfajores,2017-03-02 10:50:03,Morning,Weekday
Coffee,2017-03-02 10:56:48,Morning,Weekday
Sandwich,2017-03-02 10:56:48,Morning,Weekday
Baguette,2017-03-02 10:56:48,Morning,Weekday
Coffee,2017-03-02 10:58:45,Morning,Weekday
Medialuna,2017-03-02 10:58:45,Morning,Weekday
Bread,2017-03-02 10:59:28,Morning,Weekday
Scandinavian,2017-03-02 11:08:32,Morning,Weekday
Cookies,2017-03-02 11:10:03,Morning,Weekday
Bread,2017-03-02 11:10:03,Morning,Weekday
Bread,2017-03-02 11:10:03,Morning,Weekday
Coke,2017-03-02 11:14:50,Morning,Weekday
Medialuna,2017-03-02 11:22:03,Morning,Weekday
Pastry,2017-03-02 11:22:03,Morning,Weekday
Coffee,2017-03-02 11:24:15,Morning,Weekday
Tea,2017-03-02 11:24:15,Morning,Weekday
Toast,2017-03-02 11:24:15,Morning,Weekday
Alfajores,2017-03-02 11:24:44,Morning,Weekday
Bread,2017-03-02 11:25:13,Morning,Weekday
Coffee,2017-03-02 11:35:15,Morning,Weekday
Bread,2017-03-02 11:35:15,Morning,Weekday
Bread,2017-03-02 11:35:15,Morning,Weekday
Coffee,2017-03-02 11:36:00,Morning,Weekday
Bread,2017-03-02 11:36:00,Morning,Weekday
Sandwich,2017-03-02 11:36:00,Morning,Weekday
Coffee,2017-03-02 11:41:14,Morning,Weekday
Alfajores,2017-03-02 11:41:14,Morning,Weekday
Truffles,2017-03-02 11:46:19,Morning,Weekday
Juice,2017-03-02 11:46:19,Morning,Weekday
Coffee,2017-03-02 11:46:19,Morning,Weekday
Bread,2017-03-02 11:46:19,Morning,Weekday
Pastry,2017-03-02 11:46:19,Morning,Weekday
Scone,2017-03-02 11:46:19,Morning,Weekday
Scandinavian,2017-03-02 11:48:12,Morning,Weekday
Bread,2017-03-02 11:48:12,Morning,Weekday
Bread,2017-03-02 11:49:40,Morning,Weekday
Tea,2017-03-02 12:10:51,Afternoon,Weekday
Soup,2017-03-02 12:10:51,Afternoon,Weekday
Soup,2017-03-02 12:11:58,Afternoon,Weekday
Truffles,2017-03-02 12:11:58,Afternoon,Weekday
Soup,2017-03-02 12:13:27,Afternoon,Weekday
Scone,2017-03-02 12:13:27,Afternoon,Weekday
Tea,2017-03-02 12:13:27,Afternoon,Weekday
Truffles,2017-03-02 12:14:53,Afternoon,Weekday
Sandwich,2017-03-02 12:14:53,Afternoon,Weekday
Soup,2017-03-02 12:17:05,Afternoon,Weekday
Coffee,2017-03-02 12:17:05,Afternoon,Weekday
Cake,2017-03-02 12:18:22,Afternoon,Weekday
Soup,2017-03-02 12:26:43,Afternoon,Weekday
Coffee,2017-03-02 12:36:28,Afternoon,Weekday
Toast,2017-03-02 12:36:28,Afternoon,Weekday
Bread,2017-03-02 12:37:30,Afternoon,Weekday
Bread,2017-03-02 13:11:24,Afternoon,Weekday
Tea,2017-03-02 13:19:18,Afternoon,Weekday
Bread,2017-03-02 13:19:18,Afternoon,Weekday
Coffee,2017-03-02 13:25:19,Afternoon,Weekday
Chicken Stew,2017-03-02 13:25:19,Afternoon,Weekday
Toast,2017-03-02 13:25:19,Afternoon,Weekday
Bread,2017-03-02 13:49:10,Afternoon,Weekday
Sandwich,2017-03-02 13:54:28,Afternoon,Weekday
Coffee,2017-03-02 13:54:28,Afternoon,Weekday
Cake,2017-03-02 13:54:28,Afternoon,Weekday
Coffee,2017-03-02 13:54:28,Afternoon,Weekday
Sandwich,2017-03-02 13:54:28,Afternoon,Weekday
Cake,2017-03-02 13:58:51,Afternoon,Weekday
Cookies,2017-03-02 14:00:52,Afternoon,Weekday
Bread,2017-03-02 14:00:52,Afternoon,Weekday
Coffee,2017-03-02 14:19:46,Afternoon,Weekday
Hot chocolate,2017-03-02 14:19:46,Afternoon,Weekday
Juice,2017-03-02 14:19:46,Afternoon,Weekday
Truffles,2017-03-02 14:19:46,Afternoon,Weekday
Mineral water,2017-03-02 14:19:46,Afternoon,Weekday
Sandwich,2017-03-02 14:19:46,Afternoon,Weekday
Sandwich,2017-03-02 14:19:46,Afternoon,Weekday
Coffee,2017-03-02 14:30:08,Afternoon,Weekday
Sandwich,2017-03-02 14:30:08,Afternoon,Weekday
Coffee,2017-03-02 14:31:08,Afternoon,Weekday
Bread,2017-03-02 14:31:08,Afternoon,Weekday
Tea,2017-03-02 14:49:20,Afternoon,Weekday
Coffee,2017-03-02 14:49:20,Afternoon,Weekday
Bread,2017-03-02 14:49:20,Afternoon,Weekday
Afternoon with the baker,2017-03-02 14:55:02,Afternoon,Weekday
Tea,2017-03-02 15:11:25,Afternoon,Weekday
Cookies,2017-03-02 15:11:25,Afternoon,Weekday
Coffee,2017-03-02 15:14:12,Afternoon,Weekday
Soup,2017-03-02 15:14:12,Afternoon,Weekday
Soup,2017-03-02 15:14:59,Afternoon,Weekday
Coffee,2017-03-02 15:14:59,Afternoon,Weekday
Farm House,2017-03-02 15:47:52,Afternoon,Weekday
Coffee,2017-03-02 15:57:43,Afternoon,Weekday
Cake,2017-03-02 15:57:43,Afternoon,Weekday
Coffee,2017-03-02 15:58:07,Afternoon,Weekday
Coffee,2017-03-02 15:58:49,Afternoon,Weekday
Coffee,2017-03-02 16:06:26,Afternoon,Weekday
Tea,2017-03-02 16:06:26,Afternoon,Weekday
Bread,2017-03-02 16:27:43,Afternoon,Weekday
Bread,2017-03-02 16:27:43,Afternoon,Weekday
Eggs,2017-03-02 16:27:43,Afternoon,Weekday
Baguette,2017-03-02 16:38:18,Afternoon,Weekday
Scandinavian,2017-03-02 16:38:18,Afternoon,Weekday
Coffee,2017-03-02 16:43:37,Afternoon,Weekday
Bread,2017-03-02 16:43:37,Afternoon,Weekday
Coffee,2017-03-02 16:44:34,Afternoon,Weekday
Scone,2017-03-02 16:44:34,Afternoon,Weekday
Eggs,2017-03-02 16:53:20,Afternoon,Weekday
Hot chocolate,2017-03-02 16:53:20,Afternoon,Weekday
Coffee,2017-03-02 16:53:20,Afternoon,Weekday
Alfajores,2017-03-02 16:53:20,Afternoon,Weekday
Bread,2017-03-02 17:19:08,Evening,Weekday
Tea,2017-03-02 17:19:08,Evening,Weekday
Coffee,2017-04-02 07:56:19,Morning,Weekend
Coffee,2017-04-02 08:30:07,Morning,Weekend
Cake,2017-04-02 09:06:33,Morning,Weekend
Pastry,2017-04-02 09:08:41,Morning,Weekend
Baguette,2017-04-02 09:08:41,Morning,Weekend
Coffee,2017-04-02 09:17:08,Morning,Weekend
Coffee,2017-04-02 09:17:08,Morning,Weekend
Toast,2017-04-02 09:17:08,Morning,Weekend
Extra Salami or Feta,2017-04-02 09:31:32,Morning,Weekend
Coffee,2017-04-02 09:31:32,Morning,Weekend
Bread,2017-04-02 09:35:29,Morning,Weekend
Pastry,2017-04-02 09:35:29,Morning,Weekend
Scandinavian,2017-04-02 09:45:28,Morning,Weekend
Pastry,2017-04-02 09:48:52,Morning,Weekend
Coffee,2017-04-02 09:48:52,Morning,Weekend
Coffee,2017-04-02 09:53:10,Morning,Weekend
Coffee,2017-04-02 09:53:10,Morning,Weekend
Cookies,2017-04-02 09:53:10,Morning,Weekend
Coffee,2017-04-02 09:55:03,Morning,Weekend
Farm House,2017-04-02 09:57:01,Morning,Weekend
Farm House,2017-04-02 10:00:04,Morning,Weekend
Cake,2017-04-02 10:00:04,Morning,Weekend
Coffee,2017-04-02 10:03:11,Morning,Weekend
Coffee,2017-04-02 10:03:11,Morning,Weekend
Coffee,2017-04-02 10:08:58,Morning,Weekend
Coffee,2017-04-02 10:21:23,Morning,Weekend
Bread,2017-04-02 10:21:23,Morning,Weekend
Bread,2017-04-02 10:21:23,Morning,Weekend
Pastry,2017-04-02 10:21:23,Morning,Weekend
Bread,2017-04-02 10:22:25,Morning,Weekend
Toast,2017-04-02 10:23:04,Morning,Weekend
Truffles,2017-04-02 10:23:04,Morning,Weekend
Bread,2017-04-02 10:23:04,Morning,Weekend
Bread,2017-04-02 10:30:23,Morning,Weekend
Jam,2017-04-02 10:32:18,Morning,Weekend
Coffee,2017-04-02 10:37:20,Morning,Weekend
Coffee,2017-04-02 10:37:20,Morning,Weekend
Coffee,2017-04-02 10:38:41,Morning,Weekend
Bread,2017-04-02 10:39:03,Morning,Weekend
Coffee,2017-04-02 10:48:59,Morning,Weekend
Tea,2017-04-02 10:49:38,Morning,Weekend
Coffee,2017-04-02 10:49:38,Morning,Weekend
Cake,2017-04-02 10:49:38,Morning,Weekend
Coffee,2017-04-02 10:58:00,Morning,Weekend
Coffee,2017-04-02 10:58:00,Morning,Weekend
Brownie,2017-04-02 10:58:00,Morning,Weekend
Farm House,2017-04-02 11:03:22,Morning,Weekend
Coffee,2017-04-02 11:05:02,Morning,Weekend
Sandwich,2017-04-02 11:07:58,Morning,Weekend
Coffee,2017-04-02 11:07:58,Morning,Weekend
Farm House,2017-04-02 11:09:58,Morning,Weekend
Pastry,2017-04-02 11:09:58,Morning,Weekend
Tea,2017-04-02 11:21:36,Morning,Weekend
Truffles,2017-04-02 11:21:36,Morning,Weekend
Bread,2017-04-02 11:24:33,Morning,Weekend
Bread,2017-04-02 11:38:07,Morning,Weekend
Hot chocolate,2017-04-02 11:42:00,Morning,Weekend
Bread,2017-04-02 11:45:01,Morning,Weekend
Baguette,2017-04-02 11:45:01,Morning,Weekend
Bread,2017-04-02 11:45:37,Morning,Weekend
Bread,2017-04-02 11:48:15,Morning,Weekend
Scandinavian,2017-04-02 11:49:21,Morning,Weekend
Farm House,2017-04-02 11:49:21,Morning,Weekend
Pastry,2017-04-02 11:51:05,Morning,Weekend
Bread,2017-04-02 11:51:05,Morning,Weekend
Sandwich,2017-04-02 11:51:30,Morning,Weekend
Bread,2017-04-02 11:56:40,Morning,Weekend
Baguette,2017-04-02 11:56:40,Morning,Weekend
Coffee,2017-04-02 11:57:39,Morning,Weekend
Coffee,2017-04-02 11:57:39,Morning,Weekend
Hot chocolate,2017-04-02 11:57:39,Morning,Weekend
Cake,2017-04-02 11:57:39,Morning,Weekend
Coffee,2017-04-02 11:58:58,Morning,Weekend
Pastry,2017-04-02 11:58:58,Morning,Weekend
Coffee,2017-04-02 12:00:50,Afternoon,Weekend
Coffee,2017-04-02 12:00:50,Afternoon,Weekend
Coffee,2017-04-02 12:05:08,Afternoon,Weekend
Coffee,2017-04-02 12:05:08,Afternoon,Weekend
Cake,2017-04-02 12:05:08,Afternoon,Weekend
Brownie,2017-04-02 12:05:08,Afternoon,Weekend
The Nomad,2017-04-02 12:07:39,Afternoon,Weekend
Granola,2017-04-02 12:07:39,Afternoon,Weekend
Coffee,2017-04-02 12:07:39,Afternoon,Weekend
Coffee,2017-04-02 12:07:39,Afternoon,Weekend
Cookies,2017-04-02 12:07:39,Afternoon,Weekend
Pastry,2017-04-02 12:07:39,Afternoon,Weekend
Scone,2017-04-02 12:07:39,Afternoon,Weekend
Tea,2017-04-02 12:07:39,Afternoon,Weekend
Coffee,2017-04-02 12:08:09,Afternoon,Weekend
Bread,2017-04-02 12:10:08,Afternoon,Weekend
Fudge,2017-04-02 12:10:08,Afternoon,Weekend
Cookies,2017-04-02 12:10:08,Afternoon,Weekend
Scandinavian,2017-04-02 12:11:28,Afternoon,Weekend
Alfajores,2017-04-02 12:11:28,Afternoon,Weekend
Scone,2017-04-02 12:15:44,Afternoon,Weekend
Coffee,2017-04-02 12:15:44,Afternoon,Weekend
Bread,2017-04-02 12:19:44,Afternoon,Weekend
Pastry,2017-04-02 12:19:44,Afternoon,Weekend
Coffee,2017-04-02 12:19:44,Afternoon,Weekend
Tea,2017-04-02 12:24:46,Afternoon,Weekend
Alfajores,2017-04-02 12:24:46,Afternoon,Weekend
Pastry,2017-04-02 12:24:46,Afternoon,Weekend
Pastry,2017-04-02 12:26:36,Afternoon,Weekend
Coffee,2017-04-02 12:26:36,Afternoon,Weekend
Coffee,2017-04-02 12:26:36,Afternoon,Weekend
Sandwich,2017-04-02 12:33:29,Afternoon,Weekend
Sandwich,2017-04-02 12:33:29,Afternoon,Weekend
Cake,2017-04-02 12:38:34,Afternoon,Weekend
Medialuna,2017-04-02 12:42:33,Afternoon,Weekend
Bread,2017-04-02 12:42:33,Afternoon,Weekend
Coffee,2017-04-02 12:44:36,Afternoon,Weekend
Brownie,2017-04-02 12:44:36,Afternoon,Weekend
Cake,2017-04-02 12:44:36,Afternoon,Weekend
Cake,2017-04-02 12:49:53,Afternoon,Weekend
Cookies,2017-04-02 12:49:53,Afternoon,Weekend
Tea,2017-04-02 12:49:53,Afternoon,Weekend
Smoothies,2017-04-02 12:49:53,Afternoon,Weekend
Coffee,2017-04-02 12:49:53,Afternoon,Weekend
Tea,2017-04-02 12:51:42,Afternoon,Weekend
Coffee,2017-04-02 12:51:42,Afternoon,Weekend
Truffles,2017-04-02 12:51:42,Afternoon,Weekend
Bread,2017-04-02 12:52:39,Afternoon,Weekend
Brownie,2017-04-02 12:52:39,Afternoon,Weekend
Coffee,2017-04-02 12:55:55,Afternoon,Weekend
Spanish Brunch,2017-04-02 12:55:55,Afternoon,Weekend
Scandinavian,2017-04-02 13:05:51,Afternoon,Weekend
Cookies,2017-04-02 13:08:48,Afternoon,Weekend
Coffee,2017-04-02 13:10:59,Afternoon,Weekend
Mineral water,2017-04-02 13:10:59,Afternoon,Weekend
Bread,2017-04-02 13:10:59,Afternoon,Weekend
Spanish Brunch,2017-04-02 13:20:16,Afternoon,Weekend
Juice,2017-04-02 13:20:16,Afternoon,Weekend
Coffee,2017-04-02 13:20:16,Afternoon,Weekend
Coffee,2017-04-02 13:20:16,Afternoon,Weekend
Toast,2017-04-02 13:20:16,Afternoon,Weekend
Scone,2017-04-02 13:21:59,Afternoon,Weekend
Tea,2017-04-02 13:38:56,Afternoon,Weekend
Sandwich,2017-04-02 13:38:56,Afternoon,Weekend
Brownie,2017-04-02 13:40:38,Afternoon,Weekend
Coffee,2017-04-02 13:40:38,Afternoon,Weekend
Coffee,2017-04-02 13:40:38,Afternoon,Weekend
Sandwich,2017-04-02 13:42:36,Afternoon,Weekend
Sandwich,2017-04-02 13:42:36,Afternoon,Weekend
Bread,2017-04-02 13:42:36,Afternoon,Weekend
Coffee,2017-04-02 13:42:36,Afternoon,Weekend
Bread,2017-04-02 14:00:05,Afternoon,Weekend
Bread,2017-04-02 14:00:05,Afternoon,Weekend
Coffee,2017-04-02 14:18:23,Afternoon,Weekend
Coffee,2017-04-02 14:18:23,Afternoon,Weekend
Chicken Stew,2017-04-02 14:18:23,Afternoon,Weekend
Soup,2017-04-02 14:18:23,Afternoon,Weekend
Sandwich,2017-04-02 14:18:23,Afternoon,Weekend
Sandwich,2017-04-02 14:19:44,Afternoon,Weekend
Sandwich,2017-04-02 14:19:44,Afternoon,Weekend
Salad,2017-04-02 14:19:44,Afternoon,Weekend
Coffee,2017-04-02 14:19:44,Afternoon,Weekend
Coffee,2017-04-02 14:19:44,Afternoon,Weekend
Cake,2017-04-02 14:19:44,Afternoon,Weekend
Cake,2017-04-02 14:37:49,Afternoon,Weekend
Coffee,2017-04-02 14:40:54,Afternoon,Weekend
Cake,2017-04-02 14:46:29,Afternoon,Weekend
Scone,2017-04-02 14:46:29,Afternoon,Weekend
Scone,2017-04-02 14:50:06,Afternoon,Weekend
Coffee,2017-04-02 14:50:06,Afternoon,Weekend
Coffee,2017-04-02 14:50:06,Afternoon,Weekend
Coffee,2017-04-02 14:50:06,Afternoon,Weekend
Cake,2017-04-02 14:50:06,Afternoon,Weekend
Cake,2017-04-02 14:52:04,Afternoon,Weekend
Brownie,2017-04-02 14:52:04,Afternoon,Weekend
Salad,2017-04-02 14:54:37,Afternoon,Weekend
Sandwich,2017-04-02 14:54:37,Afternoon,Weekend
Tea,2017-04-02 14:54:37,Afternoon,Weekend
Tea,2017-04-02 14:54:37,Afternoon,Weekend
Scone,2017-04-02 14:54:37,Afternoon,Weekend
Cookies,2017-04-02 14:54:37,Afternoon,Weekend
Chicken Stew,2017-04-02 14:56:27,Afternoon,Weekend
Truffles,2017-04-02 14:56:27,Afternoon,Weekend
Juice,2017-04-02 14:56:27,Afternoon,Weekend
Coffee,2017-04-02 14:58:07,Afternoon,Weekend
Alfajores,2017-04-02 14:58:07,Afternoon,Weekend
Spanish Brunch,2017-04-02 14:58:07,Afternoon,Weekend
Coffee,2017-04-02 15:15:03,Afternoon,Weekend
Hot chocolate,2017-04-02 15:16:26,Afternoon,Weekend
Coffee,2017-04-02 15:16:26,Afternoon,Weekend
Cake,2017-04-02 15:16:26,Afternoon,Weekend
Coffee,2017-04-02 15:22:18,Afternoon,Weekend
Cake,2017-04-02 15:22:18,Afternoon,Weekend
Cake,2017-04-02 15:30:42,Afternoon,Weekend
Cake,2017-04-02 15:30:42,Afternoon,Weekend
Coffee,2017-04-02 15:30:42,Afternoon,Weekend
Hot chocolate,2017-04-02 15:30:42,Afternoon,Weekend
Sandwich,2017-04-02 15:31:18,Afternoon,Weekend
Cookies,2017-04-02 15:32:20,Afternoon,Weekend
Brownie,2017-04-02 15:50:03,Afternoon,Weekend
Coffee,2017-04-02 15:50:03,Afternoon,Weekend
Bread,2017-04-02 15:52:55,Afternoon,Weekend
Cake,2017-04-02 15:53:51,Afternoon,Weekend
Cake,2017-04-02 15:53:51,Afternoon,Weekend
Coffee,2017-04-02 15:53:51,Afternoon,Weekend
Coffee,2017-04-02 15:59:23,Afternoon,Weekend
Salad,2017-04-02 15:59:23,Afternoon,Weekend
Coffee,2017-04-02 16:15:02,Afternoon,Weekend
Cake,2017-04-02 16:15:02,Afternoon,Weekend
Cake,2017-04-02 16:15:02,Afternoon,Weekend
Cake,2017-04-02 16:16:30,Afternoon,Weekend
Salad,2017-04-02 16:16:30,Afternoon,Weekend
Valentine's card,2017-04-02 16:16:30,Afternoon,Weekend
Scandinavian,2017-04-02 16:18:05,Afternoon,Weekend
Bread,2017-04-02 16:19:52,Afternoon,Weekend
Coffee,2017-04-02 16:19:52,Afternoon,Weekend
Brownie,2017-04-02 16:33:02,Afternoon,Weekend
Tea,2017-04-02 16:39:21,Afternoon,Weekend
Tea,2017-04-02 16:39:21,Afternoon,Weekend
Soup,2017-04-02 16:39:21,Afternoon,Weekend
Juice,2017-04-02 16:39:21,Afternoon,Weekend
Cake,2017-04-02 16:39:21,Afternoon,Weekend
Bread,2017-04-02 16:39:21,Afternoon,Weekend
Bread,2017-04-02 16:40:34,Afternoon,Weekend
Bread,2017-04-02 16:40:34,Afternoon,Weekend
Cake,2017-04-02 16:40:34,Afternoon,Weekend
Bread,2017-04-02 16:40:34,Afternoon,Weekend
Soup,2017-04-02 16:40:34,Afternoon,Weekend
Soup,2017-04-02 16:40:34,Afternoon,Weekend
Bread,2017-04-02 16:54:02,Afternoon,Weekend
Coffee,2017-04-02 17:03:43,Evening,Weekend
Coffee,2017-04-02 17:03:43,Evening,Weekend
Coffee,2017-04-02 17:03:43,Evening,Weekend
Cake,2017-04-02 17:03:43,Evening,Weekend
Bread,2017-04-02 17:03:43,Evening,Weekend
Alfajores,2017-04-02 17:03:43,Evening,Weekend
Truffles,2017-04-02 18:13:28,Evening,Weekend
Coffee,2017-04-02 18:13:28,Evening,Weekend
Tshirt,2017-04-02 18:13:28,Evening,Weekend
Coffee,2017-04-02 18:21:30,Evening,Weekend
Hot chocolate,2017-04-02 18:22:52,Evening,Weekend
Coffee,2017-04-02 18:28:38,Evening,Weekend
Juice,2017-04-02 18:31:28,Evening,Weekend
Juice,2017-04-02 18:34:12,Evening,Weekend
Truffles,2017-04-02 18:34:12,Evening,Weekend
Mineral water,2017-04-02 18:34:12,Evening,Weekend
Tshirt,2017-04-02 18:38:30,Evening,Weekend
Tshirt,2017-04-02 18:39:21,Evening,Weekend
Tea,2017-04-02 18:44:56,Evening,Weekend
Tea,2017-04-02 18:44:56,Evening,Weekend
Hot chocolate,2017-04-02 18:44:56,Evening,Weekend
Tshirt,2017-04-02 18:45:30,Evening,Weekend
Bread,2017-04-02 18:53:20,Evening,Weekend
Hot chocolate,2017-04-02 18:53:20,Evening,Weekend
Tshirt,2017-04-02 18:53:20,Evening,Weekend
Vegan Feast,2017-04-02 18:58:34,Evening,Weekend
Tea,2017-04-02 18:58:34,Evening,Weekend
Postcard,2017-04-02 19:01:06,Evening,Weekend
Coffee,2017-04-02 19:01:06,Evening,Weekend
Tshirt,2017-04-02 19:04:07,Evening,Weekend
Coke,2017-04-02 19:04:07,Evening,Weekend
Coke,2017-04-02 19:05:46,Evening,Weekend
Tshirt,2017-04-02 19:09:13,Evening,Weekend
Coke,2017-04-02 19:11:18,Evening,Weekend
Truffles,2017-04-02 19:12:59,Evening,Weekend
Tshirt,2017-04-02 19:14:34,Evening,Weekend
Tshirt,2017-04-02 19:14:57,Evening,Weekend
Tea,2017-04-02 19:16:43,Evening,Weekend
Coke,2017-04-02 19:17:42,Evening,Weekend
Tshirt,2017-04-02 19:18:23,Evening,Weekend
Fudge,2017-04-02 19:18:23,Evening,Weekend
Hot chocolate,2017-04-02 19:25:45,Evening,Weekend
Coffee,2017-04-02 19:25:45,Evening,Weekend
Tshirt,2017-04-02 19:26:27,Evening,Weekend
Valentine's card,2017-04-02 19:27:09,Evening,Weekend
Tshirt,2017-04-02 19:27:09,Evening,Weekend
Tshirt,2017-04-02 19:41:38,Evening,Weekend
Tshirt,2017-04-02 19:42:59,Evening,Weekend
Postcard,2017-04-02 19:42:59,Evening,Weekend
Tshirt,2017-04-02 19:46:04,Evening,Weekend
Valentine's card,2017-04-02 19:56:24,Evening,Weekend
Tshirt,2017-04-02 19:56:24,Evening,Weekend
Postcard,2017-04-02 19:56:24,Evening,Weekend
Valentine's card,2017-04-02 19:57:04,Evening,Weekend
Valentine's card,2017-04-02 19:59:23,Evening,Weekend
Postcard,2017-04-02 20:08:19,Evening,Weekend
Nomad bag,2017-04-02 20:12:57,Evening,Weekend
Postcard,2017-04-02 20:12:57,Evening,Weekend
Tshirt,2017-04-02 20:12:57,Evening,Weekend
Tshirt,2017-04-02 20:13:27,Evening,Weekend
Postcard,2017-04-02 20:13:27,Evening,Weekend
Tshirt,2017-04-02 20:14:23,Evening,Weekend
Postcard,2017-04-02 20:14:23,Evening,Weekend
Postcard,2017-04-02 20:15:44,Evening,Weekend
Postcard,2017-04-02 20:15:54,Evening,Weekend
Tshirt,2017-04-02 20:39:29,Evening,Weekend
Tshirt,2017-04-02 20:46:29,Evening,Weekend
Postcard,2017-04-02 20:46:29,Evening,Weekend
Coffee,2017-05-02 09:20:25,Morning,Weekend
Coffee,2017-05-02 09:20:25,Morning,Weekend
Pastry,2017-05-02 09:20:25,Morning,Weekend
Pastry,2017-05-02 09:20:25,Morning,Weekend
Farm House,2017-05-02 09:20:25,Morning,Weekend
Tea,2017-05-02 09:31:47,Morning,Weekend
Coffee,2017-05-02 09:31:47,Morning,Weekend
Coffee,2017-05-02 09:31:47,Morning,Weekend
Pastry,2017-05-02 09:31:47,Morning,Weekend
Scone,2017-05-02 09:31:47,Morning,Weekend
Coffee,2017-05-02 09:32:30,Morning,Weekend
Medialuna,2017-05-02 09:32:30,Morning,Weekend
Coffee,2017-05-02 09:33:57,Morning,Weekend
Bread,2017-05-02 09:33:57,Morning,Weekend
Hot chocolate,2017-05-02 09:55:27,Morning,Weekend
Bread,2017-05-02 10:10:23,Morning,Weekend
Tea,2017-05-02 10:20:03,Morning,Weekend
Tea,2017-05-02 10:20:03,Morning,Weekend
Pastry,2017-05-02 10:20:03,Morning,Weekend
Pastry,2017-05-02 10:20:03,Morning,Weekend
Bread,2017-05-02 10:28:25,Morning,Weekend
Bread,2017-05-02 10:28:25,Morning,Weekend
Coffee,2017-05-02 10:29:30,Morning,Weekend
Coffee,2017-05-02 10:29:30,Morning,Weekend
Tea,2017-05-02 10:29:30,Morning,Weekend
Coffee,2017-05-02 10:31:33,Morning,Weekend
Coffee,2017-05-02 10:31:33,Morning,Weekend
Hot chocolate,2017-05-02 10:31:33,Morning,Weekend
Hot chocolate,2017-05-02 10:31:33,Morning,Weekend
Medialuna,2017-05-02 10:31:33,Morning,Weekend
Scone,2017-05-02 10:31:33,Morning,Weekend
Alfajores,2017-05-02 10:31:33,Morning,Weekend
Spanish Brunch,2017-05-02 10:31:33,Morning,Weekend
Bread,2017-05-02 10:35:44,Morning,Weekend
Coffee,2017-05-02 10:49:43,Morning,Weekend
Coffee,2017-05-02 10:49:43,Morning,Weekend
Alfajores,2017-05-02 10:49:43,Morning,Weekend
Cookies,2017-05-02 10:49:43,Morning,Weekend
Sandwich,2017-05-02 11:06:01,Morning,Weekend
Sandwich,2017-05-02 11:06:01,Morning,Weekend
Coffee,2017-05-02 11:06:01,Morning,Weekend
Scone,2017-05-02 11:06:01,Morning,Weekend
Scone,2017-05-02 11:28:10,Morning,Weekend
Coffee,2017-05-02 11:28:10,Morning,Weekend
Coffee,2017-05-02 11:28:10,Morning,Weekend
Coffee,2017-05-02 11:28:10,Morning,Weekend
Coffee,2017-05-02 11:33:40,Morning,Weekend
Hot chocolate,2017-05-02 11:33:40,Morning,Weekend
Farm House,2017-05-02 11:33:40,Morning,Weekend
Bread,2017-05-02 11:51:24,Morning,Weekend
Coffee,2017-05-02 11:51:24,Morning,Weekend
Coffee,2017-05-02 11:51:24,Morning,Weekend
Hot chocolate,2017-05-02 11:58:01,Morning,Weekend
Hot chocolate,2017-05-02 11:58:01,Morning,Weekend
Coffee,2017-05-02 11:58:01,Morning,Weekend
Coffee,2017-05-02 11:58:01,Morning,Weekend
Coffee,2017-05-02 11:58:01,Morning,Weekend
Cookies,2017-05-02 11:58:01,Morning,Weekend
Cookies,2017-05-02 11:58:01,Morning,Weekend
Brownie,2017-05-02 11:58:01,Morning,Weekend
Pastry,2017-05-02 11:58:01,Morning,Weekend
Baguette,2017-05-02 11:58:01,Morning,Weekend
Coffee,2017-05-02 11:58:44,Morning,Weekend
Cake,2017-05-02 11:58:44,Morning,Weekend
Coffee,2017-05-02 12:00:34,Afternoon,Weekend
Coffee,2017-05-02 12:04:32,Afternoon,Weekend
Coffee,2017-05-02 12:04:32,Afternoon,Weekend
Coffee,2017-05-02 12:04:32,Afternoon,Weekend
Tea,2017-05-02 12:04:32,Afternoon,Weekend
Medialuna,2017-05-02 12:04:32,Afternoon,Weekend
Medialuna,2017-05-02 12:04:32,Afternoon,Weekend
Cookies,2017-05-02 12:04:32,Afternoon,Weekend
Cookies,2017-05-02 12:04:32,Afternoon,Weekend
Bread,2017-05-02 12:07:51,Afternoon,Weekend
Fudge,2017-05-02 12:07:51,Afternoon,Weekend
Alfajores,2017-05-02 12:07:51,Afternoon,Weekend
Coffee,2017-05-02 12:09:41,Afternoon,Weekend
Tea,2017-05-02 12:09:41,Afternoon,Weekend
Sandwich,2017-05-02 12:09:41,Afternoon,Weekend
Spanish Brunch,2017-05-02 12:10:23,Afternoon,Weekend
Bread,2017-05-02 12:10:23,Afternoon,Weekend
Cake,2017-05-02 12:22:47,Afternoon,Weekend
Alfajores,2017-05-02 12:22:47,Afternoon,Weekend
Bread,2017-05-02 12:31:43,Afternoon,Weekend
Coffee,2017-05-02 12:32:24,Afternoon,Weekend
Coffee,2017-05-02 12:32:24,Afternoon,Weekend
Bread,2017-05-02 12:32:24,Afternoon,Weekend
Pastry,2017-05-02 12:32:24,Afternoon,Weekend
Salad,2017-05-02 12:35:49,Afternoon,Weekend
Coffee,2017-05-02 12:35:49,Afternoon,Weekend
Coffee,2017-05-02 12:35:49,Afternoon,Weekend
Coffee,2017-05-02 12:58:48,Afternoon,Weekend
Coffee,2017-05-02 12:58:48,Afternoon,Weekend
Coffee,2017-05-02 12:58:48,Afternoon,Weekend
Bread,2017-05-02 12:58:48,Afternoon,Weekend
Cookies,2017-05-02 12:58:48,Afternoon,Weekend
Alfajores,2017-05-02 12:58:48,Afternoon,Weekend
Sandwich,2017-05-02 12:58:48,Afternoon,Weekend
Sandwich,2017-05-02 12:58:48,Afternoon,Weekend
Coffee,2017-05-02 13:03:18,Afternoon,Weekend
Coffee,2017-05-02 13:03:18,Afternoon,Weekend
Pastry,2017-05-02 13:03:18,Afternoon,Weekend
Bread,2017-05-02 13:03:18,Afternoon,Weekend
Coffee,2017-05-02 13:08:10,Afternoon,Weekend
Pastry,2017-05-02 13:08:10,Afternoon,Weekend
Sandwich,2017-05-02 13:17:15,Afternoon,Weekend
Coffee,2017-05-02 13:17:15,Afternoon,Weekend
Coke,2017-05-02 13:17:15,Afternoon,Weekend
Bread,2017-05-02 13:29:19,Afternoon,Weekend
Scone,2017-05-02 13:29:19,Afternoon,Weekend
Alfajores,2017-05-02 13:29:19,Afternoon,Weekend
Brownie,2017-05-02 13:30:54,Afternoon,Weekend
Bread,2017-05-02 13:30:54,Afternoon,Weekend
Scandinavian,2017-05-02 13:30:54,Afternoon,Weekend
Coffee,2017-05-02 13:54:48,Afternoon,Weekend
Cake,2017-05-02 13:54:48,Afternoon,Weekend
Bread,2017-05-02 13:54:48,Afternoon,Weekend
Cake,2017-05-02 13:56:55,Afternoon,Weekend
Pastry,2017-05-02 13:56:55,Afternoon,Weekend
Bread,2017-05-02 13:56:55,Afternoon,Weekend
Cookies,2017-05-02 14:05:37,Afternoon,Weekend
Cake,2017-05-02 14:05:37,Afternoon,Weekend
Hot chocolate,2017-05-02 14:07:29,Afternoon,Weekend
Tea,2017-05-02 14:07:29,Afternoon,Weekend
Alfajores,2017-05-02 14:07:29,Afternoon,Weekend
Bread,2017-05-02 14:19:47,Afternoon,Weekend
Coffee,2017-05-02 14:19:47,Afternoon,Weekend
Coffee,2017-05-02 14:19:47,Afternoon,Weekend
Cookies,2017-05-02 14:19:47,Afternoon,Weekend
Cake,2017-05-02 14:19:47,Afternoon,Weekend
Scandinavian,2017-05-02 14:25:22,Afternoon,Weekend
Coffee,2017-05-02 14:32:55,Afternoon,Weekend
Coffee,2017-05-02 14:32:55,Afternoon,Weekend
Cake,2017-05-02 14:32:55,Afternoon,Weekend
Alfajores,2017-05-02 14:32:55,Afternoon,Weekend
Coffee,2017-05-02 14:36:04,Afternoon,Weekend
Chicken Stew,2017-05-02 14:36:04,Afternoon,Weekend
Sandwich,2017-05-02 14:36:04,Afternoon,Weekend
Fudge,2017-05-02 14:36:04,Afternoon,Weekend
Coffee,2017-05-02 14:42:35,Afternoon,Weekend
Sandwich,2017-05-02 14:42:35,Afternoon,Weekend
Fudge,2017-05-02 14:42:35,Afternoon,Weekend
Baguette,2017-05-02 14:50:49,Afternoon,Weekend
Coffee,2017-05-02 14:50:49,Afternoon,Weekend
Tea,2017-05-02 14:50:49,Afternoon,Weekend
Cake,2017-05-02 14:50:49,Afternoon,Weekend
Coffee,2017-05-02 14:57:57,Afternoon,Weekend
Tea,2017-05-02 14:57:57,Afternoon,Weekend
Tea,2017-05-02 15:03:20,Afternoon,Weekend
Bread,2017-05-02 15:03:20,Afternoon,Weekend
Bread,2017-05-02 15:18:02,Afternoon,Weekend
Coffee,2017-05-02 15:21:24,Afternoon,Weekend
Tea,2017-05-02 15:44:59,Afternoon,Weekend
Coffee,2017-05-02 15:44:59,Afternoon,Weekend
Sandwich,2017-05-02 15:44:59,Afternoon,Weekend
Sandwich,2017-05-02 15:44:59,Afternoon,Weekend
Bread,2017-05-02 15:44:59,Afternoon,Weekend
Bread,2017-05-02 15:46:48,Afternoon,Weekend
Spanish Brunch,2017-05-02 15:54:11,Afternoon,Weekend
Chicken Stew,2017-05-02 15:54:11,Afternoon,Weekend
Coffee,2017-05-02 15:54:11,Afternoon,Weekend
Coffee,2017-05-02 15:54:41,Afternoon,Weekend
Coffee,2017-05-02 15:54:41,Afternoon,Weekend
Coffee,2017-05-02 15:54:41,Afternoon,Weekend
Cookies,2017-05-02 15:54:41,Afternoon,Weekend
Cake,2017-05-02 15:54:41,Afternoon,Weekend
Hot chocolate,2017-05-02 15:56:23,Afternoon,Weekend
Hot chocolate,2017-05-02 15:56:23,Afternoon,Weekend
Bread,2017-05-02 15:56:23,Afternoon,Weekend
Coffee,2017-05-02 15:56:23,Afternoon,Weekend
Coffee,2017-06-02 08:29:57,Morning,Weekday
Coffee,2017-06-02 08:29:57,Morning,Weekday
Coffee,2017-06-02 08:29:57,Morning,Weekday
Bread,2017-06-02 08:30:54,Morning,Weekday
Bread,2017-06-02 08:30:54,Morning,Weekday
Tea,2017-06-02 08:58:26,Morning,Weekday
Medialuna,2017-06-02 08:58:26,Morning,Weekday
Coffee,2017-06-02 09:03:39,Morning,Weekday
Bread,2017-06-02 09:09:46,Morning,Weekday
Bread,2017-06-02 09:09:46,Morning,Weekday
Bread,2017-06-02 09:11:12,Morning,Weekday
Coffee,2017-06-02 09:11:12,Morning,Weekday
Coffee,2017-06-02 09:33:29,Morning,Weekday
Tea,2017-06-02 09:34:11,Morning,Weekday
Bread,2017-06-02 09:39:04,Morning,Weekday
Coffee,2017-06-02 09:53:53,Morning,Weekday
Pastry,2017-06-02 09:53:53,Morning,Weekday
Coffee,2017-06-02 09:54:07,Morning,Weekday
Baguette,2017-06-02 10:10:14,Morning,Weekday
Bread,2017-06-02 10:10:14,Morning,Weekday
Pastry,2017-06-02 10:10:14,Morning,Weekday
Pastry,2017-06-02 10:11:27,Morning,Weekday
Pastry,2017-06-02 10:11:27,Morning,Weekday
Cookies,2017-06-02 10:18:37,Morning,Weekday
Coffee,2017-06-02 10:18:37,Morning,Weekday
Coffee,2017-06-02 10:19:34,Morning,Weekday
Sandwich,2017-06-02 10:19:34,Morning,Weekday
Jam,2017-06-02 10:40:25,Morning,Weekday
Bread,2017-06-02 10:40:25,Morning,Weekday
Pastry,2017-06-02 10:40:25,Morning,Weekday
Coffee,2017-06-02 10:41:06,Morning,Weekday
Coffee,2017-06-02 10:49:13,Morning,Weekday
Coffee,2017-06-02 10:50:29,Morning,Weekday
Medialuna,2017-06-02 10:50:29,Morning,Weekday
Cookies,2017-06-02 10:56:19,Morning,Weekday
Bread,2017-06-02 10:56:19,Morning,Weekday
Farm House,2017-06-02 10:56:19,Morning,Weekday
Bread,2017-06-02 11:35:13,Morning,Weekday
Cake,2017-06-02 11:35:13,Morning,Weekday
Coffee,2017-06-02 11:44:41,Morning,Weekday
Bread,2017-06-02 11:52:10,Morning,Weekday
Coffee,2017-06-02 11:53:23,Morning,Weekday
Pastry,2017-06-02 11:53:23,Morning,Weekday
Coffee,2017-06-02 11:57:28,Morning,Weekday
Coffee,2017-06-02 12:00:50,Afternoon,Weekday
Coffee,2017-06-02 12:00:50,Afternoon,Weekday
Toast,2017-06-02 12:00:50,Afternoon,Weekday
Bread,2017-06-02 12:03:20,Afternoon,Weekday
Coffee,2017-06-02 12:15:42,Afternoon,Weekday
Hot chocolate,2017-06-02 12:31:44,Afternoon,Weekday
Coffee,2017-06-02 12:31:44,Afternoon,Weekday
Toast,2017-06-02 12:31:44,Afternoon,Weekday
Bread,2017-06-02 12:31:57,Afternoon,Weekday
Coffee,2017-06-02 12:34:37,Afternoon,Weekday
Tea,2017-06-02 12:34:37,Afternoon,Weekday
Cake,2017-06-02 12:34:37,Afternoon,Weekday
Scone,2017-06-02 12:34:37,Afternoon,Weekday
Pastry,2017-06-02 12:46:20,Afternoon,Weekday
Bread,2017-06-02 12:48:56,Afternoon,Weekday
Bread,2017-06-02 12:48:56,Afternoon,Weekday
Sandwich,2017-06-02 12:48:56,Afternoon,Weekday
Baguette,2017-06-02 13:03:11,Afternoon,Weekday
Bread,2017-06-02 13:04:40,Afternoon,Weekday
Bread,2017-06-02 13:26:48,Afternoon,Weekday
Sandwich,2017-06-02 13:28:11,Afternoon,Weekday
Coffee,2017-06-02 13:29:02,Afternoon,Weekday
Soup,2017-06-02 13:31:58,Afternoon,Weekday
Coffee,2017-06-02 13:31:58,Afternoon,Weekday
Coffee,2017-06-02 13:49:08,Afternoon,Weekday
Truffles,2017-06-02 14:01:52,Afternoon,Weekday
Scone,2017-06-02 14:01:52,Afternoon,Weekday
Coffee,2017-06-02 14:05:37,Afternoon,Weekday
Mineral water,2017-06-02 14:05:37,Afternoon,Weekday
Sandwich,2017-06-02 14:05:37,Afternoon,Weekday
Spanish Brunch,2017-06-02 14:05:37,Afternoon,Weekday
Alfajores,2017-06-02 14:05:37,Afternoon,Weekday
Truffles,2017-06-02 14:05:37,Afternoon,Weekday
Tea,2017-06-02 14:05:37,Afternoon,Weekday
Bread,2017-06-02 14:07:17,Afternoon,Weekday
Coffee,2017-06-02 14:07:17,Afternoon,Weekday
Bread,2017-06-02 14:09:29,Afternoon,Weekday
Fudge,2017-06-02 14:09:29,Afternoon,Weekday
Fudge,2017-06-02 14:09:29,Afternoon,Weekday
Fudge,2017-06-02 14:25:31,Afternoon,Weekday
Truffles,2017-06-02 14:52:34,Afternoon,Weekday
Cake,2017-06-02 14:54:04,Afternoon,Weekday
Coffee,2017-06-02 14:58:09,Afternoon,Weekday
Cake,2017-06-02 14:58:09,Afternoon,Weekday
Juice,2017-06-02 14:58:09,Afternoon,Weekday
Truffles,2017-06-02 15:12:19,Afternoon,Weekday
Coffee,2017-06-02 15:12:19,Afternoon,Weekday
Sandwich,2017-06-02 15:12:19,Afternoon,Weekday
Spanish Brunch,2017-06-02 15:12:19,Afternoon,Weekday
Brownie,2017-06-02 15:12:19,Afternoon,Weekday
Medialuna,2017-06-02 15:15:10,Afternoon,Weekday
Tea,2017-06-02 15:15:10,Afternoon,Weekday
Brownie,2017-06-02 15:15:10,Afternoon,Weekday
Tea,2017-06-02 15:15:10,Afternoon,Weekday
Soup,2017-06-02 15:15:10,Afternoon,Weekday
Soup,2017-06-02 15:15:10,Afternoon,Weekday
Coffee,2017-06-02 15:15:51,Afternoon,Weekday
Cake,2017-06-02 15:15:51,Afternoon,Weekday
Chicken Stew,2017-06-02 15:15:51,Afternoon,Weekday
Tea,2017-06-02 15:34:04,Afternoon,Weekday
Cake,2017-06-02 15:34:04,Afternoon,Weekday
Bread,2017-06-02 15:34:54,Afternoon,Weekday
Cookies,2017-06-02 15:42:17,Afternoon,Weekday
Tea,2017-06-02 15:42:17,Afternoon,Weekday
Tea,2017-06-02 15:42:17,Afternoon,Weekday
Coffee,2017-06-02 15:45:24,Afternoon,Weekday
Juice,2017-06-02 15:45:24,Afternoon,Weekday
Alfajores,2017-06-02 15:45:24,Afternoon,Weekday
Bread,2017-06-02 15:45:52,Afternoon,Weekday
Brownie,2017-06-02 15:46:51,Afternoon,Weekday
Coffee,2017-06-02 15:46:51,Afternoon,Weekday
Coffee,2017-06-02 15:46:51,Afternoon,Weekday
Juice,2017-06-02 15:46:51,Afternoon,Weekday
Farm House,2017-06-02 15:46:51,Afternoon,Weekday
Juice,2017-06-02 15:48:36,Afternoon,Weekday
Cookies,2017-06-02 15:48:36,Afternoon,Weekday
Brownie,2017-06-02 15:48:36,Afternoon,Weekday
Tea,2017-06-02 15:48:36,Afternoon,Weekday
Coffee,2017-06-02 15:50:30,Afternoon,Weekday
Cake,2017-06-02 15:50:30,Afternoon,Weekday
Brownie,2017-06-02 15:50:30,Afternoon,Weekday
Coffee,2017-06-02 15:51:59,Afternoon,Weekday
Coffee,2017-06-02 16:24:36,Afternoon,Weekday
Scone,2017-06-02 16:24:36,Afternoon,Weekday
Tea,2017-06-02 16:37:37,Afternoon,Weekday
Brownie,2017-06-02 16:37:37,Afternoon,Weekday
Toast,2017-06-02 16:37:37,Afternoon,Weekday
Bread,2017-06-02 17:07:50,Evening,Weekday
Pastry,2017-06-02 17:20:47,Evening,Weekday
Medialuna,2017-06-02 17:20:47,Evening,Weekday
Hot chocolate,2017-06-02 17:20:47,Evening,Weekday
Coffee,2017-06-02 17:20:47,Evening,Weekday
Bread,2017-07-02 08:39:43,Morning,Weekday
Sandwich,2017-07-02 08:54:43,Morning,Weekday
Coffee,2017-07-02 08:54:43,Morning,Weekday
Bread,2017-07-02 09:04:47,Morning,Weekday
Farm House,2017-07-02 09:04:47,Morning,Weekday
Hot chocolate,2017-07-02 09:20:13,Morning,Weekday
Hot chocolate,2017-07-02 09:20:47,Morning,Weekday
Hot chocolate,2017-07-02 09:21:15,Morning,Weekday
Tea,2017-07-02 09:29:22,Morning,Weekday
Toast,2017-07-02 09:29:22,Morning,Weekday
Baguette,2017-07-02 09:29:22,Morning,Weekday
Coffee,2017-07-02 09:51:29,Morning,Weekday
Scandinavian,2017-07-02 10:13:58,Morning,Weekday
Bread,2017-07-02 10:13:58,Morning,Weekday
Nomad bag,2017-07-02 10:13:58,Morning,Weekday
Bread,2017-07-02 10:17:13,Morning,Weekday
Bread,2017-07-02 10:20:21,Morning,Weekday
Pastry,2017-07-02 10:20:21,Morning,Weekday
Bread,2017-07-02 10:28:30,Morning,Weekday
Coffee,2017-07-02 10:31:27,Morning,Weekday
Coffee,2017-07-02 10:31:27,Morning,Weekday
Coffee,2017-07-02 10:33:42,Morning,Weekday
Coffee,2017-07-02 10:33:42,Morning,Weekday
Cake,2017-07-02 10:33:42,Morning,Weekday
Bread,2017-07-02 10:33:42,Morning,Weekday
Coffee,2017-07-02 10:51:55,Morning,Weekday
Coffee,2017-07-02 10:51:55,Morning,Weekday
Coffee,2017-07-02 10:56:03,Morning,Weekday
Pastry,2017-07-02 10:56:03,Morning,Weekday
Brownie,2017-07-02 10:56:03,Morning,Weekday
Coffee,2017-07-02 10:59:21,Morning,Weekday
Pastry,2017-07-02 10:59:21,Morning,Weekday
Bread,2017-07-02 11:02:19,Morning,Weekday
Salad,2017-07-02 11:04:36,Morning,Weekday
Coffee,2017-07-02 11:07:33,Morning,Weekday
Bread,2017-07-02 11:26:48,Morning,Weekday
Coffee,2017-07-02 11:26:48,Morning,Weekday
Coffee,2017-07-02 11:43:00,Morning,Weekday
Coffee,2017-07-02 11:43:00,Morning,Weekday
Cake,2017-07-02 11:43:00,Morning,Weekday
Alfajores,2017-07-02 11:43:00,Morning,Weekday
Coffee,2017-07-02 11:44:58,Morning,Weekday
Coffee,2017-07-02 11:47:01,Morning,Weekday
Bread,2017-07-02 11:47:01,Morning,Weekday
Eggs,2017-07-02 11:47:01,Morning,Weekday
Tea,2017-07-02 11:50:33,Morning,Weekday
Bread,2017-07-02 12:16:22,Afternoon,Weekday
Farm House,2017-07-02 12:23:03,Afternoon,Weekday
Coffee,2017-07-02 12:30:41,Afternoon,Weekday
Alfajores,2017-07-02 12:30:41,Afternoon,Weekday
Coffee,2017-07-02 12:32:15,Afternoon,Weekday
Coffee,2017-07-02 12:32:15,Afternoon,Weekday
Pastry,2017-07-02 12:32:15,Afternoon,Weekday
Juice,2017-07-02 12:49:41,Afternoon,Weekday
Chicken Stew,2017-07-02 12:49:41,Afternoon,Weekday
Chicken Stew,2017-07-02 12:50:45,Afternoon,Weekday
Chocolates,2017-07-02 12:50:45,Afternoon,Weekday
Soup,2017-07-02 13:03:45,Afternoon,Weekday
Coffee,2017-07-02 13:03:45,Afternoon,Weekday
Chicken Stew,2017-07-02 13:06:24,Afternoon,Weekday
Juice,2017-07-02 13:06:24,Afternoon,Weekday
Eggs,2017-07-02 13:06:24,Afternoon,Weekday
Bread,2017-07-02 13:06:24,Afternoon,Weekday
Cake,2017-07-02 13:06:24,Afternoon,Weekday
Cake,2017-07-02 13:27:44,Afternoon,Weekday
Cake,2017-07-02 13:27:44,Afternoon,Weekday
Coffee,2017-07-02 13:27:44,Afternoon,Weekday
Hot chocolate,2017-07-02 13:27:44,Afternoon,Weekday
Coffee,2017-07-02 13:33:14,Afternoon,Weekday
Coffee,2017-07-02 13:33:14,Afternoon,Weekday
Cake,2017-07-02 13:33:14,Afternoon,Weekday
Farm House,2017-07-02 13:41:13,Afternoon,Weekday
Bread,2017-07-02 13:44:40,Afternoon,Weekday
Baguette,2017-07-02 13:49:18,Afternoon,Weekday
Soup,2017-07-02 14:26:30,Afternoon,Weekday
Spanish Brunch,2017-07-02 14:26:57,Afternoon,Weekday
Tea,2017-07-02 14:26:57,Afternoon,Weekday
Coffee,2017-07-02 14:46:51,Afternoon,Weekday
Cake,2017-07-02 14:46:51,Afternoon,Weekday
Tea,2017-07-02 14:52:23,Afternoon,Weekday
Tea,2017-07-02 14:52:23,Afternoon,Weekday
Spanish Brunch,2017-07-02 14:52:23,Afternoon,Weekday
Coffee,2017-07-02 15:03:18,Afternoon,Weekday
Coffee,2017-07-02 15:03:18,Afternoon,Weekday
Brownie,2017-07-02 15:03:18,Afternoon,Weekday
Truffles,2017-07-02 15:03:18,Afternoon,Weekday
Hot chocolate,2017-07-02 15:42:37,Afternoon,Weekday
Cake,2017-07-02 15:42:37,Afternoon,Weekday
Bread,2017-07-02 15:54:36,Afternoon,Weekday
Alfajores,2017-07-02 15:54:36,Afternoon,Weekday
Tea,2017-07-02 15:55:58,Afternoon,Weekday
Bread,2017-07-02 16:19:02,Afternoon,Weekday
Coffee,2017-07-02 16:47:37,Afternoon,Weekday
Alfajores,2017-07-02 16:47:37,Afternoon,Weekday
Bread,2017-07-02 17:01:48,Evening,Weekday
Smoothies,2017-07-02 17:01:48,Evening,Weekday
Mineral water,2017-07-02 17:01:48,Evening,Weekday
Alfajores,2017-07-02 17:01:48,Evening,Weekday
Brownie,2017-07-02 17:01:48,Evening,Weekday
Cake,2017-07-02 17:01:48,Evening,Weekday
Bread,2017-07-02 17:01:48,Evening,Weekday
Coffee,2017-07-02 17:06:40,Evening,Weekday
Tea,2017-07-02 17:06:40,Evening,Weekday
Cake,2017-07-02 17:06:40,Evening,Weekday
Baguette,2017-07-02 17:26:00,Evening,Weekday
Sandwich,2017-07-02 17:34:23,Evening,Weekday
Tea,2017-07-02 17:34:23,Evening,Weekday
Coffee,2017-08-02 08:34:11,Morning,Weekday
Alfajores,2017-08-02 08:37:15,Morning,Weekday
Bread,2017-08-02 09:09:37,Morning,Weekday
Bread,2017-08-02 09:39:18,Morning,Weekday
Pastry,2017-08-02 09:39:18,Morning,Weekday
Pastry,2017-08-02 09:42:40,Morning,Weekday
Bread,2017-08-02 09:42:40,Morning,Weekday
Eggs,2017-08-02 09:42:40,Morning,Weekday
Nomad bag,2017-08-02 09:42:40,Morning,Weekday
Coffee,2017-08-02 10:21:59,Morning,Weekday
Coffee,2017-08-02 10:21:59,Morning,Weekday
Alfajores,2017-08-02 10:21:59,Morning,Weekday
Coffee,2017-08-02 10:24:07,Morning,Weekday
Bread,2017-08-02 10:24:07,Morning,Weekday
Coffee,2017-08-02 10:30:26,Morning,Weekday
Bread,2017-08-02 10:30:45,Morning,Weekday
Coffee,2017-08-02 10:36:09,Morning,Weekday
Bread,2017-08-02 10:48:07,Morning,Weekday
Spanish Brunch,2017-08-02 10:48:07,Morning,Weekday
Coffee,2017-08-02 11:16:58,Morning,Weekday
Coffee,2017-08-02 11:41:36,Morning,Weekday
Coffee,2017-08-02 11:41:36,Morning,Weekday
Pastry,2017-08-02 11:41:36,Morning,Weekday
Medialuna,2017-08-02 11:41:36,Morning,Weekday
Mineral water,2017-08-02 11:46:18,Morning,Weekday
Crisps,2017-08-02 11:46:18,Morning,Weekday
Sandwich,2017-08-02 11:46:18,Morning,Weekday
Coffee,2017-08-02 12:04:50,Afternoon,Weekday
Coffee,2017-08-02 12:04:50,Afternoon,Weekday
Bread,2017-08-02 12:04:50,Afternoon,Weekday
Alfajores,2017-08-02 12:04:50,Afternoon,Weekday
Alfajores,2017-08-02 12:04:50,Afternoon,Weekday
Pastry,2017-08-02 12:04:50,Afternoon,Weekday
Medialuna,2017-08-02 12:14:37,Afternoon,Weekday
Bread,2017-08-02 12:14:37,Afternoon,Weekday
Tea,2017-08-02 12:14:37,Afternoon,Weekday
Coffee,2017-08-02 12:22:00,Afternoon,Weekday
Baguette,2017-08-02 12:25:12,Afternoon,Weekday
Farm House,2017-08-02 12:25:12,Afternoon,Weekday
Farm House,2017-08-02 12:27:05,Afternoon,Weekday
Bread,2017-08-02 12:56:59,Afternoon,Weekday
Chicken Stew,2017-08-02 12:56:59,Afternoon,Weekday
Chocolates,2017-08-02 13:06:17,Afternoon,Weekday
Chocolates,2017-08-02 13:06:17,Afternoon,Weekday
Coffee,2017-08-02 13:06:17,Afternoon,Weekday
Tea,2017-08-02 13:06:17,Afternoon,Weekday
Tea,2017-08-02 13:14:09,Afternoon,Weekday
Sandwich,2017-08-02 13:14:09,Afternoon,Weekday
Brownie,2017-08-02 13:14:09,Afternoon,Weekday
Brownie,2017-08-02 13:14:53,Afternoon,Weekday
Tea,2017-08-02 13:14:53,Afternoon,Weekday
Sandwich,2017-08-02 13:14:53,Afternoon,Weekday
Art Tray,2017-08-02 13:14:53,Afternoon,Weekday
Sandwich,2017-08-02 13:32:11,Afternoon,Weekday
Soup,2017-08-02 13:32:11,Afternoon,Weekday
Soup,2017-08-02 13:32:11,Afternoon,Weekday
Tea,2017-08-02 13:32:11,Afternoon,Weekday
Soup,2017-08-02 13:37:31,Afternoon,Weekday
Coffee,2017-08-02 13:37:31,Afternoon,Weekday
Hot chocolate,2017-08-02 13:37:31,Afternoon,Weekday
Brownie,2017-08-02 13:37:31,Afternoon,Weekday
Soup,2017-08-02 13:47:08,Afternoon,Weekday
Cake,2017-08-02 13:47:08,Afternoon,Weekday
Cake,2017-08-02 13:57:04,Afternoon,Weekday
Bread,2017-08-02 13:57:04,Afternoon,Weekday
Coffee,2017-08-02 13:57:04,Afternoon,Weekday
Coffee,2017-08-02 13:57:04,Afternoon,Weekday
Coffee,2017-08-02 14:00:24,Afternoon,Weekday
Soup,2017-08-02 14:06:50,Afternoon,Weekday
Chicken Stew,2017-08-02 14:06:50,Afternoon,Weekday
Mineral water,2017-08-02 14:06:50,Afternoon,Weekday
Coffee,2017-08-02 14:07:51,Afternoon,Weekday
Bread,2017-08-02 14:07:51,Afternoon,Weekday
Bread,2017-08-02 14:09:23,Afternoon,Weekday
Coffee,2017-08-02 14:09:23,Afternoon,Weekday
Coffee,2017-08-02 14:18:35,Afternoon,Weekday
Pastry,2017-08-02 14:18:35,Afternoon,Weekday
Tea,2017-08-02 15:05:19,Afternoon,Weekday
Coffee,2017-08-02 15:05:19,Afternoon,Weekday
Bread,2017-08-02 15:05:19,Afternoon,Weekday
Coffee,2017-08-02 15:10:45,Afternoon,Weekday
Sandwich,2017-08-02 15:10:45,Afternoon,Weekday
Bread,2017-08-02 15:12:37,Afternoon,Weekday
Coffee,2017-08-02 15:21:46,Afternoon,Weekday
Bread,2017-08-02 15:24:08,Afternoon,Weekday
Mineral water,2017-08-02 15:24:08,Afternoon,Weekday
Sandwich,2017-08-02 15:24:08,Afternoon,Weekday
Tea,2017-08-02 15:24:08,Afternoon,Weekday
Bread,2017-08-02 15:33:33,Afternoon,Weekday
Bread,2017-08-02 15:33:33,Afternoon,Weekday
Bread,2017-08-02 15:33:33,Afternoon,Weekday
Cake,2017-08-02 15:33:33,Afternoon,Weekday
Coffee,2017-08-02 16:13:19,Afternoon,Weekday
Tea,2017-08-02 16:13:19,Afternoon,Weekday
Brownie,2017-08-02 16:13:19,Afternoon,Weekday
Bread,2017-08-02 16:17:40,Afternoon,Weekday
Bread,2017-08-02 16:17:40,Afternoon,Weekday
Hot chocolate,2017-08-02 16:35:04,Afternoon,Weekday
Hot chocolate,2017-08-02 16:35:04,Afternoon,Weekday
Coffee,2017-08-02 16:56:31,Afternoon,Weekday
Cake,2017-08-02 16:56:31,Afternoon,Weekday
Coffee,2017-08-02 16:59:00,Afternoon,Weekday
Tea,2017-08-02 16:59:00,Afternoon,Weekday
Bread,2017-09-02 08:43:51,Morning,Weekday
Bread,2017-09-02 08:43:51,Morning,Weekday
Coffee,2017-09-02 09:29:02,Morning,Weekday
Cookies,2017-09-02 09:29:02,Morning,Weekday
Bread,2017-09-02 09:37:27,Morning,Weekday
Toast,2017-09-02 09:37:27,Morning,Weekday
Bread,2017-09-02 09:56:57,Morning,Weekday
Coffee,2017-09-02 09:56:57,Morning,Weekday
Pastry,2017-09-02 09:56:57,Morning,Weekday
Pastry,2017-09-02 09:56:57,Morning,Weekday
Farm House,2017-09-02 09:59:49,Morning,Weekday
Scandinavian,2017-09-02 10:00:12,Morning,Weekday
Coffee,2017-09-02 10:02:51,Morning,Weekday
Brownie,2017-09-02 10:02:51,Morning,Weekday
Bread,2017-09-02 10:07:44,Morning,Weekday
Hot chocolate,2017-09-02 10:07:44,Morning,Weekday
Coffee,2017-09-02 10:10:30,Morning,Weekday
Toast,2017-09-02 10:10:30,Morning,Weekday
Coffee,2017-09-02 10:49:37,Morning,Weekday
Coffee,2017-09-02 11:01:29,Morning,Weekday
Tea,2017-09-02 11:01:29,Morning,Weekday
Brownie,2017-09-02 11:01:29,Morning,Weekday
Farm House,2017-09-02 11:01:29,Morning,Weekday
Coffee,2017-09-02 11:02:59,Morning,Weekday
Coffee,2017-09-02 11:02:59,Morning,Weekday
Cookies,2017-09-02 11:02:59,Morning,Weekday
Cookies,2017-09-02 11:02:59,Morning,Weekday
Toast,2017-09-02 11:02:59,Morning,Weekday
Juice,2017-09-02 11:02:59,Morning,Weekday
Valentine's card,2017-09-02 11:15:08,Morning,Weekday
Coffee,2017-09-02 11:23:46,Morning,Weekday
Coffee,2017-09-02 11:23:46,Morning,Weekday
Extra Salami or Feta,2017-09-02 11:23:46,Morning,Weekday
Bread,2017-09-02 11:23:46,Morning,Weekday
Valentine's card,2017-09-02 11:24:19,Morning,Weekday
Hot chocolate,2017-09-02 11:32:21,Morning,Weekday
Coffee,2017-09-02 11:32:21,Morning,Weekday
Cookies,2017-09-02 11:32:21,Morning,Weekday
Cookies,2017-09-02 11:32:21,Morning,Weekday
Coffee,2017-09-02 11:51:03,Morning,Weekday
Medialuna,2017-09-02 11:51:03,Morning,Weekday
Medialuna,2017-09-02 11:51:03,Morning,Weekday
Sandwich,2017-09-02 11:51:03,Morning,Weekday
Bread,2017-09-02 11:57:42,Morning,Weekday
Bread,2017-09-02 12:00:28,Afternoon,Weekday
Bread,2017-09-02 12:01:00,Afternoon,Weekday
Soup,2017-09-02 12:02:05,Afternoon,Weekday
Bread,2017-09-02 12:02:05,Afternoon,Weekday
Coffee,2017-09-02 12:02:05,Afternoon,Weekday
Coffee,2017-09-02 12:02:54,Afternoon,Weekday
Soup,2017-09-02 12:02:54,Afternoon,Weekday
Pastry,2017-09-02 12:02:54,Afternoon,Weekday
Jam,2017-09-02 12:02:54,Afternoon,Weekday
Eggs,2017-09-02 12:09:43,Afternoon,Weekday
Coffee,2017-09-02 12:09:43,Afternoon,Weekday
Baguette,2017-09-02 12:12:40,Afternoon,Weekday
Coffee,2017-09-02 12:31:01,Afternoon,Weekday
Bread,2017-09-02 12:36:02,Afternoon,Weekday
Pastry,2017-09-02 12:44:28,Afternoon,Weekday
Scandinavian,2017-09-02 12:47:56,Afternoon,Weekday
Cookies,2017-09-02 12:47:56,Afternoon,Weekday
Coke,2017-09-02 12:55:53,Afternoon,Weekday
Soup,2017-09-02 12:55:53,Afternoon,Weekday
Sandwich,2017-09-02 12:56:27,Afternoon,Weekday
Coffee,2017-09-02 12:56:27,Afternoon,Weekday
Coke,2017-09-02 12:56:51,Afternoon,Weekday
Sandwich,2017-09-02 12:56:51,Afternoon,Weekday
Coffee,2017-09-02 13:10:19,Afternoon,Weekday
Chicken Stew,2017-09-02 13:10:19,Afternoon,Weekday
Chicken Stew,2017-09-02 13:19:03,Afternoon,Weekday
Coffee,2017-09-02 13:19:03,Afternoon,Weekday
Juice,2017-09-02 13:44:56,Afternoon,Weekday
Toast,2017-09-02 13:44:56,Afternoon,Weekday
Sandwich,2017-09-02 13:44:56,Afternoon,Weekday
Sandwich,2017-09-02 13:44:56,Afternoon,Weekday
Tea,2017-09-02 13:44:56,Afternoon,Weekday
Coffee,2017-09-02 13:44:56,Afternoon,Weekday
Cookies,2017-09-02 13:44:56,Afternoon,Weekday
Cookies,2017-09-02 13:44:56,Afternoon,Weekday
Alfajores,2017-09-02 13:44:56,Afternoon,Weekday
Alfajores,2017-09-02 13:44:56,Afternoon,Weekday
Hot chocolate,2017-09-02 13:44:56,Afternoon,Weekday
Cookies,2017-09-02 13:53:27,Afternoon,Weekday
Juice,2017-09-02 14:06:52,Afternoon,Weekday
Sandwich,2017-09-02 14:06:52,Afternoon,Weekday
Cake,2017-09-02 14:06:52,Afternoon,Weekday
Soup,2017-09-02 14:07:29,Afternoon,Weekday
Bread,2017-09-02 14:07:29,Afternoon,Weekday
Coffee,2017-09-02 14:08:14,Afternoon,Weekday
Fudge,2017-09-02 14:08:50,Afternoon,Weekday
Sandwich,2017-09-02 14:08:50,Afternoon,Weekday
Baguette,2017-09-02 14:16:43,Afternoon,Weekday
Coffee,2017-09-02 14:17:37,Afternoon,Weekday
Coffee,2017-09-02 14:17:37,Afternoon,Weekday
Pastry,2017-09-02 14:17:37,Afternoon,Weekday
Pastry,2017-09-02 14:17:37,Afternoon,Weekday
Medialuna,2017-09-02 14:27:51,Afternoon,Weekday
Cake,2017-09-02 14:27:51,Afternoon,Weekday
Tea,2017-09-02 14:27:51,Afternoon,Weekday
Tea,2017-09-02 14:27:51,Afternoon,Weekday
Bread,2017-09-02 14:35:16,Afternoon,Weekday
Coffee,2017-09-02 15:02:32,Afternoon,Weekday
Brownie,2017-09-02 15:02:32,Afternoon,Weekday
Soup,2017-09-02 15:38:53,Afternoon,Weekday
Soup,2017-09-02 15:38:53,Afternoon,Weekday
Soup,2017-09-02 15:38:53,Afternoon,Weekday
Bread,2017-09-02 15:38:53,Afternoon,Weekday
Cake,2017-09-02 15:38:53,Afternoon,Weekday
Cake,2017-09-02 15:38:53,Afternoon,Weekday
Tea,2017-09-02 15:38:53,Afternoon,Weekday
Bread,2017-09-02 15:38:53,Afternoon,Weekday
Tea,2017-09-02 15:38:53,Afternoon,Weekday
Coffee,2017-09-02 15:40:57,Afternoon,Weekday
Juice,2017-09-02 15:40:57,Afternoon,Weekday
Hot chocolate,2017-09-02 15:40:57,Afternoon,Weekday
Cake,2017-09-02 15:40:57,Afternoon,Weekday
Alfajores,2017-09-02 15:51:42,Afternoon,Weekday
Bread,2017-09-02 15:51:42,Afternoon,Weekday
Coffee,2017-09-02 15:51:42,Afternoon,Weekday
Coffee,2017-09-02 15:51:42,Afternoon,Weekday
Bread,2017-09-02 17:01:01,Evening,Weekday
Cookies,2017-09-02 17:01:01,Evening,Weekday
Bread,2017-09-02 17:01:01,Evening,Weekday
Bread,2017-10-02 08:34:13,Morning,Weekday
Bread,2017-10-02 08:36:46,Morning,Weekday
Cake,2017-10-02 09:02:33,Morning,Weekday
Bread,2017-10-02 09:02:33,Morning,Weekday
Coffee,2017-10-02 09:07:03,Morning,Weekday
Bread,2017-10-02 09:07:03,Morning,Weekday
Coffee,2017-10-02 09:29:08,Morning,Weekday
Tea,2017-10-02 09:29:08,Morning,Weekday
Bread,2017-10-02 09:33:23,Morning,Weekday
Bread,2017-10-02 09:33:23,Morning,Weekday
Coffee,2017-10-02 09:37:06,Morning,Weekday
Coffee,2017-10-02 09:37:06,Morning,Weekday
Juice,2017-10-02 09:37:06,Morning,Weekday
Pastry,2017-10-02 09:37:06,Morning,Weekday
Cookies,2017-10-02 09:37:06,Morning,Weekday
Bread,2017-10-02 09:38:01,Morning,Weekday
Pastry,2017-10-02 09:38:01,Morning,Weekday
Bread,2017-10-02 09:46:22,Morning,Weekday
Coffee,2017-10-02 09:53:56,Morning,Weekday
Cookies,2017-10-02 09:53:56,Morning,Weekday
Hot chocolate,2017-10-02 10:03:53,Morning,Weekday
Coffee,2017-10-02 10:06:06,Morning,Weekday
Hot chocolate,2017-10-02 10:06:06,Morning,Weekday
Coffee,2017-10-02 10:16:30,Morning,Weekday
Cookies,2017-10-02 10:16:30,Morning,Weekday
Coffee,2017-10-02 10:31:00,Morning,Weekday
Coffee,2017-10-02 10:38:31,Morning,Weekday
Toast,2017-10-02 10:38:31,Morning,Weekday
Valentine's card,2017-10-02 10:45:55,Morning,Weekday
Tea,2017-10-02 10:50:52,Morning,Weekday
Bread,2017-10-02 11:01:36,Morning,Weekday
Bread,2017-10-02 11:15:33,Morning,Weekday
Coffee,2017-10-02 11:16:07,Morning,Weekday
Bread,2017-10-02 11:33:36,Morning,Weekday
Juice,2017-10-02 11:33:36,Morning,Weekday
Sandwich,2017-10-02 11:33:36,Morning,Weekday
Sandwich,2017-10-02 11:33:36,Morning,Weekday
Cookies,2017-10-02 11:33:36,Morning,Weekday
Alfajores,2017-10-02 11:33:36,Morning,Weekday
Soup,2017-10-02 11:57:30,Morning,Weekday
Soup,2017-10-02 11:58:26,Morning,Weekday
Scone,2017-10-02 12:06:09,Afternoon,Weekday
Coffee,2017-10-02 12:06:09,Afternoon,Weekday
Truffles,2017-10-02 12:11:14,Afternoon,Weekday
Soup,2017-10-02 12:11:14,Afternoon,Weekday
Chicken Stew,2017-10-02 12:12:29,Afternoon,Weekday
Cake,2017-10-02 12:12:29,Afternoon,Weekday
Juice,2017-10-02 12:12:29,Afternoon,Weekday
Bread,2017-10-02 12:16:00,Afternoon,Weekday
Scandinavian,2017-10-02 12:16:00,Afternoon,Weekday
Coffee,2017-10-02 12:19:50,Afternoon,Weekday
Coffee,2017-10-02 12:19:50,Afternoon,Weekday
Sandwich,2017-10-02 12:21:12,Afternoon,Weekday
Coffee,2017-10-02 12:21:12,Afternoon,Weekday
Truffles,2017-10-02 12:21:12,Afternoon,Weekday
Cake,2017-10-02 12:22:33,Afternoon,Weekday
Bread,2017-10-02 12:25:09,Afternoon,Weekday
Pastry,2017-10-02 12:26:51,Afternoon,Weekday
Bread,2017-10-02 12:26:51,Afternoon,Weekday
Toast,2017-10-02 12:31:38,Afternoon,Weekday
Bread,2017-10-02 12:34:59,Afternoon,Weekday
Bread,2017-10-02 12:41:12,Afternoon,Weekday
Chicken Stew,2017-10-02 12:47:29,Afternoon,Weekday
Sandwich,2017-10-02 12:51:29,Afternoon,Weekday
Coke,2017-10-02 12:51:29,Afternoon,Weekday
Coffee,2017-10-02 12:55:59,Afternoon,Weekday
Coffee,2017-10-02 12:55:59,Afternoon,Weekday
Cake,2017-10-02 12:55:59,Afternoon,Weekday
Cake,2017-10-02 12:55:59,Afternoon,Weekday
Salad,2017-10-02 12:55:59,Afternoon,Weekday
Extra Salami or Feta,2017-10-02 12:55:59,Afternoon,Weekday
Scandinavian,2017-10-02 12:55:59,Afternoon,Weekday
Bread,2017-10-02 12:55:59,Afternoon,Weekday
Scandinavian,2017-10-02 12:56:46,Afternoon,Weekday
Coffee,2017-10-02 13:21:46,Afternoon,Weekday
Salad,2017-10-02 13:21:46,Afternoon,Weekday
Truffles,2017-10-02 13:27:38,Afternoon,Weekday
Duck egg,2017-10-02 13:27:38,Afternoon,Weekday
Extra Salami or Feta,2017-10-02 13:27:38,Afternoon,Weekday
Spanish Brunch,2017-10-02 13:27:38,Afternoon,Weekday
Afternoon with the baker,2017-10-02 13:27:38,Afternoon,Weekday
Medialuna,2017-10-02 13:35:21,Afternoon,Weekday
Medialuna,2017-10-02 13:35:21,Afternoon,Weekday
Tea,2017-10-02 13:40:52,Afternoon,Weekday
Tea,2017-10-02 13:40:52,Afternoon,Weekday
Soup,2017-10-02 13:40:52,Afternoon,Weekday
Cake,2017-10-02 13:40:52,Afternoon,Weekday
Bread,2017-10-02 13:40:52,Afternoon,Weekday
Scone,2017-10-02 13:40:52,Afternoon,Weekday
Cake,2017-10-02 13:40:52,Afternoon,Weekday
Soup,2017-10-02 13:48:44,Afternoon,Weekday
Coffee,2017-10-02 13:48:44,Afternoon,Weekday
Coffee,2017-10-02 13:48:44,Afternoon,Weekday
Medialuna,2017-10-02 14:08:37,Afternoon,Weekday
Cake,2017-10-02 14:08:37,Afternoon,Weekday
Spanish Brunch,2017-10-02 14:08:37,Afternoon,Weekday
The Nomad,2017-10-02 14:08:37,Afternoon,Weekday
Cookies,2017-10-02 14:08:37,Afternoon,Weekday
Bread,2017-10-02 14:18:15,Afternoon,Weekday
Coffee,2017-10-02 14:18:15,Afternoon,Weekday
Coffee,2017-10-02 14:18:50,Afternoon,Weekday
Coffee,2017-10-02 14:22:28,Afternoon,Weekday
Chicken Stew,2017-10-02 14:22:28,Afternoon,Weekday
Coffee,2017-10-02 14:22:52,Afternoon,Weekday
Coffee,2017-10-02 14:27:41,Afternoon,Weekday
Alfajores,2017-10-02 14:27:41,Afternoon,Weekday
Pastry,2017-10-02 14:27:41,Afternoon,Weekday
Coffee,2017-10-02 14:35:27,Afternoon,Weekday
Coffee,2017-10-02 14:35:46,Afternoon,Weekday
Coffee,2017-10-02 14:36:50,Afternoon,Weekday
Brownie,2017-10-02 14:36:50,Afternoon,Weekday
Soup,2017-10-02 14:39:34,Afternoon,Weekday
Coffee,2017-10-02 14:41:31,Afternoon,Weekday
Tea,2017-10-02 14:41:31,Afternoon,Weekday
Cookies,2017-10-02 14:41:31,Afternoon,Weekday
Bread,2017-10-02 14:53:05,Afternoon,Weekday
Bread,2017-10-02 15:00:16,Afternoon,Weekday
Baguette,2017-10-02 15:03:56,Afternoon,Weekday
Coffee,2017-10-02 15:03:56,Afternoon,Weekday
Tea,2017-10-02 15:16:02,Afternoon,Weekday
Spanish Brunch,2017-10-02 15:19:31,Afternoon,Weekday
Coffee,2017-10-02 15:20:09,Afternoon,Weekday
Cake,2017-10-02 15:48:28,Afternoon,Weekday
Cake,2017-10-02 15:48:28,Afternoon,Weekday
Cookies,2017-10-02 15:48:28,Afternoon,Weekday
Juice,2017-10-02 15:50:54,Afternoon,Weekday
Coffee,2017-10-02 15:50:54,Afternoon,Weekday
Cookies,2017-10-02 15:50:54,Afternoon,Weekday
Tea,2017-10-02 15:50:54,Afternoon,Weekday
Alfajores,2017-10-02 15:50:54,Afternoon,Weekday
Cake,2017-10-02 15:53:08,Afternoon,Weekday
Cookies,2017-10-02 15:53:08,Afternoon,Weekday
Coffee,2017-10-02 15:53:08,Afternoon,Weekday
Hot chocolate,2017-10-02 15:53:08,Afternoon,Weekday
Bread,2017-10-02 15:54:59,Afternoon,Weekday
Coffee,2017-10-02 15:54:59,Afternoon,Weekday
Bread,2017-10-02 15:54:59,Afternoon,Weekday
Coffee,2017-10-02 16:28:46,Afternoon,Weekday
Scone,2017-10-02 16:28:46,Afternoon,Weekday
Brownie,2017-10-02 16:31:35,Afternoon,Weekday
Coffee,2017-10-02 16:31:35,Afternoon,Weekday
Coffee,2017-10-02 16:31:35,Afternoon,Weekday
Baguette,2017-10-02 16:31:35,Afternoon,Weekday
Coffee,2017-11-02 08:12:13,Morning,Weekend
Bread,2017-11-02 08:12:13,Morning,Weekend
Scone,2017-11-02 08:12:13,Morning,Weekend
Coffee,2017-11-02 08:37:50,Morning,Weekend
Coffee,2017-11-02 08:37:50,Morning,Weekend
Medialuna,2017-11-02 08:40:48,Morning,Weekend
Bread,2017-11-02 08:48:59,Morning,Weekend
Bread,2017-11-02 08:59:57,Morning,Weekend
Farm House,2017-11-02 08:59:57,Morning,Weekend
Nomad bag,2017-11-02 08:59:57,Morning,Weekend
Bread,2017-11-02 09:02:01,Morning,Weekend
Pastry,2017-11-02 09:02:01,Morning,Weekend
Toast,2017-11-02 09:06:15,Morning,Weekend
Pastry,2017-11-02 09:06:15,Morning,Weekend
Tea,2017-11-02 09:06:15,Morning,Weekend
Coffee,2017-11-02 09:06:15,Morning,Weekend
Coffee,2017-11-02 09:06:15,Morning,Weekend
Scone,2017-11-02 09:18:16,Morning,Weekend
Pastry,2017-11-02 09:18:16,Morning,Weekend
Cake,2017-11-02 09:28:50,Morning,Weekend
Tea,2017-11-02 09:28:50,Morning,Weekend
Toast,2017-11-02 09:28:50,Morning,Weekend
Baguette,2017-11-02 09:36:32,Morning,Weekend
Bread,2017-11-02 09:50:02,Morning,Weekend
Tea,2017-11-02 09:51:47,Morning,Weekend
Toast,2017-11-02 09:51:47,Morning,Weekend
Coffee,2017-11-02 10:17:14,Morning,Weekend
Hot chocolate,2017-11-02 10:22:06,Morning,Weekend
Bread,2017-11-02 10:22:06,Morning,Weekend
Pastry,2017-11-02 10:22:06,Morning,Weekend
Pastry,2017-11-02 10:22:06,Morning,Weekend
Tea,2017-11-02 10:32:41,Morning,Weekend
Scandinavian,2017-11-02 10:36:34,Morning,Weekend
Pastry,2017-11-02 10:36:34,Morning,Weekend
Alfajores,2017-11-02 10:36:34,Morning,Weekend
Fudge,2017-11-02 10:48:55,Morning,Weekend
Tea,2017-11-02 10:54:41,Morning,Weekend
Tea,2017-11-02 10:54:41,Morning,Weekend
Pastry,2017-11-02 10:54:41,Morning,Weekend
Toast,2017-11-02 10:54:41,Morning,Weekend
Bread,2017-11-02 10:54:41,Morning,Weekend
Brownie,2017-11-02 10:54:41,Morning,Weekend
Cake,2017-11-02 10:54:41,Morning,Weekend
Coffee,2017-11-02 10:59:48,Morning,Weekend
The Nomad,2017-11-02 10:59:48,Morning,Weekend
Cookies,2017-11-02 11:02:53,Morning,Weekend
Cake,2017-11-02 11:02:53,Morning,Weekend
Bread,2017-11-02 11:07:24,Morning,Weekend
Coffee,2017-11-02 11:15:52,Morning,Weekend
Bread,2017-11-02 11:15:52,Morning,Weekend
Coffee,2017-11-02 11:16:58,Morning,Weekend
Pastry,2017-11-02 11:16:58,Morning,Weekend
Cookies,2017-11-02 11:25:12,Morning,Weekend
Cookies,2017-11-02 11:25:12,Morning,Weekend
Cake,2017-11-02 11:25:12,Morning,Weekend
Bread,2017-11-02 11:31:16,Morning,Weekend
Bread,2017-11-02 11:32:06,Morning,Weekend
Coffee,2017-11-02 11:33:16,Morning,Weekend
Pastry,2017-11-02 11:33:16,Morning,Weekend
Spanish Brunch,2017-11-02 11:36:07,Morning,Weekend
Coffee,2017-11-02 11:36:07,Morning,Weekend
Coffee,2017-11-02 11:36:07,Morning,Weekend
Juice,2017-11-02 11:36:07,Morning,Weekend
Coffee,2017-11-02 11:36:57,Morning,Weekend
Coffee,2017-11-02 11:36:57,Morning,Weekend
Bread,2017-11-02 11:36:57,Morning,Weekend
Toast,2017-11-02 11:36:57,Morning,Weekend
Coffee,2017-11-02 11:52:19,Morning,Weekend
Coffee,2017-11-02 11:52:19,Morning,Weekend
Coffee,2017-11-02 11:52:19,Morning,Weekend
Bread,2017-11-02 11:59:57,Morning,Weekend
Coffee,2017-11-02 12:03:22,Afternoon,Weekend
Bread,2017-11-02 12:03:22,Afternoon,Weekend
Coffee,2017-11-02 12:14:31,Afternoon,Weekend
Coffee,2017-11-02 12:14:31,Afternoon,Weekend
Baguette,2017-11-02 12:16:37,Afternoon,Weekend
Tea,2017-11-02 12:32:28,Afternoon,Weekend
Tea,2017-11-02 12:32:28,Afternoon,Weekend
Scone,2017-11-02 12:32:28,Afternoon,Weekend
Coffee,2017-11-02 12:35:41,Afternoon,Weekend
Hot chocolate,2017-11-02 12:35:41,Afternoon,Weekend
Bread,2017-11-02 12:35:41,Afternoon,Weekend
Bread,2017-11-02 12:36:32,Afternoon,Weekend
Bread,2017-11-02 12:41:37,Afternoon,Weekend
Cookies,2017-11-02 12:41:37,Afternoon,Weekend
Chicken Stew,2017-11-02 12:41:37,Afternoon,Weekend
Sandwich,2017-11-02 12:42:13,Afternoon,Weekend
Hot chocolate,2017-11-02 12:42:13,Afternoon,Weekend
Bread,2017-11-02 12:42:13,Afternoon,Weekend
Soup,2017-11-02 12:47:23,Afternoon,Weekend
The Nomad,2017-11-02 12:47:23,Afternoon,Weekend
Truffles,2017-11-02 12:47:23,Afternoon,Weekend
Baguette,2017-11-02 12:55:21,Afternoon,Weekend
Pastry,2017-11-02 12:58:06,Afternoon,Weekend
Bread,2017-11-02 13:05:30,Afternoon,Weekend
Cake,2017-11-02 13:05:30,Afternoon,Weekend
Soup,2017-11-02 13:06:26,Afternoon,Weekend
Coffee,2017-11-02 13:06:26,Afternoon,Weekend
Bread,2017-11-02 13:24:22,Afternoon,Weekend
Bread,2017-11-02 13:42:42,Afternoon,Weekend
Coffee,2017-11-02 13:57:08,Afternoon,Weekend
Bread,2017-11-02 13:57:08,Afternoon,Weekend
Cake,2017-11-02 13:57:08,Afternoon,Weekend
Cake,2017-11-02 13:57:08,Afternoon,Weekend
Soup,2017-11-02 13:58:35,Afternoon,Weekend
Chicken Stew,2017-11-02 13:58:35,Afternoon,Weekend
Coffee,2017-11-02 13:58:35,Afternoon,Weekend
Tea,2017-11-02 13:58:35,Afternoon,Weekend
Hot chocolate,2017-11-02 13:59:13,Afternoon,Weekend
Nomad bag,2017-11-02 14:01:54,Afternoon,Weekend
Bread,2017-11-02 14:01:54,Afternoon,Weekend
Coffee,2017-11-02 14:01:54,Afternoon,Weekend
Coffee,2017-11-02 14:01:54,Afternoon,Weekend
Cake,2017-11-02 14:01:54,Afternoon,Weekend
Cake,2017-11-02 14:01:54,Afternoon,Weekend
Bread,2017-11-02 14:06:04,Afternoon,Weekend
Spanish Brunch,2017-11-02 14:08:27,Afternoon,Weekend
The Nomad,2017-11-02 14:08:27,Afternoon,Weekend
Tea,2017-11-02 14:08:27,Afternoon,Weekend
Tea,2017-11-02 14:08:27,Afternoon,Weekend
Juice,2017-11-02 14:08:27,Afternoon,Weekend
Art Tray,2017-11-02 14:08:27,Afternoon,Weekend
Cake,2017-11-02 14:08:27,Afternoon,Weekend
Cake,2017-11-02 14:08:27,Afternoon,Weekend
Alfajores,2017-11-02 14:08:27,Afternoon,Weekend
Tea,2017-11-02 14:08:27,Afternoon,Weekend
Hot chocolate,2017-11-02 14:08:27,Afternoon,Weekend
Alfajores,2017-11-02 14:18:01,Afternoon,Weekend
Brownie,2017-11-02 14:18:01,Afternoon,Weekend
Coffee,2017-11-02 14:23:05,Afternoon,Weekend
Hot chocolate,2017-11-02 14:23:05,Afternoon,Weekend
Coffee,2017-11-02 14:23:05,Afternoon,Weekend
Bread,2017-11-02 14:23:05,Afternoon,Weekend
Cake,2017-11-02 14:23:05,Afternoon,Weekend
Cake,2017-11-02 14:23:34,Afternoon,Weekend
Bread,2017-11-02 14:23:34,Afternoon,Weekend
Chicken Stew,2017-11-02 14:23:34,Afternoon,Weekend
Coffee,2017-11-02 14:30:30,Afternoon,Weekend
Coffee,2017-11-02 14:30:30,Afternoon,Weekend
Coffee,2017-11-02 14:30:30,Afternoon,Weekend
Brownie,2017-11-02 14:30:30,Afternoon,Weekend
Valentine's card,2017-11-02 14:33:40,Afternoon,Weekend
Bread,2017-11-02 14:39:56,Afternoon,Weekend
Bread,2017-11-02 14:54:34,Afternoon,Weekend
Coffee,2017-11-02 14:58:52,Afternoon,Weekend
Coffee,2017-11-02 14:58:52,Afternoon,Weekend
Chicken Stew,2017-11-02 14:58:52,Afternoon,Weekend
Pastry,2017-11-02 14:58:52,Afternoon,Weekend
Tea,2017-11-02 15:30:31,Afternoon,Weekend
Bread,2017-11-02 15:30:31,Afternoon,Weekend
Soup,2017-11-02 15:39:36,Afternoon,Weekend
Spanish Brunch,2017-11-02 15:39:36,Afternoon,Weekend
Sandwich,2017-11-02 15:39:36,Afternoon,Weekend
Coffee,2017-11-02 15:39:36,Afternoon,Weekend
Tea,2017-11-02 15:39:36,Afternoon,Weekend
Coffee,2017-11-02 15:48:21,Afternoon,Weekend
Tea,2017-11-02 15:48:21,Afternoon,Weekend
Coffee,2017-11-02 16:00:42,Afternoon,Weekend
Juice,2017-11-02 16:00:42,Afternoon,Weekend
Coffee,2017-11-02 16:15:31,Afternoon,Weekend
Cake,2017-11-02 16:15:31,Afternoon,Weekend
Pastry,2017-11-02 16:15:31,Afternoon,Weekend
Bread,2017-11-02 16:21:22,Afternoon,Weekend
Hot chocolate,2017-11-02 16:21:22,Afternoon,Weekend
Sandwich,2017-11-02 16:21:22,Afternoon,Weekend
Bread,2017-11-02 16:44:43,Afternoon,Weekend
Bread,2017-11-02 16:48:55,Afternoon,Weekend
Tea,2017-11-02 16:48:55,Afternoon,Weekend
Tea,2017-11-02 16:48:55,Afternoon,Weekend
Bread,2017-11-02 16:48:55,Afternoon,Weekend
Cake,2017-11-02 16:48:55,Afternoon,Weekend
Afternoon with the baker,2017-11-02 17:00:15,Evening,Weekend
Bread,2017-11-02 17:07:32,Evening,Weekend
Bread,2017-11-02 17:12:12,Evening,Weekend
Scandinavian,2017-11-02 17:12:12,Evening,Weekend
Tea,2017-11-02 17:15:48,Evening,Weekend
Tea,2017-11-02 17:15:48,Evening,Weekend
Cake,2017-11-02 17:15:48,Evening,Weekend
Medialuna,2017-11-02 17:15:48,Evening,Weekend
Medialuna,2017-11-02 17:15:48,Evening,Weekend
Coffee,2017-11-02 17:15:48,Evening,Weekend
Scandinavian,2017-11-02 17:15:48,Evening,Weekend
Scandinavian,2017-11-02 17:31:07,Evening,Weekend
Bread,2017-11-02 17:35:06,Evening,Weekend
Soup,2017-11-02 17:35:06,Evening,Weekend
Cake,2017-12-02 09:39:15,Morning,Weekend
Bread,2017-12-02 09:39:15,Morning,Weekend
Cookies,2017-12-02 09:39:15,Morning,Weekend
Eggs,2017-12-02 09:39:15,Morning,Weekend
Juice,2017-12-02 09:39:15,Morning,Weekend
Coffee,2017-12-02 09:44:46,Morning,Weekend
Coffee,2017-12-02 10:07:57,Morning,Weekend
Tea,2017-12-02 10:07:57,Morning,Weekend
Pastry,2017-12-02 10:07:57,Morning,Weekend
Medialuna,2017-12-02 10:09:16,Morning,Weekend
Coffee,2017-12-02 10:09:16,Morning,Weekend
Coffee,2017-12-02 10:11:11,Morning,Weekend
Toast,2017-12-02 10:11:11,Morning,Weekend
Pastry,2017-12-02 10:14:18,Morning,Weekend
Pastry,2017-12-02 10:14:18,Morning,Weekend
Pastry,2017-12-02 10:14:18,Morning,Weekend
Bread,2017-12-02 10:14:18,Morning,Weekend
Coffee,2017-12-02 10:17:14,Morning,Weekend
Coffee,2017-12-02 10:17:14,Morning,Weekend
Pastry,2017-12-02 10:17:14,Morning,Weekend
Cookies,2017-12-02 10:17:14,Morning,Weekend
Bread,2017-12-02 10:17:14,Morning,Weekend
Bread,2017-12-02 10:29:35,Morning,Weekend
Pastry,2017-12-02 10:31:59,Morning,Weekend
Medialuna,2017-12-02 10:31:59,Morning,Weekend
Baguette,2017-12-02 10:31:59,Morning,Weekend
Coffee,2017-12-02 10:33:43,Morning,Weekend
Scone,2017-12-02 10:33:43,Morning,Weekend
Bread,2017-12-02 10:42:27,Morning,Weekend
Bread,2017-12-02 10:42:27,Morning,Weekend
Coffee,2017-12-02 10:51:59,Morning,Weekend
Bread,2017-12-02 10:57:04,Morning,Weekend
Bread,2017-12-02 11:05:51,Morning,Weekend
Coffee,2017-12-02 11:05:51,Morning,Weekend
Scone,2017-12-02 11:05:51,Morning,Weekend
Bread,2017-12-02 11:08:17,Morning,Weekend
Baguette,2017-12-02 11:08:17,Morning,Weekend
Hot chocolate,2017-12-02 11:08:17,Morning,Weekend
Coffee,2017-12-02 11:08:17,Morning,Weekend
Toast,2017-12-02 11:08:17,Morning,Weekend
Coffee,2017-12-02 11:09:15,Morning,Weekend
Coffee,2017-12-02 11:12:56,Morning,Weekend
Coffee,2017-12-02 11:12:56,Morning,Weekend
Coffee,2017-12-02 11:12:56,Morning,Weekend
Bread,2017-12-02 11:12:56,Morning,Weekend
Cake,2017-12-02 11:12:56,Morning,Weekend
Coffee,2017-12-02 11:14:03,Morning,Weekend
Coffee,2017-12-02 11:15:00,Morning,Weekend
Coffee,2017-12-02 11:15:00,Morning,Weekend
Scone,2017-12-02 11:15:00,Morning,Weekend
Cake,2017-12-02 11:15:00,Morning,Weekend
Scone,2017-12-02 11:16:44,Morning,Weekend
Bread,2017-12-02 11:16:44,Morning,Weekend
Baguette,2017-12-02 11:16:44,Morning,Weekend
Cake,2017-12-02 11:19:08,Morning,Weekend
Coffee,2017-12-02 11:24:43,Morning,Weekend
Spanish Brunch,2017-12-02 11:24:43,Morning,Weekend
Bread,2017-12-02 11:24:43,Morning,Weekend
Pastry,2017-12-02 11:37:59,Morning,Weekend
Brownie,2017-12-02 11:37:59,Morning,Weekend
Toast,2017-12-02 11:50:11,Morning,Weekend
Bread,2017-12-02 12:11:32,Afternoon,Weekend
Bread,2017-12-02 12:11:32,Afternoon,Weekend
Bread,2017-12-02 12:12:33,Afternoon,Weekend
Farm House,2017-12-02 12:15:53,Afternoon,Weekend
Spanish Brunch,2017-12-02 12:16:59,Afternoon,Weekend
Cake,2017-12-02 12:16:59,Afternoon,Weekend
Bread,2017-12-02 12:37:46,Afternoon,Weekend
Coffee,2017-12-02 12:46:52,Afternoon,Weekend
Coffee,2017-12-02 12:53:01,Afternoon,Weekend
Coffee,2017-12-02 12:53:01,Afternoon,Weekend
Cake,2017-12-02 12:53:01,Afternoon,Weekend
Bread,2017-12-02 12:53:22,Afternoon,Weekend
Coffee,2017-12-02 13:24:58,Afternoon,Weekend
Coffee,2017-12-02 13:24:58,Afternoon,Weekend
Coffee,2017-12-02 13:24:58,Afternoon,Weekend
Tea,2017-12-02 13:40:32,Afternoon,Weekend
Cake,2017-12-02 13:40:32,Afternoon,Weekend
Hot chocolate,2017-12-02 13:43:18,Afternoon,Weekend
Soup,2017-12-02 13:43:18,Afternoon,Weekend
Tea,2017-12-02 13:44:58,Afternoon,Weekend
Alfajores,2017-12-02 13:56:38,Afternoon,Weekend
Bread,2017-12-02 13:56:38,Afternoon,Weekend
Cake,2017-12-02 14:15:13,Afternoon,Weekend
Bread,2017-12-02 14:15:13,Afternoon,Weekend
Coffee,2017-12-02 14:27:31,Afternoon,Weekend
Coffee,2017-12-02 14:35:34,Afternoon,Weekend
Coffee,2017-12-02 14:35:34,Afternoon,Weekend
Coffee,2017-12-02 14:35:34,Afternoon,Weekend
Tea,2017-12-02 14:35:34,Afternoon,Weekend
Toast,2017-12-02 14:35:34,Afternoon,Weekend
Duck egg,2017-12-02 14:35:34,Afternoon,Weekend
Extra Salami or Feta,2017-12-02 14:35:34,Afternoon,Weekend
Chicken Stew,2017-12-02 14:35:34,Afternoon,Weekend
Cookies,2017-12-02 14:35:34,Afternoon,Weekend
Brownie,2017-12-02 14:35:34,Afternoon,Weekend
Bread,2017-12-02 14:35:34,Afternoon,Weekend
Bread,2017-12-02 14:46:59,Afternoon,Weekend
Coffee,2017-12-02 14:56:07,Afternoon,Weekend
Sandwich,2017-12-02 14:56:07,Afternoon,Weekend
Coffee,2017-12-02 14:56:32,Afternoon,Weekend
Cake,2017-12-02 14:56:32,Afternoon,Weekend
Brownie,2017-12-02 14:58:29,Afternoon,Weekend
Bread,2017-12-02 14:58:29,Afternoon,Weekend
Coffee,2017-12-02 15:34:48,Afternoon,Weekend
Coffee,2017-12-02 15:34:48,Afternoon,Weekend
Alfajores,2017-12-02 15:34:48,Afternoon,Weekend
Cake,2017-12-02 15:34:48,Afternoon,Weekend
Brownie,2017-12-02 15:34:48,Afternoon,Weekend
Coffee,2017-12-02 15:35:37,Afternoon,Weekend
Brownie,2017-12-02 15:35:37,Afternoon,Weekend
Afternoon with the baker,2017-12-02 18:35:27,Evening,Weekend
Afternoon with the baker,2017-12-02 18:37:47,Evening,Weekend
Bread,2017-02-13 08:35:01,Morning,Weekday
Coffee,2017-02-13 09:04:35,Morning,Weekday
Medialuna,2017-02-13 09:04:35,Morning,Weekday
Baguette,2017-02-13 09:04:35,Morning,Weekday
Coffee,2017-02-13 09:33:28,Morning,Weekday
Hot chocolate,2017-02-13 09:33:58,Morning,Weekday
Toast,2017-02-13 09:33:58,Morning,Weekday
Coffee,2017-02-13 09:47:21,Morning,Weekday
Bread,2017-02-13 09:47:21,Morning,Weekday
Medialuna,2017-02-13 09:47:21,Morning,Weekday
Alfajores,2017-02-13 09:47:21,Morning,Weekday
Alfajores,2017-02-13 10:03:37,Morning,Weekday
Medialuna,2017-02-13 10:03:37,Morning,Weekday
Coffee,2017-02-13 10:03:37,Morning,Weekday
Bread,2017-02-13 10:03:37,Morning,Weekday
Focaccia,2017-02-13 10:13:23,Morning,Weekday
Bread,2017-02-13 10:13:23,Morning,Weekday
Coffee,2017-02-13 10:17:46,Morning,Weekday
Coffee,2017-02-13 10:37:23,Morning,Weekday
Coffee,2017-02-13 10:37:23,Morning,Weekday
Coffee,2017-02-13 10:38:25,Morning,Weekday
Hot chocolate,2017-02-13 10:42:11,Morning,Weekday
Coffee,2017-02-13 10:53:03,Morning,Weekday
Juice,2017-02-13 10:53:03,Morning,Weekday
Coffee,2017-02-13 11:02:54,Morning,Weekday
Pastry,2017-02-13 11:02:54,Morning,Weekday
Pastry,2017-02-13 11:04:06,Morning,Weekday
Coffee,2017-02-13 11:04:06,Morning,Weekday
Scandinavian,2017-02-13 11:20:26,Morning,Weekday
Juice,2017-02-13 11:36:58,Morning,Weekday
Chocolates,2017-02-13 11:36:58,Morning,Weekday
Hot chocolate,2017-02-13 11:36:58,Morning,Weekday
Coffee,2017-02-13 11:36:58,Morning,Weekday
Bread,2017-02-13 11:36:58,Morning,Weekday
Cookies,2017-02-13 11:36:58,Morning,Weekday
Tea,2017-02-13 11:37:41,Morning,Weekday
Coffee,2017-02-13 11:37:41,Morning,Weekday
Bread,2017-02-13 11:46:12,Morning,Weekday
Coffee,2017-02-13 11:48:05,Morning,Weekday
Brownie,2017-02-13 11:48:05,Morning,Weekday
Farm House,2017-02-13 11:48:05,Morning,Weekday
Bread,2017-02-13 11:50:52,Morning,Weekday
Cookies,2017-02-13 11:50:52,Morning,Weekday
Coffee,2017-02-13 11:50:52,Morning,Weekday
Coffee,2017-02-13 11:56:04,Morning,Weekday
Coffee,2017-02-13 11:56:04,Morning,Weekday
Coffee,2017-02-13 11:57:27,Morning,Weekday
Coffee,2017-02-13 12:06:21,Afternoon,Weekday
Coffee,2017-02-13 12:06:21,Afternoon,Weekday
Scone,2017-02-13 12:06:21,Afternoon,Weekday
Cake,2017-02-13 12:06:21,Afternoon,Weekday
Farm House,2017-02-13 12:06:21,Afternoon,Weekday
Juice,2017-02-13 12:06:21,Afternoon,Weekday
Coffee,2017-02-13 12:07:14,Afternoon,Weekday
Coffee,2017-02-13 12:07:14,Afternoon,Weekday
Cookies,2017-02-13 12:07:14,Afternoon,Weekday
Scone,2017-02-13 12:18:18,Afternoon,Weekday
Coffee,2017-02-13 12:18:18,Afternoon,Weekday
Bread,2017-02-13 12:22:43,Afternoon,Weekday
Bread,2017-02-13 12:29:12,Afternoon,Weekday
Cookies,2017-02-13 12:29:12,Afternoon,Weekday
Coffee,2017-02-13 12:34:21,Afternoon,Weekday
Cookies,2017-02-13 12:36:04,Afternoon,Weekday
Cake,2017-02-13 12:36:04,Afternoon,Weekday
Cake,2017-02-13 12:36:04,Afternoon,Weekday
Truffles,2017-02-13 12:36:04,Afternoon,Weekday
Baguette,2017-02-13 12:47:43,Afternoon,Weekday
Bread,2017-02-13 12:50:29,Afternoon,Weekday
Tea,2017-02-13 12:50:29,Afternoon,Weekday
Farm House,2017-02-13 13:13:25,Afternoon,Weekday
Coffee,2017-02-13 13:13:46,Afternoon,Weekday
Soup,2017-02-13 13:16:19,Afternoon,Weekday
Coffee,2017-02-13 13:22:48,Afternoon,Weekday
Tea,2017-02-13 13:22:48,Afternoon,Weekday
Sandwich,2017-02-13 13:22:48,Afternoon,Weekday
Sandwich,2017-02-13 13:22:48,Afternoon,Weekday
Soup,2017-02-13 13:33:32,Afternoon,Weekday
Tea,2017-02-13 13:33:32,Afternoon,Weekday
Tea,2017-02-13 13:33:32,Afternoon,Weekday
Coke,2017-02-13 13:44:36,Afternoon,Weekday
Juice,2017-02-13 13:44:36,Afternoon,Weekday
Coffee,2017-02-13 13:44:36,Afternoon,Weekday
Chicken Stew,2017-02-13 13:44:36,Afternoon,Weekday
Sandwich,2017-02-13 13:44:36,Afternoon,Weekday
Sandwich,2017-02-13 13:44:36,Afternoon,Weekday
Sandwich,2017-02-13 13:44:36,Afternoon,Weekday
Cookies,2017-02-13 13:44:36,Afternoon,Weekday
Cookies,2017-02-13 13:44:36,Afternoon,Weekday
Cake,2017-02-13 14:03:22,Afternoon,Weekday
Truffles,2017-02-13 14:12:02,Afternoon,Weekday
Bread,2017-02-13 14:12:02,Afternoon,Weekday
Sandwich,2017-02-13 14:12:02,Afternoon,Weekday
Soup,2017-02-13 14:12:02,Afternoon,Weekday
Cake,2017-02-13 14:13:04,Afternoon,Weekday
Coffee,2017-02-13 14:13:04,Afternoon,Weekday
Cookies,2017-02-13 14:13:04,Afternoon,Weekday
Coke,2017-02-13 14:13:04,Afternoon,Weekday
Truffles,2017-02-13 14:16:21,Afternoon,Weekday
Salad,2017-02-13 14:16:21,Afternoon,Weekday
Chicken Stew,2017-02-13 14:16:21,Afternoon,Weekday
Medialuna,2017-02-13 14:16:21,Afternoon,Weekday
Brownie,2017-02-13 14:16:21,Afternoon,Weekday
Coffee,2017-02-13 14:21:59,Afternoon,Weekday
Coffee,2017-02-13 14:21:59,Afternoon,Weekday
Alfajores,2017-02-13 14:21:59,Afternoon,Weekday
Cookies,2017-02-13 14:21:59,Afternoon,Weekday
Coffee,2017-02-13 14:44:25,Afternoon,Weekday
Bread,2017-02-13 14:44:25,Afternoon,Weekday
Soup,2017-02-13 14:44:25,Afternoon,Weekday
Sandwich,2017-02-13 14:44:25,Afternoon,Weekday
Bread,2017-02-13 14:57:38,Afternoon,Weekday
Alfajores,2017-02-13 14:57:38,Afternoon,Weekday
Bread,2017-02-13 14:58:52,Afternoon,Weekday
Tea,2017-02-13 15:00:43,Afternoon,Weekday
Sandwich,2017-02-13 15:00:43,Afternoon,Weekday
Alfajores,2017-02-13 15:09:04,Afternoon,Weekday
Bread,2017-02-13 15:09:04,Afternoon,Weekday
Coffee,2017-02-13 15:09:04,Afternoon,Weekday
Sandwich,2017-02-13 15:22:03,Afternoon,Weekday
Sandwich,2017-02-13 15:22:03,Afternoon,Weekday
Truffles,2017-02-13 15:22:03,Afternoon,Weekday
Tea,2017-02-13 15:22:03,Afternoon,Weekday
Cake,2017-02-13 15:23:27,Afternoon,Weekday
Farm House,2017-02-13 15:25:43,Afternoon,Weekday
Coffee,2017-02-13 15:25:43,Afternoon,Weekday
Tea,2017-02-13 15:53:39,Afternoon,Weekday
Coffee,2017-02-13 15:53:39,Afternoon,Weekday
Soup,2017-02-13 15:53:39,Afternoon,Weekday
Cake,2017-02-13 15:53:39,Afternoon,Weekday
Bread,2017-02-13 15:54:53,Afternoon,Weekday
Coffee,2017-02-13 15:54:53,Afternoon,Weekday
Chicken Stew,2017-02-13 15:56:39,Afternoon,Weekday
Coffee,2017-02-13 15:56:39,Afternoon,Weekday
Coffee,2017-02-13 16:01:54,Afternoon,Weekday
Coffee,2017-02-13 16:01:54,Afternoon,Weekday
Bread,2017-02-13 16:23:17,Afternoon,Weekday
Coffee,2017-02-13 16:23:17,Afternoon,Weekday
Tea,2017-02-13 16:29:05,Afternoon,Weekday
Toast,2017-02-13 16:29:05,Afternoon,Weekday
Coffee,2017-02-13 17:07:59,Evening,Weekday
Coffee,2017-02-13 17:07:59,Evening,Weekday
Tea,2017-02-13 17:51:35,Evening,Weekday
Hot chocolate,2017-02-13 17:51:35,Evening,Weekday
Cake,2017-02-13 17:51:35,Evening,Weekday
Eggs,2017-02-13 17:51:35,Evening,Weekday
Fudge,2017-02-13 17:51:35,Evening,Weekday
Bread,2017-02-13 17:51:35,Evening,Weekday
Bread,2017-02-13 17:55:24,Evening,Weekday
Coffee,2017-02-14 08:16:23,Morning,Weekday
Bread,2017-02-14 08:16:23,Morning,Weekday
Cake,2017-02-14 08:16:23,Morning,Weekday
Alfajores,2017-02-14 08:31:38,Morning,Weekday
Coffee,2017-02-14 08:31:38,Morning,Weekday
Bread,2017-02-14 08:55:20,Morning,Weekday
Bread,2017-02-14 08:55:20,Morning,Weekday
Afternoon with the baker,2017-02-14 08:56:50,Morning,Weekday
Medialuna,2017-02-14 09:33:15,Morning,Weekday
Alfajores,2017-02-14 09:33:15,Morning,Weekday
Coffee,2017-02-14 09:54:03,Morning,Weekday
Coffee,2017-02-14 09:54:03,Morning,Weekday
Coffee,2017-02-14 10:03:42,Morning,Weekday
Bread,2017-02-14 10:03:42,Morning,Weekday
Mineral water,2017-02-14 10:03:42,Morning,Weekday
Toast,2017-02-14 10:03:42,Morning,Weekday
Bread,2017-02-14 10:48:23,Morning,Weekday
Pastry,2017-02-14 10:48:23,Morning,Weekday
Tea,2017-02-14 11:02:57,Morning,Weekday
Coffee,2017-02-14 11:09:59,Morning,Weekday
Tea,2017-02-14 11:09:59,Morning,Weekday
Cake,2017-02-14 11:09:59,Morning,Weekday
Coffee,2017-02-14 11:32:02,Morning,Weekday
Coffee,2017-02-14 11:32:02,Morning,Weekday
Cake,2017-02-14 11:32:02,Morning,Weekday
Toast,2017-02-14 11:32:02,Morning,Weekday
Coffee,2017-02-14 11:38:52,Morning,Weekday
Pastry,2017-02-14 11:38:52,Morning,Weekday
Alfajores,2017-02-14 11:38:52,Morning,Weekday
Farm House,2017-02-14 11:38:52,Morning,Weekday
Hot chocolate,2017-02-14 11:40:15,Morning,Weekday
Cake,2017-02-14 11:40:15,Morning,Weekday
Hot chocolate,2017-02-14 11:40:47,Morning,Weekday
Cake,2017-02-14 11:40:47,Morning,Weekday
Bread,2017-02-14 12:15:53,Afternoon,Weekday
Coffee,2017-02-14 12:16:43,Afternoon,Weekday
Coffee,2017-02-14 12:16:43,Afternoon,Weekday
Tea,2017-02-14 12:16:43,Afternoon,Weekday
Cake,2017-02-14 12:16:43,Afternoon,Weekday
Alfajores,2017-02-14 12:16:43,Afternoon,Weekday
Cookies,2017-02-14 12:18:43,Afternoon,Weekday
Scone,2017-02-14 12:18:43,Afternoon,Weekday
Coffee,2017-02-14 12:18:43,Afternoon,Weekday
Hot chocolate,2017-02-14 12:18:43,Afternoon,Weekday
Coffee,2017-02-14 12:33:55,Afternoon,Weekday
Coffee,2017-02-14 12:33:55,Afternoon,Weekday
Hot chocolate,2017-02-14 12:33:55,Afternoon,Weekday
Coffee,2017-02-14 12:33:55,Afternoon,Weekday
Cake,2017-02-14 12:33:55,Afternoon,Weekday
Medialuna,2017-02-14 12:33:55,Afternoon,Weekday
Coffee,2017-02-14 12:36:44,Afternoon,Weekday
Coffee,2017-02-14 12:36:44,Afternoon,Weekday
Coffee,2017-02-14 12:36:44,Afternoon,Weekday
Coffee,2017-02-14 12:36:44,Afternoon,Weekday
Medialuna,2017-02-14 12:36:44,Afternoon,Weekday
Cookies,2017-02-14 12:36:44,Afternoon,Weekday
Coffee,2017-02-14 12:40:43,Afternoon,Weekday
Cake,2017-02-14 12:40:43,Afternoon,Weekday
Bread,2017-02-14 12:59:56,Afternoon,Weekday
Bread,2017-02-14 12:59:56,Afternoon,Weekday
Sandwich,2017-02-14 13:08:40,Afternoon,Weekday
Coffee,2017-02-14 13:08:40,Afternoon,Weekday
Bread,2017-02-14 13:11:49,Afternoon,Weekday
Coffee,2017-02-14 13:17:28,Afternoon,Weekday
Cake,2017-02-14 13:17:28,Afternoon,Weekday
Coffee,2017-02-14 13:18:15,Afternoon,Weekday
Coke,2017-02-14 13:18:15,Afternoon,Weekday
Pastry,2017-02-14 13:18:15,Afternoon,Weekday
Salad,2017-02-14 13:33:19,Afternoon,Weekday
Bread,2017-02-14 13:49:40,Afternoon,Weekday
Bread,2017-02-14 14:06:22,Afternoon,Weekday
Cake,2017-02-14 14:06:22,Afternoon,Weekday
Farm House,2017-02-14 14:10:44,Afternoon,Weekday
Cake,2017-02-14 14:10:44,Afternoon,Weekday
Coke,2017-02-14 14:27:47,Afternoon,Weekday
Bread,2017-02-14 14:34:33,Afternoon,Weekday
Cookies,2017-02-14 14:37:31,Afternoon,Weekday
Cookies,2017-02-14 14:37:31,Afternoon,Weekday
Spanish Brunch,2017-02-14 14:37:31,Afternoon,Weekday
Toast,2017-02-14 14:37:31,Afternoon,Weekday
Coffee,2017-02-14 14:37:31,Afternoon,Weekday
Bread,2017-02-14 14:37:31,Afternoon,Weekday
Tea,2017-02-14 14:44:59,Afternoon,Weekday
Tea,2017-02-14 14:44:59,Afternoon,Weekday
Coffee,2017-02-14 14:47:20,Afternoon,Weekday
Hot chocolate,2017-02-14 15:09:09,Afternoon,Weekday
Hot chocolate,2017-02-14 15:09:09,Afternoon,Weekday
Hot chocolate,2017-02-14 15:09:09,Afternoon,Weekday
Smoothies,2017-02-14 15:09:09,Afternoon,Weekday
Cookies,2017-02-14 15:09:09,Afternoon,Weekday
Cookies,2017-02-14 15:09:09,Afternoon,Weekday
Coffee,2017-02-14 15:11:16,Afternoon,Weekday
Juice,2017-02-14 15:11:16,Afternoon,Weekday
Bread,2017-02-14 15:11:16,Afternoon,Weekday
Bread,2017-02-14 15:11:16,Afternoon,Weekday
Afternoon with the baker,2017-02-14 15:11:16,Afternoon,Weekday
Coffee,2017-02-14 15:12:51,Afternoon,Weekday
Alfajores,2017-02-14 15:21:41,Afternoon,Weekday
Bread,2017-02-14 15:21:41,Afternoon,Weekday
Soup,2017-02-14 15:39:06,Afternoon,Weekday
Tea,2017-02-14 15:39:06,Afternoon,Weekday
Tea,2017-02-14 15:55:47,Afternoon,Weekday
Alfajores,2017-02-14 15:55:47,Afternoon,Weekday
Bread,2017-02-14 16:16:36,Afternoon,Weekday
Vegan mincepie,2017-02-14 16:16:36,Afternoon,Weekday
Baguette,2017-02-14 16:29:36,Afternoon,Weekday
Alfajores,2017-02-14 16:29:36,Afternoon,Weekday
Baguette,2017-02-14 16:31:34,Afternoon,Weekday
Bread,2017-02-14 16:42:03,Afternoon,Weekday
Coffee,2017-02-14 16:50:20,Afternoon,Weekday
Coffee,2017-02-14 16:50:20,Afternoon,Weekday
Valentine's card,2017-02-14 23:29:03,Night,Weekday
Valentine's card,2017-02-14 23:38:41,Night,Weekday
Coffee,2017-02-15 07:58:43,Morning,Weekday
Coffee,2017-02-15 07:58:43,Morning,Weekday
Toast,2017-02-15 07:59:55,Morning,Weekday
Bread,2017-02-15 08:37:00,Morning,Weekday
Coffee,2017-02-15 09:54:39,Morning,Weekday
Coffee,2017-02-15 09:54:39,Morning,Weekday
Pastry,2017-02-15 09:56:04,Morning,Weekday
Bread,2017-02-15 10:24:04,Morning,Weekday
Pastry,2017-02-15 10:34:09,Morning,Weekday
Coffee,2017-02-15 10:34:09,Morning,Weekday
Coffee,2017-02-15 10:34:09,Morning,Weekday
Baguette,2017-02-15 10:50:52,Morning,Weekday
Coffee,2017-02-15 11:12:50,Morning,Weekday
Tea,2017-02-15 11:16:49,Morning,Weekday
Tea,2017-02-15 11:16:49,Morning,Weekday
The Nomad,2017-02-15 11:16:49,Morning,Weekday
Pastry,2017-02-15 11:16:49,Morning,Weekday
Bread,2017-02-15 11:22:31,Morning,Weekday
Coffee,2017-02-15 11:26:30,Morning,Weekday
Bread,2017-02-15 11:26:30,Morning,Weekday
Medialuna,2017-02-15 11:55:18,Morning,Weekday
Medialuna,2017-02-15 11:55:18,Morning,Weekday
Medialuna,2017-02-15 11:55:18,Morning,Weekday
Baguette,2017-02-15 11:55:18,Morning,Weekday
Hot chocolate,2017-02-15 12:00:27,Afternoon,Weekday
Coffee,2017-02-15 12:00:27,Afternoon,Weekday
Medialuna,2017-02-15 12:00:27,Afternoon,Weekday
Soup,2017-02-15 12:00:27,Afternoon,Weekday
Cake,2017-02-15 12:00:27,Afternoon,Weekday
Bread,2017-02-15 12:07:28,Afternoon,Weekday
Coffee,2017-02-15 12:07:28,Afternoon,Weekday
Bread,2017-02-15 12:28:50,Afternoon,Weekday
Medialuna,2017-02-15 12:28:50,Afternoon,Weekday
Vegan Feast,2017-02-15 12:29:17,Afternoon,Weekday
Sandwich,2017-02-15 12:44:07,Afternoon,Weekday
Truffles,2017-02-15 12:44:07,Afternoon,Weekday
Coffee,2017-02-15 13:06:51,Afternoon,Weekday
Toast,2017-02-15 13:06:51,Afternoon,Weekday
Soup,2017-02-15 13:22:48,Afternoon,Weekday
The Nomad,2017-02-15 13:25:01,Afternoon,Weekday
Coffee,2017-02-15 13:25:01,Afternoon,Weekday
Coffee,2017-02-15 13:25:01,Afternoon,Weekday
Sandwich,2017-02-15 13:46:20,Afternoon,Weekday
Juice,2017-02-15 13:46:20,Afternoon,Weekday
Soup,2017-02-15 14:11:28,Afternoon,Weekday
Soup,2017-02-15 14:11:28,Afternoon,Weekday
Cake,2017-02-15 14:11:28,Afternoon,Weekday
Cake,2017-02-15 14:11:28,Afternoon,Weekday
Tea,2017-02-15 14:11:28,Afternoon,Weekday
Tea,2017-02-15 14:11:28,Afternoon,Weekday
Bread,2017-02-15 14:16:26,Afternoon,Weekday
Baguette,2017-02-15 14:23:16,Afternoon,Weekday
Coffee,2017-02-15 14:23:16,Afternoon,Weekday
Coffee,2017-02-15 14:23:16,Afternoon,Weekday
Coffee,2017-02-15 14:23:16,Afternoon,Weekday
Salad,2017-02-15 14:23:16,Afternoon,Weekday
Art Tray,2017-02-15 14:23:16,Afternoon,Weekday
Alfajores,2017-02-15 14:23:16,Afternoon,Weekday
Coffee,2017-02-15 14:40:41,Afternoon,Weekday
Bread,2017-02-15 14:40:41,Afternoon,Weekday
Bread,2017-02-15 14:41:27,Afternoon,Weekday
Cake,2017-02-15 14:54:25,Afternoon,Weekday
Baguette,2017-02-15 14:56:10,Afternoon,Weekday
Hot chocolate,2017-02-15 15:24:42,Afternoon,Weekday
Alfajores,2017-02-15 15:24:42,Afternoon,Weekday
Coffee,2017-02-15 15:26:54,Afternoon,Weekday
Hot chocolate,2017-02-15 15:26:54,Afternoon,Weekday
Coffee,2017-02-15 15:26:54,Afternoon,Weekday
Medialuna,2017-02-15 15:26:54,Afternoon,Weekday
Jammie Dodgers,2017-02-15 15:26:54,Afternoon,Weekday
Coffee,2017-02-15 15:34:46,Afternoon,Weekday
Vegan mincepie,2017-02-15 15:34:46,Afternoon,Weekday
Pastry,2017-02-15 15:34:46,Afternoon,Weekday
Hot chocolate,2017-02-15 15:43:04,Afternoon,Weekday
Coffee,2017-02-15 15:43:04,Afternoon,Weekday
Alfajores,2017-02-15 15:43:04,Afternoon,Weekday
Cake,2017-02-15 15:43:04,Afternoon,Weekday
Brownie,2017-02-15 16:54:32,Afternoon,Weekday
Bread,2017-02-15 17:18:00,Evening,Weekday
Coffee,2017-02-16 09:08:10,Morning,Weekday
Bread,2017-02-16 09:08:10,Morning,Weekday
Bread,2017-02-16 09:20:51,Morning,Weekday
Cake,2017-02-16 09:20:51,Morning,Weekday
Cake,2017-02-16 09:58:05,Morning,Weekday
Coffee,2017-02-16 09:58:05,Morning,Weekday
Coffee,2017-02-16 10:02:17,Morning,Weekday
Farm House,2017-02-16 10:15:05,Morning,Weekday
Cookies,2017-02-16 10:27:30,Morning,Weekday
Brownie,2017-02-16 10:34:58,Morning,Weekday
Coffee,2017-02-16 10:39:28,Morning,Weekday
Baguette,2017-02-16 10:48:04,Morning,Weekday
Coffee,2017-02-16 10:55:25,Morning,Weekday
Medialuna,2017-02-16 11:23:06,Morning,Weekday
Alfajores,2017-02-16 11:23:06,Morning,Weekday
Hot chocolate,2017-02-16 11:23:06,Morning,Weekday
Hot chocolate,2017-02-16 11:23:06,Morning,Weekday
Bread,2017-02-16 11:23:06,Morning,Weekday
Pastry,2017-02-16 11:38:33,Morning,Weekday
Medialuna,2017-02-16 11:38:33,Morning,Weekday
Alfajores,2017-02-16 11:38:33,Morning,Weekday
Alfajores,2017-02-16 11:38:33,Morning,Weekday
Cake,2017-02-16 11:38:33,Morning,Weekday
Coffee,2017-02-16 11:55:22,Morning,Weekday
Hot chocolate,2017-02-16 12:02:19,Afternoon,Weekday
Coffee,2017-02-16 12:02:19,Afternoon,Weekday
Cake,2017-02-16 12:02:19,Afternoon,Weekday
Cookies,2017-02-16 12:02:19,Afternoon,Weekday
Spanish Brunch,2017-02-16 12:02:19,Afternoon,Weekday
Duck egg,2017-02-16 12:02:19,Afternoon,Weekday
Coffee,2017-02-16 12:05:31,Afternoon,Weekday
Pastry,2017-02-16 12:05:31,Afternoon,Weekday
Smoothies,2017-02-16 12:12:53,Afternoon,Weekday
Sandwich,2017-02-16 12:12:53,Afternoon,Weekday
Soup,2017-02-16 12:12:53,Afternoon,Weekday
Coffee,2017-02-16 12:19:11,Afternoon,Weekday
Juice,2017-02-16 12:19:11,Afternoon,Weekday
Jammie Dodgers,2017-02-16 12:19:11,Afternoon,Weekday
Chicken Stew,2017-02-16 12:19:11,Afternoon,Weekday
Tea,2017-02-16 12:19:11,Afternoon,Weekday
Hot chocolate,2017-02-16 12:20:55,Afternoon,Weekday
Juice,2017-02-16 12:20:55,Afternoon,Weekday
Hot chocolate,2017-02-16 12:20:55,Afternoon,Weekday
Toast,2017-02-16 12:20:55,Afternoon,Weekday
Chicken Stew,2017-02-16 12:20:55,Afternoon,Weekday
Tea,2017-02-16 12:20:55,Afternoon,Weekday
Tea,2017-02-16 12:20:55,Afternoon,Weekday
Coffee,2017-02-16 12:24:43,Afternoon,Weekday
Coffee,2017-02-16 12:33:00,Afternoon,Weekday
Coffee,2017-02-16 12:33:00,Afternoon,Weekday
Pastry,2017-02-16 12:33:00,Afternoon,Weekday
Pastry,2017-02-16 12:33:00,Afternoon,Weekday
Coffee,2017-02-16 12:45:14,Afternoon,Weekday
Coffee,2017-02-16 12:45:14,Afternoon,Weekday
Cookies,2017-02-16 12:45:14,Afternoon,Weekday
Cake,2017-02-16 12:45:14,Afternoon,Weekday
Coffee,2017-02-16 12:45:47,Afternoon,Weekday
Fudge,2017-02-16 12:47:55,Afternoon,Weekday
Coffee,2017-02-16 12:53:29,Afternoon,Weekday
Cake,2017-02-16 12:53:29,Afternoon,Weekday
Brownie,2017-02-16 12:53:29,Afternoon,Weekday
Alfajores,2017-02-16 12:53:29,Afternoon,Weekday
Cake,2017-02-16 12:54:35,Afternoon,Weekday
Tea,2017-02-16 13:02:33,Afternoon,Weekday
Tea,2017-02-16 13:02:33,Afternoon,Weekday
Soup,2017-02-16 13:02:33,Afternoon,Weekday
Hot chocolate,2017-02-16 13:30:23,Afternoon,Weekday
Sandwich,2017-02-16 13:30:23,Afternoon,Weekday
Sandwich,2017-02-16 13:30:23,Afternoon,Weekday
Afternoon with the baker,2017-02-16 14:10:19,Afternoon,Weekday
Soup,2017-02-16 14:10:53,Afternoon,Weekday
Soup,2017-02-16 14:10:53,Afternoon,Weekday
Tea,2017-02-16 14:10:53,Afternoon,Weekday
Truffles,2017-02-16 14:10:53,Afternoon,Weekday
Coffee,2017-02-16 14:12:21,Afternoon,Weekday
Coffee,2017-02-16 14:12:21,Afternoon,Weekday
Brownie,2017-02-16 14:12:21,Afternoon,Weekday
Cake,2017-02-16 14:12:21,Afternoon,Weekday
Sandwich,2017-02-16 14:12:21,Afternoon,Weekday
Sandwich,2017-02-16 14:12:21,Afternoon,Weekday
Cookies,2017-02-16 14:26:05,Afternoon,Weekday
Coffee,2017-02-16 14:27:41,Afternoon,Weekday
Coffee,2017-02-16 14:29:53,Afternoon,Weekday
Coffee,2017-02-16 14:29:53,Afternoon,Weekday
Juice,2017-02-16 14:29:53,Afternoon,Weekday
Extra Salami or Feta,2017-02-16 14:29:53,Afternoon,Weekday
Salad,2017-02-16 14:29:53,Afternoon,Weekday
Toast,2017-02-16 14:29:53,Afternoon,Weekday
Pastry,2017-02-16 14:40:32,Afternoon,Weekday
Coffee,2017-02-16 14:40:32,Afternoon,Weekday
Coffee,2017-02-16 14:40:32,Afternoon,Weekday
Muffin,2017-02-16 14:40:32,Afternoon,Weekday
Alfajores,2017-02-16 14:40:32,Afternoon,Weekday
Bread,2017-02-16 15:10:06,Afternoon,Weekday
Baguette,2017-02-16 15:19:18,Afternoon,Weekday
Afternoon with the baker,2017-02-16 15:21:44,Afternoon,Weekday
Brownie,2017-02-16 15:21:44,Afternoon,Weekday
Cookies,2017-02-16 15:21:44,Afternoon,Weekday
Cookies,2017-02-16 15:21:44,Afternoon,Weekday
Cookies,2017-02-16 15:26:01,Afternoon,Weekday
Farm House,2017-02-16 15:26:01,Afternoon,Weekday
Baguette,2017-02-16 15:28:40,Afternoon,Weekday
Cake,2017-02-16 15:28:40,Afternoon,Weekday
Cake,2017-02-16 15:34:09,Afternoon,Weekday
Bread,2017-02-16 15:45:08,Afternoon,Weekday
Coffee,2017-02-16 15:52:35,Afternoon,Weekday
Tea,2017-02-16 15:58:34,Afternoon,Weekday
Medialuna,2017-02-16 15:58:34,Afternoon,Weekday
Bread,2017-02-16 17:19:39,Evening,Weekday
Coffee,2017-02-17 08:14:03,Morning,Weekday
Bread,2017-02-17 09:23:02,Morning,Weekday
Coffee,2017-02-17 09:24:16,Morning,Weekday
Coffee,2017-02-17 09:24:16,Morning,Weekday
Pastry,2017-02-17 09:24:16,Morning,Weekday
Medialuna,2017-02-17 09:24:16,Morning,Weekday
Jammie Dodgers,2017-02-17 09:49:53,Morning,Weekday
Coffee,2017-02-17 09:49:53,Morning,Weekday
Bread,2017-02-17 09:49:53,Morning,Weekday
Coffee,2017-02-17 09:50:39,Morning,Weekday
Spanish Brunch,2017-02-17 09:54:05,Morning,Weekday
Tea,2017-02-17 09:54:05,Morning,Weekday
Coffee,2017-02-17 09:57:57,Morning,Weekday
Spanish Brunch,2017-02-17 09:57:57,Morning,Weekday
Bread,2017-02-17 09:57:57,Morning,Weekday
Tea,2017-02-17 10:38:10,Morning,Weekday
Coffee,2017-02-17 10:38:10,Morning,Weekday
Cookies,2017-02-17 10:38:10,Morning,Weekday
Cookies,2017-02-17 10:38:10,Morning,Weekday
Bread,2017-02-17 10:45:57,Morning,Weekday
Bread,2017-02-17 10:45:57,Morning,Weekday
Scandinavian,2017-02-17 10:50:03,Morning,Weekday
Baguette,2017-02-17 10:50:03,Morning,Weekday
Farm House,2017-02-17 10:50:16,Morning,Weekday
Bread,2017-02-17 11:02:14,Morning,Weekday
Cake,2017-02-17 11:05:21,Morning,Weekday
Cookies,2017-02-17 11:05:21,Morning,Weekday
Coffee,2017-02-17 11:05:21,Morning,Weekday
Coffee,2017-02-17 11:05:21,Morning,Weekday
Coffee,2017-02-17 11:08:25,Morning,Weekday
Tea,2017-02-17 11:08:25,Morning,Weekday
Scone,2017-02-17 11:08:25,Morning,Weekday
Bread,2017-02-17 11:08:25,Morning,Weekday
Coffee,2017-02-17 11:08:40,Morning,Weekday
Tea,2017-02-17 11:09:23,Morning,Weekday
Cake,2017-02-17 11:09:23,Morning,Weekday
Pastry,2017-02-17 11:11:27,Morning,Weekday
Coffee,2017-02-17 11:11:27,Morning,Weekday
Coffee,2017-02-17 11:11:27,Morning,Weekday
Farm House,2017-02-17 11:13:21,Morning,Weekday
Juice,2017-02-17 11:31:27,Morning,Weekday
Bread,2017-02-17 11:31:27,Morning,Weekday
Sandwich,2017-02-17 11:31:27,Morning,Weekday
Sandwich,2017-02-17 11:31:27,Morning,Weekday
Sandwich,2017-02-17 11:31:27,Morning,Weekday
Coke,2017-02-17 11:31:27,Morning,Weekday
Bread,2017-02-17 11:43:33,Morning,Weekday
Bread,2017-02-17 11:43:33,Morning,Weekday
Tea,2017-02-17 11:43:33,Morning,Weekday
Jammie Dodgers,2017-02-17 11:43:33,Morning,Weekday
Tiffin,2017-02-17 11:43:33,Morning,Weekday
Bread,2017-02-17 11:43:50,Morning,Weekday
Tea,2017-02-17 11:43:50,Morning,Weekday
Juice,2017-02-17 11:46:41,Morning,Weekday
Coffee,2017-02-17 11:46:41,Morning,Weekday
Coffee,2017-02-17 11:46:41,Morning,Weekday
Hot chocolate,2017-02-17 11:46:41,Morning,Weekday
Hot chocolate,2017-02-17 11:46:41,Morning,Weekday
Chocolates,2017-02-17 11:46:41,Morning,Weekday
Jammie Dodgers,2017-02-17 11:46:41,Morning,Weekday
Brownie,2017-02-17 11:49:18,Morning,Weekday
Pastry,2017-02-17 11:49:18,Morning,Weekday
Juice,2017-02-17 11:49:18,Morning,Weekday
Bread,2017-02-17 11:49:18,Morning,Weekday
Scone,2017-02-17 11:49:18,Morning,Weekday
Cake,2017-02-17 11:58:28,Morning,Weekday
Muffin,2017-02-17 11:58:28,Morning,Weekday
Brownie,2017-02-17 11:59:25,Morning,Weekday
Sandwich,2017-02-17 11:59:25,Morning,Weekday
Baguette,2017-02-17 11:59:25,Morning,Weekday
Coffee,2017-02-17 12:09:01,Afternoon,Weekday
Coffee,2017-02-17 12:33:14,Afternoon,Weekday
Sandwich,2017-02-17 12:33:14,Afternoon,Weekday
Sandwich,2017-02-17 12:33:14,Afternoon,Weekday
Coffee,2017-02-17 12:38:04,Afternoon,Weekday
Toast,2017-02-17 12:38:04,Afternoon,Weekday
Pastry,2017-02-17 13:06:30,Afternoon,Weekday
Tiffin,2017-02-17 13:08:20,Afternoon,Weekday
Sandwich,2017-02-17 13:08:20,Afternoon,Weekday
Muffin,2017-02-17 13:09:38,Afternoon,Weekday
Bread,2017-02-17 13:09:56,Afternoon,Weekday
Bread,2017-02-17 13:10:22,Afternoon,Weekday
Chicken Stew,2017-02-17 13:13:38,Afternoon,Weekday
Scone,2017-02-17 13:13:38,Afternoon,Weekday
Brownie,2017-02-17 13:13:38,Afternoon,Weekday
Medialuna,2017-02-17 13:13:38,Afternoon,Weekday
Scone,2017-02-17 13:14:15,Afternoon,Weekday
Sandwich,2017-02-17 13:16:24,Afternoon,Weekday
Soup,2017-02-17 13:16:24,Afternoon,Weekday
Coffee,2017-02-17 13:16:24,Afternoon,Weekday
Scandinavian,2017-02-17 13:22:16,Afternoon,Weekday
Bread,2017-02-17 13:22:16,Afternoon,Weekday
Chicken Stew,2017-02-17 13:27:44,Afternoon,Weekday
Tea,2017-02-17 13:27:44,Afternoon,Weekday
Cake,2017-02-17 13:31:44,Afternoon,Weekday
Coffee,2017-02-17 13:31:44,Afternoon,Weekday
Coffee,2017-02-17 13:31:44,Afternoon,Weekday
Sandwich,2017-02-17 13:31:44,Afternoon,Weekday
Sandwich,2017-02-17 13:31:44,Afternoon,Weekday
Bread,2017-02-17 13:41:33,Afternoon,Weekday
Bread,2017-02-17 13:56:37,Afternoon,Weekday
Scone,2017-02-17 13:56:37,Afternoon,Weekday
Sandwich,2017-02-17 14:04:25,Afternoon,Weekday
Tea,2017-02-17 14:04:25,Afternoon,Weekday
Tea,2017-02-17 14:04:25,Afternoon,Weekday
Cake,2017-02-17 14:12:58,Afternoon,Weekday
Tiffin,2017-02-17 14:12:58,Afternoon,Weekday
Baguette,2017-02-17 14:16:41,Afternoon,Weekday
Scandinavian,2017-02-17 14:16:41,Afternoon,Weekday
Coffee,2017-02-17 14:18:20,Afternoon,Weekday
Coffee,2017-02-17 14:18:20,Afternoon,Weekday
Coffee,2017-02-17 14:18:20,Afternoon,Weekday
Tea,2017-02-17 14:18:20,Afternoon,Weekday
Coke,2017-02-17 14:18:20,Afternoon,Weekday
Tiffin,2017-02-17 14:18:20,Afternoon,Weekday
Medialuna,2017-02-17 14:18:20,Afternoon,Weekday
Bread,2017-02-17 14:18:20,Afternoon,Weekday
Soup,2017-02-17 14:18:20,Afternoon,Weekday
Chicken Stew,2017-02-17 14:18:20,Afternoon,Weekday
Sandwich,2017-02-17 14:18:20,Afternoon,Weekday
Coffee,2017-02-17 14:19:21,Afternoon,Weekday
Bread,2017-02-17 14:19:21,Afternoon,Weekday
Hot chocolate,2017-02-17 14:27:38,Afternoon,Weekday
Bread,2017-02-17 14:27:38,Afternoon,Weekday
Muffin,2017-02-17 14:27:38,Afternoon,Weekday
Coffee,2017-02-17 14:32:04,Afternoon,Weekday
Scone,2017-02-17 14:32:04,Afternoon,Weekday
Coffee,2017-02-17 14:33:50,Afternoon,Weekday
Hot chocolate,2017-02-17 14:33:50,Afternoon,Weekday
Tea,2017-02-17 14:36:12,Afternoon,Weekday
Coffee,2017-02-17 14:36:12,Afternoon,Weekday
Muffin,2017-02-17 14:42:18,Afternoon,Weekday
Sandwich,2017-02-17 14:45:07,Afternoon,Weekday
Sandwich,2017-02-17 14:45:07,Afternoon,Weekday
Sandwich,2017-02-17 14:45:07,Afternoon,Weekday
Coke,2017-02-17 14:45:07,Afternoon,Weekday
Truffles,2017-02-17 14:45:07,Afternoon,Weekday
Coffee,2017-02-17 14:45:07,Afternoon,Weekday
Baguette,2017-02-17 14:46:15,Afternoon,Weekday
Bread,2017-02-17 15:32:55,Afternoon,Weekday
Medialuna,2017-02-17 15:32:55,Afternoon,Weekday
Brownie,2017-02-17 15:32:55,Afternoon,Weekday
Truffles,2017-02-17 15:32:55,Afternoon,Weekday
Coffee,2017-02-17 15:42:33,Afternoon,Weekday
Coffee,2017-02-17 15:42:33,Afternoon,Weekday
Mineral water,2017-02-17 15:42:33,Afternoon,Weekday
Hot chocolate,2017-02-17 15:42:33,Afternoon,Weekday
Alfajores,2017-02-17 15:42:33,Afternoon,Weekday
Cake,2017-02-17 15:45:16,Afternoon,Weekday
Mineral water,2017-02-17 15:45:16,Afternoon,Weekday
Coffee,2017-02-17 15:45:16,Afternoon,Weekday
Sandwich,2017-02-17 15:45:16,Afternoon,Weekday
Coffee,2017-02-17 16:04:30,Afternoon,Weekday
Jammie Dodgers,2017-02-17 16:04:30,Afternoon,Weekday
Coffee,2017-02-17 16:32:40,Afternoon,Weekday
Bread,2017-02-17 16:38:06,Afternoon,Weekday
Bread,2017-02-17 16:38:06,Afternoon,Weekday
Coffee,2017-02-17 16:38:06,Afternoon,Weekday
Coffee,2017-02-17 16:38:06,Afternoon,Weekday
Tea,2017-02-17 16:38:06,Afternoon,Weekday
Brownie,2017-02-17 16:38:06,Afternoon,Weekday
Bread,2017-02-17 16:38:06,Afternoon,Weekday
Alfajores,2017-02-17 16:38:06,Afternoon,Weekday
Scone,2017-02-17 16:46:25,Afternoon,Weekday
Bread,2017-02-17 16:46:25,Afternoon,Weekday
Tea,2017-02-17 16:46:25,Afternoon,Weekday
Coffee,2017-02-17 16:46:25,Afternoon,Weekday
Cake,2017-02-17 16:51:09,Afternoon,Weekday
Cake,2017-02-17 17:01:03,Evening,Weekday
Bread,2017-02-17 17:01:03,Evening,Weekday
Muffin,2017-02-17 17:08:21,Evening,Weekday
Scone,2017-02-17 17:08:21,Evening,Weekday
Cake,2017-02-17 17:08:21,Evening,Weekday
Tea,2017-02-17 17:08:21,Evening,Weekday
Tea,2017-02-17 17:08:21,Evening,Weekday
Tea,2017-02-17 17:08:21,Evening,Weekday
Baguette,2017-02-18 08:36:52,Morning,Weekend
Bread,2017-02-18 08:49:09,Morning,Weekend
Bread,2017-02-18 08:54:12,Morning,Weekend
Pastry,2017-02-18 08:54:12,Morning,Weekend
Medialuna,2017-02-18 09:06:18,Morning,Weekend
Tea,2017-02-18 09:06:18,Morning,Weekend
Coffee,2017-02-18 09:08:51,Morning,Weekend
Tea,2017-02-18 09:08:51,Morning,Weekend
Bread,2017-02-18 09:20:44,Morning,Weekend
Scone,2017-02-18 09:25:03,Morning,Weekend
Fudge,2017-02-18 09:25:03,Morning,Weekend
Cake,2017-02-18 09:26:55,Morning,Weekend
Chocolates,2017-02-18 09:26:55,Morning,Weekend
Coffee,2017-02-18 09:27:25,Morning,Weekend
Bread,2017-02-18 09:29:34,Morning,Weekend
Pastry,2017-02-18 09:29:34,Morning,Weekend
Baguette,2017-02-18 09:41:24,Morning,Weekend
Bread,2017-02-18 09:44:21,Morning,Weekend
Sandwich,2017-02-18 09:44:21,Morning,Weekend
Sandwich,2017-02-18 09:46:04,Morning,Weekend
Tea,2017-02-18 09:46:04,Morning,Weekend
Coffee,2017-02-18 09:46:04,Morning,Weekend
Bread,2017-02-18 09:52:02,Morning,Weekend
Baguette,2017-02-18 09:52:02,Morning,Weekend
Medialuna,2017-02-18 09:53:14,Morning,Weekend
Medialuna,2017-02-18 09:53:14,Morning,Weekend
Scone,2017-02-18 09:57:13,Morning,Weekend
Bread,2017-02-18 09:57:13,Morning,Weekend
Nomad bag,2017-02-18 09:57:13,Morning,Weekend
Coffee,2017-02-18 09:57:13,Morning,Weekend
Coffee,2017-02-18 10:13:26,Morning,Weekend
Bread,2017-02-18 10:16:29,Morning,Weekend
Coffee,2017-02-18 10:19:15,Morning,Weekend
Coffee,2017-02-18 10:19:15,Morning,Weekend
Pastry,2017-02-18 10:19:15,Morning,Weekend
Bread,2017-02-18 10:30:02,Morning,Weekend
Scandinavian,2017-02-18 10:31:47,Morning,Weekend
Cake,2017-02-18 10:31:47,Morning,Weekend
Bread,2017-02-18 10:31:47,Morning,Weekend
Scandinavian,2017-02-18 10:31:47,Morning,Weekend
Bread,2017-02-18 10:36:15,Morning,Weekend
Bread,2017-02-18 10:36:15,Morning,Weekend
Bread,2017-02-18 10:38:11,Morning,Weekend
Coffee,2017-02-18 10:39:30,Morning,Weekend
Bread,2017-02-18 10:40:49,Morning,Weekend
Tea,2017-02-18 10:40:49,Morning,Weekend
Bread,2017-02-18 10:45:04,Morning,Weekend
Tea,2017-02-18 10:45:04,Morning,Weekend
Tea,2017-02-18 10:47:13,Morning,Weekend
Tea,2017-02-18 10:47:50,Morning,Weekend
Scandinavian,2017-02-18 10:49:33,Morning,Weekend
Coffee,2017-02-18 10:54:46,Morning,Weekend
Bread,2017-02-18 10:56:52,Morning,Weekend
Coffee,2017-02-18 10:58:43,Morning,Weekend
Coffee,2017-02-18 11:03:32,Morning,Weekend
Coffee,2017-02-18 11:03:32,Morning,Weekend
Juice,2017-02-18 11:03:32,Morning,Weekend
Spanish Brunch,2017-02-18 11:03:32,Morning,Weekend
Alfajores,2017-02-18 11:03:32,Morning,Weekend
Sandwich,2017-02-18 11:04:36,Morning,Weekend
Eggs,2017-02-18 11:06:13,Morning,Weekend
Juice,2017-02-18 11:06:13,Morning,Weekend
Coffee,2017-02-18 11:06:13,Morning,Weekend
Jammie Dodgers,2017-02-18 11:06:13,Morning,Weekend
Bread,2017-02-18 11:07:25,Morning,Weekend
Pastry,2017-02-18 11:08:42,Morning,Weekend
Pastry,2017-02-18 11:08:42,Morning,Weekend
Bread,2017-02-18 11:08:42,Morning,Weekend
Coffee,2017-02-18 11:09:08,Morning,Weekend
Coffee,2017-02-18 11:14:38,Morning,Weekend
Medialuna,2017-02-18 11:14:38,Morning,Weekend
Bread,2017-02-18 11:14:38,Morning,Weekend
Eggs,2017-02-18 11:14:38,Morning,Weekend
Bread,2017-02-18 11:16:55,Morning,Weekend
Bread,2017-02-18 11:16:55,Morning,Weekend
Pastry,2017-02-18 11:16:55,Morning,Weekend
Jam,2017-02-18 11:18:26,Morning,Weekend
Bread,2017-02-18 11:21:38,Morning,Weekend
Tea,2017-02-18 11:21:38,Morning,Weekend
Brownie,2017-02-18 11:21:38,Morning,Weekend
Jammie Dodgers,2017-02-18 11:21:38,Morning,Weekend
Spanish Brunch,2017-02-18 11:21:38,Morning,Weekend
Toast,2017-02-18 11:21:38,Morning,Weekend
Cake,2017-02-18 11:21:38,Morning,Weekend
Bread,2017-02-18 11:23:07,Morning,Weekend
Bread,2017-02-18 11:23:07,Morning,Weekend
Brownie,2017-02-18 11:23:07,Morning,Weekend
Pastry,2017-02-18 11:23:07,Morning,Weekend
Bread,2017-02-18 11:30:34,Morning,Weekend
Coffee,2017-02-18 11:33:49,Morning,Weekend
Coffee,2017-02-18 11:35:46,Morning,Weekend
Coffee,2017-02-18 11:35:46,Morning,Weekend
Bread,2017-02-18 11:49:25,Morning,Weekend
Scandinavian,2017-02-18 11:49:25,Morning,Weekend
Bread,2017-02-18 11:49:55,Morning,Weekend
Coffee,2017-02-18 11:49:55,Morning,Weekend
Coffee,2017-02-18 11:49:55,Morning,Weekend
Farm House,2017-02-18 11:51:31,Morning,Weekend
Bread,2017-02-18 11:51:31,Morning,Weekend
Coffee,2017-02-18 11:51:31,Morning,Weekend
Toast,2017-02-18 11:51:31,Morning,Weekend
Afternoon with the baker,2017-02-18 12:07:36,Afternoon,Weekend
Coffee,2017-02-18 12:10:27,Afternoon,Weekend
Coffee,2017-02-18 12:10:27,Afternoon,Weekend
Jammie Dodgers,2017-02-18 12:10:27,Afternoon,Weekend
Alfajores,2017-02-18 12:10:27,Afternoon,Weekend
Juice,2017-02-18 12:10:27,Afternoon,Weekend
Hot chocolate,2017-02-18 12:17:57,Afternoon,Weekend
Bread,2017-02-18 12:17:57,Afternoon,Weekend
Coffee,2017-02-18 12:26:15,Afternoon,Weekend
Spanish Brunch,2017-02-18 12:26:15,Afternoon,Weekend
Coffee,2017-02-18 12:26:15,Afternoon,Weekend
Toast,2017-02-18 12:26:15,Afternoon,Weekend
Sandwich,2017-02-18 12:26:15,Afternoon,Weekend
Bread,2017-02-18 12:26:15,Afternoon,Weekend
Coffee,2017-02-18 12:26:52,Afternoon,Weekend
Coffee,2017-02-18 12:26:52,Afternoon,Weekend
Bread,2017-02-18 12:30:33,Afternoon,Weekend
Coffee,2017-02-18 12:30:33,Afternoon,Weekend
Jammie Dodgers,2017-02-18 12:30:33,Afternoon,Weekend
Alfajores,2017-02-18 12:30:33,Afternoon,Weekend
Bread,2017-02-18 12:36:43,Afternoon,Weekend
Scone,2017-02-18 12:36:43,Afternoon,Weekend
Sandwich,2017-02-18 12:46:18,Afternoon,Weekend
Coffee,2017-02-18 12:56:25,Afternoon,Weekend
Coffee,2017-02-18 12:56:25,Afternoon,Weekend
Brownie,2017-02-18 12:56:25,Afternoon,Weekend
Sandwich,2017-02-18 12:56:25,Afternoon,Weekend
Hot chocolate,2017-02-18 12:57:46,Afternoon,Weekend
Smoothies,2017-02-18 13:05:40,Afternoon,Weekend
Tea,2017-02-18 13:05:40,Afternoon,Weekend
Chicken Stew,2017-02-18 13:05:40,Afternoon,Weekend
Spanish Brunch,2017-02-18 13:05:40,Afternoon,Weekend
Farm House,2017-02-18 13:05:40,Afternoon,Weekend
Cake,2017-02-18 13:05:40,Afternoon,Weekend
Coffee,2017-02-18 13:06:03,Afternoon,Weekend
Chicken Stew,2017-02-18 13:07:02,Afternoon,Weekend
Coffee,2017-02-18 13:07:02,Afternoon,Weekend
Bread,2017-02-18 13:07:02,Afternoon,Weekend
Juice,2017-02-18 13:08:23,Afternoon,Weekend
Coffee,2017-02-18 13:08:23,Afternoon,Weekend
Coffee,2017-02-18 13:08:23,Afternoon,Weekend
Chicken Stew,2017-02-18 13:08:23,Afternoon,Weekend
Granola,2017-02-18 13:08:23,Afternoon,Weekend
Jam,2017-02-18 13:31:17,Afternoon,Weekend
Chicken Stew,2017-02-18 13:38:38,Afternoon,Weekend
Spanish Brunch,2017-02-18 13:39:16,Afternoon,Weekend
Coffee,2017-02-18 13:39:16,Afternoon,Weekend
Coffee,2017-02-18 13:44:08,Afternoon,Weekend
Sandwich,2017-02-18 13:44:08,Afternoon,Weekend
Coffee,2017-02-18 13:54:13,Afternoon,Weekend
Juice,2017-02-18 13:54:13,Afternoon,Weekend
Toast,2017-02-18 13:54:13,Afternoon,Weekend
Sandwich,2017-02-18 14:14:17,Afternoon,Weekend
Sandwich,2017-02-18 14:14:17,Afternoon,Weekend
Coffee,2017-02-18 14:14:17,Afternoon,Weekend
Coffee,2017-02-18 14:14:17,Afternoon,Weekend
Pastry,2017-02-18 14:14:17,Afternoon,Weekend
Scandinavian,2017-02-18 14:14:17,Afternoon,Weekend
Eggs,2017-02-18 14:14:35,Afternoon,Weekend
Coffee,2017-02-18 14:24:23,Afternoon,Weekend
Cake,2017-02-18 14:24:23,Afternoon,Weekend
Coffee,2017-02-18 14:27:59,Afternoon,Weekend
Cake,2017-02-18 14:31:39,Afternoon,Weekend
Scone,2017-02-18 14:31:39,Afternoon,Weekend
Chicken Stew,2017-02-18 14:31:39,Afternoon,Weekend
Soup,2017-02-18 14:31:39,Afternoon,Weekend
Spanish Brunch,2017-02-18 14:32:28,Afternoon,Weekend
Extra Salami or Feta,2017-02-18 14:32:28,Afternoon,Weekend
Truffles,2017-02-18 14:32:28,Afternoon,Weekend
Coke,2017-02-18 14:32:28,Afternoon,Weekend
Brownie,2017-02-18 14:32:28,Afternoon,Weekend
Farm House,2017-02-18 14:37:21,Afternoon,Weekend
Scandinavian,2017-02-18 14:54:13,Afternoon,Weekend
Scone,2017-02-18 14:54:13,Afternoon,Weekend
Sandwich,2017-02-18 15:04:47,Afternoon,Weekend
Bread,2017-02-18 15:04:47,Afternoon,Weekend
Bread,2017-02-18 15:04:47,Afternoon,Weekend
Muffin,2017-02-18 15:04:47,Afternoon,Weekend
Bread,2017-02-18 15:18:56,Afternoon,Weekend
Bread,2017-02-18 15:27:52,Afternoon,Weekend
Brownie,2017-02-18 15:27:52,Afternoon,Weekend
Soup,2017-02-18 15:29:52,Afternoon,Weekend
Soup,2017-02-18 15:29:52,Afternoon,Weekend
Coffee,2017-02-18 15:29:52,Afternoon,Weekend
Coffee,2017-02-18 15:29:52,Afternoon,Weekend
Chicken Stew,2017-02-18 15:36:56,Afternoon,Weekend
Sandwich,2017-02-18 15:36:56,Afternoon,Weekend
Tea,2017-02-18 15:36:56,Afternoon,Weekend
Cake,2017-02-18 15:36:56,Afternoon,Weekend
Spanish Brunch,2017-02-18 15:43:49,Afternoon,Weekend
Chicken Stew,2017-02-18 15:43:49,Afternoon,Weekend
Sandwich,2017-02-18 15:43:49,Afternoon,Weekend
Coffee,2017-02-18 15:43:49,Afternoon,Weekend
Coffee,2017-02-18 15:43:49,Afternoon,Weekend
Juice,2017-02-18 15:43:49,Afternoon,Weekend
Coffee,2017-02-18 15:53:47,Afternoon,Weekend
Scandinavian,2017-02-18 15:55:50,Afternoon,Weekend
Scone,2017-02-18 16:10:41,Afternoon,Weekend
Hot chocolate,2017-02-18 16:16:19,Afternoon,Weekend
Coffee,2017-02-18 16:16:19,Afternoon,Weekend
Mineral water,2017-02-18 16:16:19,Afternoon,Weekend
Tiffin,2017-02-18 16:16:19,Afternoon,Weekend
Cake,2017-02-18 16:16:19,Afternoon,Weekend
Muffin,2017-02-18 16:22:25,Afternoon,Weekend
Alfajores,2017-02-18 16:22:25,Afternoon,Weekend
Bread,2017-02-18 16:25:03,Afternoon,Weekend
Bread,2017-02-18 16:25:03,Afternoon,Weekend
Bread,2017-02-18 16:28:34,Afternoon,Weekend
Bread,2017-02-18 16:28:34,Afternoon,Weekend
Jammie Dodgers,2017-02-18 16:28:34,Afternoon,Weekend
Alfajores,2017-02-18 16:28:34,Afternoon,Weekend
Cake,2017-02-18 16:29:42,Afternoon,Weekend
Coffee,2017-02-18 16:29:42,Afternoon,Weekend
Tea,2017-02-18 16:29:42,Afternoon,Weekend
Coffee,2017-02-18 16:41:54,Afternoon,Weekend
Coffee,2017-02-18 16:41:54,Afternoon,Weekend
Coke,2017-02-18 16:41:54,Afternoon,Weekend
Brownie,2017-02-18 16:41:54,Afternoon,Weekend
Cake,2017-02-18 16:41:54,Afternoon,Weekend
Muffin,2017-02-18 16:41:54,Afternoon,Weekend
Bread,2017-02-18 16:44:04,Afternoon,Weekend
Tiffin,2017-02-18 16:44:04,Afternoon,Weekend
Cookies,2017-02-18 16:44:04,Afternoon,Weekend
Toast,2017-02-18 16:44:04,Afternoon,Weekend
Coffee,2017-02-18 17:12:59,Evening,Weekend
Coffee,2017-02-18 17:12:59,Evening,Weekend
Cake,2017-02-19 09:45:11,Morning,Weekend
Cake,2017-02-19 09:45:11,Morning,Weekend
Coffee,2017-02-19 09:55:47,Morning,Weekend
Bread,2017-02-19 09:55:47,Morning,Weekend
Juice,2017-02-19 09:59:20,Morning,Weekend
Hot chocolate,2017-02-19 09:59:20,Morning,Weekend
Alfajores,2017-02-19 09:59:20,Morning,Weekend
Brownie,2017-02-19 09:59:20,Morning,Weekend
Vegan mincepie,2017-02-19 09:59:20,Morning,Weekend
Vegan mincepie,2017-02-19 09:59:20,Morning,Weekend
Pastry,2017-02-19 10:16:03,Morning,Weekend
Medialuna,2017-02-19 10:16:03,Morning,Weekend
Medialuna,2017-02-19 10:16:03,Morning,Weekend
Bread,2017-02-19 10:16:27,Morning,Weekend
Tiffin,2017-02-19 10:16:27,Morning,Weekend
Cookies,2017-02-19 10:16:27,Morning,Weekend
Toast,2017-02-19 10:16:27,Morning,Weekend
Coffee,2017-02-19 10:38:25,Morning,Weekend
Coffee,2017-02-19 10:38:25,Morning,Weekend
Smoothies,2017-02-19 10:39:34,Morning,Weekend
Coffee,2017-02-19 10:39:34,Morning,Weekend
Bread,2017-02-19 10:39:34,Morning,Weekend
Spanish Brunch,2017-02-19 10:39:34,Morning,Weekend
Bread,2017-02-19 10:39:34,Morning,Weekend
Cake,2017-02-19 10:45:39,Morning,Weekend
Coffee,2017-02-19 10:48:28,Morning,Weekend
Coffee,2017-02-19 10:48:28,Morning,Weekend
Smoothies,2017-02-19 10:48:28,Morning,Weekend
Juice,2017-02-19 10:48:28,Morning,Weekend
Granola,2017-02-19 10:48:28,Morning,Weekend
Coffee,2017-02-19 11:04:14,Morning,Weekend
Coffee,2017-02-19 11:04:14,Morning,Weekend
Cake,2017-02-19 11:04:14,Morning,Weekend
Pastry,2017-02-19 11:04:14,Morning,Weekend
Hot chocolate,2017-02-19 11:06:40,Morning,Weekend
Hot chocolate,2017-02-19 11:06:40,Morning,Weekend
Coffee,2017-02-19 11:06:40,Morning,Weekend
Bread,2017-02-19 11:06:40,Morning,Weekend
Bread,2017-02-19 11:06:40,Morning,Weekend
Bread,2017-02-19 11:19:08,Morning,Weekend
Hot chocolate,2017-02-19 11:28:31,Morning,Weekend
Brownie,2017-02-19 11:28:31,Morning,Weekend
Coffee,2017-02-19 11:29:31,Morning,Weekend
Cake,2017-02-19 11:29:31,Morning,Weekend
Coffee,2017-02-19 11:31:02,Morning,Weekend
Smoothies,2017-02-19 11:31:02,Morning,Weekend
Alfajores,2017-02-19 11:31:02,Morning,Weekend
Alfajores,2017-02-19 11:31:02,Morning,Weekend
Juice,2017-02-19 11:31:57,Morning,Weekend
Coffee,2017-02-19 11:31:57,Morning,Weekend
Spanish Brunch,2017-02-19 11:38:09,Morning,Weekend
Coffee,2017-02-19 11:38:09,Morning,Weekend
Tea,2017-02-19 11:38:09,Morning,Weekend
Juice,2017-02-19 11:38:09,Morning,Weekend
Coffee,2017-02-19 11:44:34,Morning,Weekend
Coffee,2017-02-19 11:44:34,Morning,Weekend
Tiffin,2017-02-19 11:44:34,Morning,Weekend
Medialuna,2017-02-19 11:44:34,Morning,Weekend
Brownie,2017-02-19 11:44:34,Morning,Weekend
Mineral water,2017-02-19 11:44:34,Morning,Weekend
Coffee,2017-02-19 11:46:55,Morning,Weekend
Coffee,2017-02-19 11:46:55,Morning,Weekend
Coffee,2017-02-19 11:46:55,Morning,Weekend
Coffee,2017-02-19 11:46:55,Morning,Weekend
Toast,2017-02-19 11:46:55,Morning,Weekend
Bread,2017-02-19 11:59:43,Morning,Weekend
Coffee,2017-02-19 11:59:43,Morning,Weekend
Medialuna,2017-02-19 11:59:43,Morning,Weekend
Spanish Brunch,2017-02-19 11:59:43,Morning,Weekend
Medialuna,2017-02-19 11:59:43,Morning,Weekend
Bread,2017-02-19 12:03:14,Afternoon,Weekend
Tea,2017-02-19 12:03:14,Afternoon,Weekend
Cake,2017-02-19 12:03:14,Afternoon,Weekend
Coffee,2017-02-19 12:14:46,Afternoon,Weekend
Coffee,2017-02-19 12:14:46,Afternoon,Weekend
Scone,2017-02-19 12:14:46,Afternoon,Weekend
Coffee,2017-02-19 12:18:54,Afternoon,Weekend
Tea,2017-02-19 12:18:54,Afternoon,Weekend
Medialuna,2017-02-19 12:18:54,Afternoon,Weekend
Toast,2017-02-19 12:18:54,Afternoon,Weekend
Farm House,2017-02-19 12:18:54,Afternoon,Weekend
Tea,2017-02-19 12:25:10,Afternoon,Weekend
Tea,2017-02-19 12:25:10,Afternoon,Weekend
Cake,2017-02-19 12:25:10,Afternoon,Weekend
Spanish Brunch,2017-02-19 12:25:10,Afternoon,Weekend
Duck egg,2017-02-19 12:25:10,Afternoon,Weekend
Jam,2017-02-19 12:25:10,Afternoon,Weekend
Bread,2017-02-19 12:36:00,Afternoon,Weekend
Bread,2017-02-19 12:36:00,Afternoon,Weekend
Coffee,2017-02-19 12:38:58,Afternoon,Weekend
Coffee,2017-02-19 12:38:58,Afternoon,Weekend
Pastry,2017-02-19 12:38:58,Afternoon,Weekend
Coffee,2017-02-19 12:48:42,Afternoon,Weekend
Tea,2017-02-19 12:48:42,Afternoon,Weekend
Spanish Brunch,2017-02-19 12:48:42,Afternoon,Weekend
Alfajores,2017-02-19 12:48:42,Afternoon,Weekend
Cake,2017-02-19 12:48:42,Afternoon,Weekend
Bread,2017-02-19 12:52:10,Afternoon,Weekend
Coffee,2017-02-19 12:52:10,Afternoon,Weekend
Tea,2017-02-19 12:52:10,Afternoon,Weekend
Toast,2017-02-19 12:52:10,Afternoon,Weekend
Farm House,2017-02-19 12:53:53,Afternoon,Weekend
Cake,2017-02-19 12:53:53,Afternoon,Weekend
Tea,2017-02-19 12:55:01,Afternoon,Weekend
Pastry,2017-02-19 12:55:01,Afternoon,Weekend
Scone,2017-02-19 12:55:01,Afternoon,Weekend
Tiffin,2017-02-19 12:55:01,Afternoon,Weekend
Tiffin,2017-02-19 12:59:02,Afternoon,Weekend
Bread,2017-02-19 12:59:02,Afternoon,Weekend
Bread,2017-02-19 12:59:46,Afternoon,Weekend
Bread,2017-02-19 12:59:46,Afternoon,Weekend
Coffee,2017-02-19 12:59:46,Afternoon,Weekend
Cake,2017-02-19 12:59:46,Afternoon,Weekend
Alfajores,2017-02-19 12:59:46,Afternoon,Weekend
Tiffin,2017-02-19 13:03:52,Afternoon,Weekend
Farm House,2017-02-19 13:03:52,Afternoon,Weekend
Coffee,2017-02-19 13:25:11,Afternoon,Weekend
Spanish Brunch,2017-02-19 13:25:11,Afternoon,Weekend
Alfajores,2017-02-19 13:39:43,Afternoon,Weekend
Coffee,2017-02-19 13:43:13,Afternoon,Weekend
Bread,2017-02-19 13:43:13,Afternoon,Weekend
Coffee,2017-02-19 13:43:50,Afternoon,Weekend
Coffee,2017-02-19 13:49:43,Afternoon,Weekend
Coffee,2017-02-19 13:49:43,Afternoon,Weekend
Sandwich,2017-02-19 13:49:43,Afternoon,Weekend
Sandwich,2017-02-19 13:49:43,Afternoon,Weekend
Alfajores,2017-02-19 13:49:43,Afternoon,Weekend
Alfajores,2017-02-19 13:49:43,Afternoon,Weekend
Scone,2017-02-19 13:52:35,Afternoon,Weekend
Coffee,2017-02-19 13:52:35,Afternoon,Weekend
Coffee,2017-02-19 13:52:35,Afternoon,Weekend
Bread,2017-02-19 13:54:41,Afternoon,Weekend
Bread,2017-02-19 13:54:41,Afternoon,Weekend
Scone,2017-02-19 13:54:41,Afternoon,Weekend
Sandwich,2017-02-19 13:54:41,Afternoon,Weekend
Alfajores,2017-02-19 13:54:41,Afternoon,Weekend
Coffee,2017-02-19 13:55:27,Afternoon,Weekend
Coffee,2017-02-19 13:55:27,Afternoon,Weekend
Coffee,2017-02-19 13:57:06,Afternoon,Weekend
Spanish Brunch,2017-02-19 13:57:06,Afternoon,Weekend
Baguette,2017-02-19 13:57:06,Afternoon,Weekend
Coffee,2017-02-19 13:58:27,Afternoon,Weekend
Cake,2017-02-19 14:01:45,Afternoon,Weekend
Coffee,2017-02-19 14:03:23,Afternoon,Weekend
Cake,2017-02-19 14:03:23,Afternoon,Weekend
Bread,2017-02-19 14:04:37,Afternoon,Weekend
Sandwich,2017-02-19 14:05:10,Afternoon,Weekend
Coke,2017-02-19 14:05:10,Afternoon,Weekend
Bread,2017-02-19 14:05:10,Afternoon,Weekend
Cake,2017-02-19 14:05:10,Afternoon,Weekend
Coffee,2017-02-19 14:08:42,Afternoon,Weekend
Cake,2017-02-19 14:08:42,Afternoon,Weekend
Bread,2017-02-19 14:08:42,Afternoon,Weekend
Cookies,2017-02-19 14:08:42,Afternoon,Weekend
The Nomad,2017-02-19 14:10:31,Afternoon,Weekend
Tea,2017-02-19 14:23:27,Afternoon,Weekend
Bread,2017-02-19 14:23:27,Afternoon,Weekend
Alfajores,2017-02-19 14:23:27,Afternoon,Weekend
Cake,2017-02-19 14:33:33,Afternoon,Weekend
Cake,2017-02-19 14:33:33,Afternoon,Weekend
Coffee granules ,2017-02-19 14:33:33,Afternoon,Weekend
Coffee,2017-02-19 14:35:33,Afternoon,Weekend
Salad,2017-02-19 14:35:33,Afternoon,Weekend
Cake,2017-02-19 14:35:33,Afternoon,Weekend
Extra Salami or Feta,2017-02-19 14:35:33,Afternoon,Weekend
Cake,2017-02-19 14:35:33,Afternoon,Weekend
Tea,2017-02-19 14:35:33,Afternoon,Weekend
Coffee,2017-02-19 14:37:19,Afternoon,Weekend
Coffee,2017-02-19 14:43:20,Afternoon,Weekend
Tea,2017-02-19 14:43:20,Afternoon,Weekend
Medialuna,2017-02-19 14:43:20,Afternoon,Weekend
Brownie,2017-02-19 14:43:20,Afternoon,Weekend
Juice,2017-02-19 14:43:20,Afternoon,Weekend
Baguette,2017-02-19 15:27:46,Afternoon,Weekend
Coffee,2017-02-19 15:41:59,Afternoon,Weekend
Coffee,2017-02-19 15:41:59,Afternoon,Weekend
Coffee,2017-02-19 15:41:59,Afternoon,Weekend
Coffee,2017-02-19 15:41:59,Afternoon,Weekend
Cake,2017-02-19 15:41:59,Afternoon,Weekend
Afternoon with the baker,2017-02-19 18:23:31,Evening,Weekend
Afternoon with the baker,2017-02-19 18:40:23,Evening,Weekend
Bread,2017-02-20 08:21:13,Morning,Weekday
Brownie,2017-02-20 08:21:13,Morning,Weekday
Coffee,2017-02-20 09:27:33,Morning,Weekday
The Nomad,2017-02-20 10:04:01,Morning,Weekday
Coffee,2017-02-20 10:04:01,Morning,Weekday
Coffee,2017-02-20 10:14:10,Morning,Weekday
Coffee,2017-02-20 10:24:37,Morning,Weekday
Scone,2017-02-20 10:24:37,Morning,Weekday
Coffee,2017-02-20 10:25:27,Morning,Weekday
Medialuna,2017-02-20 10:25:27,Morning,Weekday
Bread,2017-02-20 10:37:48,Morning,Weekday
Fudge,2017-02-20 10:42:04,Morning,Weekday
Fudge,2017-02-20 10:42:04,Morning,Weekday
Coffee,2017-02-20 10:49:15,Morning,Weekday
Bread,2017-02-20 10:49:15,Morning,Weekday
Coffee,2017-02-20 10:50:16,Morning,Weekday
Juice,2017-02-20 10:50:16,Morning,Weekday
Bread,2017-02-20 10:50:16,Morning,Weekday
Alfajores,2017-02-20 10:55:29,Morning,Weekday
Bread,2017-02-20 10:55:29,Morning,Weekday
Coffee,2017-02-20 10:55:29,Morning,Weekday
Coffee,2017-02-20 10:55:29,Morning,Weekday
Coffee,2017-02-20 10:58:32,Morning,Weekday
Coffee,2017-02-20 11:00:52,Morning,Weekday
Coffee,2017-02-20 11:23:01,Morning,Weekday
Medialuna,2017-02-20 11:23:01,Morning,Weekday
Pastry,2017-02-20 11:25:25,Morning,Weekday
Scone,2017-02-20 11:27:32,Morning,Weekday
Cookies,2017-02-20 11:27:32,Morning,Weekday
Hot chocolate,2017-02-20 11:27:32,Morning,Weekday
Coffee,2017-02-20 11:27:32,Morning,Weekday
Bread,2017-02-20 11:46:08,Morning,Weekday
Salad,2017-02-20 11:58:28,Morning,Weekday
Coffee,2017-02-20 11:59:57,Morning,Weekday
Tea,2017-02-20 11:59:57,Morning,Weekday
Coffee,2017-02-20 11:59:57,Morning,Weekday
Pastry,2017-02-20 11:59:57,Morning,Weekday
Bread,2017-02-20 12:07:51,Afternoon,Weekday
Bread,2017-02-20 12:11:53,Afternoon,Weekday
Bread,2017-02-20 12:15:36,Afternoon,Weekday
Scone,2017-02-20 12:16:06,Afternoon,Weekday
Sandwich,2017-02-20 12:18:26,Afternoon,Weekday
Sandwich,2017-02-20 12:18:26,Afternoon,Weekday
Coffee,2017-02-20 12:18:26,Afternoon,Weekday
Coffee,2017-02-20 12:18:26,Afternoon,Weekday
Bread,2017-02-20 12:22:54,Afternoon,Weekday
Coffee,2017-02-20 12:28:42,Afternoon,Weekday
Coffee,2017-02-20 12:28:42,Afternoon,Weekday
Juice,2017-02-20 12:35:57,Afternoon,Weekday
Sandwich,2017-02-20 12:35:57,Afternoon,Weekday
Spanish Brunch,2017-02-20 12:35:57,Afternoon,Weekday
Tea,2017-02-20 12:35:57,Afternoon,Weekday
Alfajores,2017-02-20 12:35:57,Afternoon,Weekday
Scone,2017-02-20 12:35:57,Afternoon,Weekday
Bread,2017-02-20 12:40:35,Afternoon,Weekday
Hot chocolate,2017-02-20 12:43:02,Afternoon,Weekday
Sandwich,2017-02-20 12:59:42,Afternoon,Weekday
Coffee,2017-02-20 13:12:53,Afternoon,Weekday
Cake,2017-02-20 13:12:53,Afternoon,Weekday
Alfajores,2017-02-20 13:17:45,Afternoon,Weekday
Brownie,2017-02-20 13:17:45,Afternoon,Weekday
Bread,2017-02-20 13:17:45,Afternoon,Weekday
Bread,2017-02-20 13:17:45,Afternoon,Weekday
Coffee,2017-02-20 13:37:37,Afternoon,Weekday
Bread,2017-02-20 13:37:37,Afternoon,Weekday
Smoothies,2017-02-20 13:55:19,Afternoon,Weekday
Coffee,2017-02-20 13:55:19,Afternoon,Weekday
Bread,2017-02-20 13:55:19,Afternoon,Weekday
Cookies,2017-02-20 13:55:19,Afternoon,Weekday
Toast,2017-02-20 14:08:20,Afternoon,Weekday
Spanish Brunch,2017-02-20 14:08:20,Afternoon,Weekday
Coke,2017-02-20 14:08:20,Afternoon,Weekday
Tea,2017-02-20 14:08:20,Afternoon,Weekday
Coffee,2017-02-20 14:08:20,Afternoon,Weekday
Bread,2017-02-20 14:13:52,Afternoon,Weekday
Bread,2017-02-20 14:13:52,Afternoon,Weekday
Scone,2017-02-20 14:13:52,Afternoon,Weekday
Sandwich,2017-02-20 14:13:52,Afternoon,Weekday
The Nomad,2017-02-20 14:13:52,Afternoon,Weekday
Coffee,2017-02-20 14:20:44,Afternoon,Weekday
Bread,2017-02-20 14:20:44,Afternoon,Weekday
Coffee,2017-02-20 15:19:32,Afternoon,Weekday
Cookies,2017-02-20 15:19:32,Afternoon,Weekday
Pastry,2017-02-20 15:36:40,Afternoon,Weekday
Jammie Dodgers,2017-02-20 15:36:40,Afternoon,Weekday
Medialuna,2017-02-20 15:39:27,Afternoon,Weekday
Coffee,2017-02-20 15:39:27,Afternoon,Weekday
Hot chocolate,2017-02-20 15:39:27,Afternoon,Weekday
Tea,2017-02-20 15:39:56,Afternoon,Weekday
Bread,2017-02-20 15:39:56,Afternoon,Weekday
Truffles,2017-02-20 15:41:05,Afternoon,Weekday
Juice,2017-02-20 15:43:46,Afternoon,Weekday
Tea,2017-02-20 15:43:46,Afternoon,Weekday
Cake,2017-02-20 15:43:46,Afternoon,Weekday
Bread,2017-02-20 15:47:25,Afternoon,Weekday
Tea,2017-02-20 15:47:25,Afternoon,Weekday
Coffee,2017-02-20 15:48:44,Afternoon,Weekday
Cake,2017-02-20 15:48:44,Afternoon,Weekday
Juice,2017-02-20 15:52:01,Afternoon,Weekday
Bread,2017-02-20 16:06:44,Afternoon,Weekday
Bread,2017-02-20 16:06:44,Afternoon,Weekday
Bread,2017-02-20 16:06:44,Afternoon,Weekday
Coffee,2017-02-20 16:06:44,Afternoon,Weekday
Coffee,2017-02-20 16:19:36,Afternoon,Weekday
Medialuna,2017-02-20 16:19:36,Afternoon,Weekday
Coffee,2017-02-20 16:24:59,Afternoon,Weekday
Bread,2017-02-20 16:24:59,Afternoon,Weekday
Alfajores,2017-02-20 16:26:39,Afternoon,Weekday
Bread,2017-02-20 16:26:39,Afternoon,Weekday
Cookies,2017-02-20 16:28:40,Afternoon,Weekday
Alfajores,2017-02-20 16:28:40,Afternoon,Weekday
Pastry,2017-02-20 16:28:40,Afternoon,Weekday
Medialuna,2017-02-20 16:28:40,Afternoon,Weekday
Eggs,2017-02-20 16:49:30,Afternoon,Weekday
Coffee,2017-02-21 09:18:55,Morning,Weekday
Toast,2017-02-21 09:18:55,Morning,Weekday
Coffee,2017-02-21 09:19:57,Morning,Weekday
Bread,2017-02-21 09:27:44,Morning,Weekday
Bread,2017-02-21 09:59:40,Morning,Weekday
Coffee,2017-02-21 09:59:40,Morning,Weekday
Pastry,2017-02-21 09:59:40,Morning,Weekday
Farm House,2017-02-21 10:09:14,Morning,Weekday
Tea,2017-02-21 10:29:09,Morning,Weekday
Coffee,2017-02-21 11:02:39,Morning,Weekday
Coffee,2017-02-21 11:31:47,Morning,Weekday
Bread,2017-02-21 11:31:47,Morning,Weekday
Pastry,2017-02-21 11:31:47,Morning,Weekday
Jam,2017-02-21 11:34:29,Morning,Weekday
Coffee,2017-02-21 11:34:29,Morning,Weekday
Bread,2017-02-21 11:34:29,Morning,Weekday
Scone,2017-02-21 11:34:29,Morning,Weekday
Tea,2017-02-21 11:39:28,Morning,Weekday
Scone,2017-02-21 11:39:28,Morning,Weekday
Coffee,2017-02-21 12:02:06,Afternoon,Weekday
Tea,2017-02-21 12:11:37,Afternoon,Weekday
Bread,2017-02-21 12:13:19,Afternoon,Weekday
Coffee,2017-02-21 12:13:19,Afternoon,Weekday
Baguette,2017-02-21 12:15:27,Afternoon,Weekday
Coffee,2017-02-21 12:18:07,Afternoon,Weekday
Coffee,2017-02-21 12:44:17,Afternoon,Weekday
Coffee,2017-02-21 12:44:17,Afternoon,Weekday
Bread,2017-02-21 12:44:17,Afternoon,Weekday
Pastry,2017-02-21 12:44:17,Afternoon,Weekday
Bread,2017-02-21 12:48:04,Afternoon,Weekday
Bread,2017-02-21 12:48:41,Afternoon,Weekday
Coffee,2017-02-21 12:48:41,Afternoon,Weekday
Coffee,2017-02-21 12:48:41,Afternoon,Weekday
Tea,2017-02-21 13:00:22,Afternoon,Weekday
Scone,2017-02-21 13:00:22,Afternoon,Weekday
Coffee,2017-02-21 13:11:53,Afternoon,Weekday
Sandwich,2017-02-21 13:17:57,Afternoon,Weekday
Tea,2017-02-21 13:17:57,Afternoon,Weekday
Bread,2017-02-21 13:18:53,Afternoon,Weekday
Coffee,2017-02-21 14:04:06,Afternoon,Weekday
Coffee,2017-02-21 14:04:06,Afternoon,Weekday
Tea,2017-02-21 14:04:06,Afternoon,Weekday
Medialuna,2017-02-21 14:04:06,Afternoon,Weekday
Tea,2017-02-21 14:23:51,Afternoon,Weekday
Tea,2017-02-21 14:23:51,Afternoon,Weekday
Coffee,2017-02-21 14:23:51,Afternoon,Weekday
Coffee,2017-02-21 14:23:51,Afternoon,Weekday
Sandwich,2017-02-21 14:23:51,Afternoon,Weekday
Bread,2017-02-21 14:29:37,Afternoon,Weekday
Coffee,2017-02-21 14:46:38,Afternoon,Weekday
Pastry,2017-02-21 14:46:38,Afternoon,Weekday
Cake,2017-02-21 14:57:47,Afternoon,Weekday
Coffee,2017-02-21 14:59:27,Afternoon,Weekday
Coffee,2017-02-21 14:59:27,Afternoon,Weekday
Salad,2017-02-21 14:59:27,Afternoon,Weekday
Bread,2017-02-21 15:06:17,Afternoon,Weekday
Bread,2017-02-21 15:08:46,Afternoon,Weekday
Jam,2017-02-21 15:09:29,Afternoon,Weekday
Coffee,2017-02-21 15:12:10,Afternoon,Weekday
Cake,2017-02-21 15:12:10,Afternoon,Weekday
Toast,2017-02-21 15:12:10,Afternoon,Weekday
Coffee,2017-02-21 15:13:39,Afternoon,Weekday
Toast,2017-02-21 15:13:39,Afternoon,Weekday
Cake,2017-02-21 15:27:30,Afternoon,Weekday
Tea,2017-02-21 15:27:30,Afternoon,Weekday
Truffles,2017-02-21 15:36:48,Afternoon,Weekday
Alfajores,2017-02-21 15:36:48,Afternoon,Weekday
Soup,2017-02-21 15:36:48,Afternoon,Weekday
Cake,2017-02-21 15:48:24,Afternoon,Weekday
Alfajores,2017-02-21 15:48:24,Afternoon,Weekday
Coffee,2017-02-21 16:02:34,Afternoon,Weekday
Cookies,2017-02-21 16:02:34,Afternoon,Weekday
Mineral water,2017-02-21 16:02:34,Afternoon,Weekday
Tea,2017-02-21 16:02:34,Afternoon,Weekday
Alfajores,2017-02-21 16:02:34,Afternoon,Weekday
Coffee,2017-02-21 16:07:01,Afternoon,Weekday
Toast,2017-02-21 16:07:01,Afternoon,Weekday
Coffee,2017-02-21 16:07:01,Afternoon,Weekday
Cookies,2017-02-21 16:07:01,Afternoon,Weekday
Coffee,2017-02-21 16:24:10,Afternoon,Weekday
Tea,2017-02-21 16:24:10,Afternoon,Weekday
Scone,2017-02-21 16:24:10,Afternoon,Weekday
Cookies,2017-02-21 16:41:42,Afternoon,Weekday
Farm House,2017-02-21 16:53:53,Afternoon,Weekday
Tea,2017-02-21 17:03:16,Evening,Weekday
Chicken Stew,2017-02-21 17:03:16,Evening,Weekday
Coffee,2017-02-21 17:04:24,Evening,Weekday
Cookies,2017-02-21 17:04:24,Evening,Weekday
Bread,2017-02-22 08:44:52,Morning,Weekday
Bread,2017-02-22 08:55:01,Morning,Weekday
Coffee,2017-02-22 09:10:39,Morning,Weekday
Pastry,2017-02-22 09:10:39,Morning,Weekday
Cake,2017-02-22 09:10:39,Morning,Weekday
Bread,2017-02-22 09:25:10,Morning,Weekday
Coffee,2017-02-22 09:31:14,Morning,Weekday
Alfajores,2017-02-22 09:46:33,Morning,Weekday
Alfajores,2017-02-22 09:46:33,Morning,Weekday
Alfajores,2017-02-22 10:05:24,Morning,Weekday
Alfajores,2017-02-22 10:05:24,Morning,Weekday
Coffee,2017-02-22 10:32:58,Morning,Weekday
Coffee,2017-02-22 10:32:58,Morning,Weekday
Pastry,2017-02-22 10:32:58,Morning,Weekday
Cake,2017-02-22 10:39:33,Morning,Weekday
Coffee,2017-02-22 10:39:33,Morning,Weekday
Coffee,2017-02-22 10:39:59,Morning,Weekday
Bread,2017-02-22 11:30:17,Morning,Weekday
Medialuna,2017-02-22 11:30:17,Morning,Weekday
Bread,2017-02-22 11:32:34,Morning,Weekday
Coffee,2017-02-22 11:32:34,Morning,Weekday
Hot chocolate,2017-02-22 11:32:34,Morning,Weekday
Coffee,2017-02-22 11:47:18,Morning,Weekday
Bread,2017-02-22 11:47:18,Morning,Weekday
Pastry,2017-02-22 11:47:18,Morning,Weekday
Toast,2017-02-22 11:50:53,Morning,Weekday
Coffee,2017-02-22 11:54:20,Morning,Weekday
Bread,2017-02-22 11:58:57,Morning,Weekday
Tea,2017-02-22 11:58:57,Morning,Weekday
Spanish Brunch,2017-02-22 11:58:57,Morning,Weekday
Coffee,2017-02-22 12:11:04,Afternoon,Weekday
Coffee,2017-02-22 12:11:04,Afternoon,Weekday
Pastry,2017-02-22 12:11:04,Afternoon,Weekday
Pastry,2017-02-22 12:11:04,Afternoon,Weekday
Coffee,2017-02-22 12:11:48,Afternoon,Weekday
Coffee,2017-02-22 12:11:48,Afternoon,Weekday
Farm House,2017-02-22 12:12:45,Afternoon,Weekday
Tea,2017-02-22 12:22:56,Afternoon,Weekday
Toast,2017-02-22 12:22:56,Afternoon,Weekday
Bread,2017-02-22 12:24:03,Afternoon,Weekday
Scone,2017-02-22 12:55:17,Afternoon,Weekday
Bread,2017-02-22 12:55:17,Afternoon,Weekday
Baguette,2017-02-22 12:55:17,Afternoon,Weekday
Sandwich,2017-02-22 13:12:36,Afternoon,Weekday
Bread,2017-02-22 13:12:36,Afternoon,Weekday
Alfajores,2017-02-22 13:12:36,Afternoon,Weekday
Fudge,2017-02-22 13:12:36,Afternoon,Weekday
Coffee,2017-02-22 13:16:00,Afternoon,Weekday
Sandwich,2017-02-22 13:16:00,Afternoon,Weekday
Tea,2017-02-22 13:17:03,Afternoon,Weekday
Coffee,2017-02-22 13:20:41,Afternoon,Weekday
Pastry,2017-02-22 13:20:41,Afternoon,Weekday
Bread,2017-02-22 13:20:41,Afternoon,Weekday
Truffles,2017-02-22 14:11:57,Afternoon,Weekday
Coffee,2017-02-22 14:11:57,Afternoon,Weekday
Sandwich,2017-02-22 14:11:57,Afternoon,Weekday
Sandwich,2017-02-22 14:11:57,Afternoon,Weekday
Salad,2017-02-22 14:11:57,Afternoon,Weekday
Coffee,2017-02-22 14:26:14,Afternoon,Weekday
Tea,2017-02-22 14:33:24,Afternoon,Weekday
Coke,2017-02-22 14:33:24,Afternoon,Weekday
Pastry,2017-02-22 14:33:24,Afternoon,Weekday
Brownie,2017-02-22 14:33:24,Afternoon,Weekday
Scone,2017-02-22 14:33:24,Afternoon,Weekday
Alfajores,2017-02-22 14:33:24,Afternoon,Weekday
Tea,2017-02-22 14:50:58,Afternoon,Weekday
Bread,2017-02-22 14:50:58,Afternoon,Weekday
Bread,2017-02-22 14:51:18,Afternoon,Weekday
Tea,2017-02-22 14:51:18,Afternoon,Weekday
Bread,2017-02-22 14:52:16,Afternoon,Weekday
Tea,2017-02-22 14:53:41,Afternoon,Weekday
Tea,2017-02-22 14:53:41,Afternoon,Weekday
Tea,2017-02-22 14:53:41,Afternoon,Weekday
Brownie,2017-02-22 14:53:41,Afternoon,Weekday
Bread,2017-02-22 14:53:41,Afternoon,Weekday
Bread,2017-02-22 15:06:27,Afternoon,Weekday
Bread,2017-02-22 15:06:27,Afternoon,Weekday
Chicken Stew,2017-02-22 15:06:27,Afternoon,Weekday
Sandwich,2017-02-22 15:06:27,Afternoon,Weekday
Coffee,2017-02-22 15:08:27,Afternoon,Weekday
Coffee,2017-02-22 15:15:07,Afternoon,Weekday
Sandwich,2017-02-22 15:15:07,Afternoon,Weekday
Bread,2017-02-22 15:20:06,Afternoon,Weekday
Scone,2017-02-22 15:20:06,Afternoon,Weekday
Soup,2017-02-22 15:26:25,Afternoon,Weekday
Sandwich,2017-02-22 15:26:25,Afternoon,Weekday
Coffee,2017-02-22 15:26:25,Afternoon,Weekday
Tea,2017-02-22 15:26:25,Afternoon,Weekday
Cake,2017-02-22 15:26:25,Afternoon,Weekday
Farm House,2017-02-22 15:33:16,Afternoon,Weekday
Scandinavian,2017-02-22 15:34:34,Afternoon,Weekday
Tea,2017-02-22 15:40:58,Afternoon,Weekday
Coffee,2017-02-22 15:40:58,Afternoon,Weekday
Scone,2017-02-22 15:40:58,Afternoon,Weekday
Smoothies,2017-02-22 15:56:27,Afternoon,Weekday
Coffee,2017-02-22 15:56:27,Afternoon,Weekday
Coffee,2017-02-22 15:56:27,Afternoon,Weekday
Cake,2017-02-22 15:56:27,Afternoon,Weekday
Coffee,2017-02-22 16:12:23,Afternoon,Weekday
Coffee,2017-02-22 16:12:23,Afternoon,Weekday
Coffee,2017-02-22 16:12:23,Afternoon,Weekday
Sandwich,2017-02-22 16:12:23,Afternoon,Weekday
Sandwich,2017-02-22 16:12:23,Afternoon,Weekday
Brownie,2017-02-22 16:21:55,Afternoon,Weekday
Farm House,2017-02-22 16:21:55,Afternoon,Weekday
Coffee,2017-02-22 16:59:36,Afternoon,Weekday
Cake,2017-02-22 16:59:36,Afternoon,Weekday
Alfajores,2017-02-22 17:07:06,Evening,Weekday
Cookies,2017-02-22 17:07:06,Evening,Weekday
Cake,2017-02-22 17:07:06,Evening,Weekday
Bread,2017-02-22 17:07:06,Evening,Weekday
Coffee,2017-02-22 17:41:14,Evening,Weekday
Juice,2017-02-22 17:41:14,Evening,Weekday
Bread,2017-02-23 08:56:20,Morning,Weekday
Bread,2017-02-23 09:07:58,Morning,Weekday
Brownie,2017-02-23 09:07:58,Morning,Weekday
Coffee,2017-02-23 09:07:58,Morning,Weekday
Cake,2017-02-23 09:13:46,Morning,Weekday
Brownie,2017-02-23 09:15:33,Morning,Weekday
Coffee,2017-02-23 09:15:33,Morning,Weekday
Coffee,2017-02-23 09:15:33,Morning,Weekday
Bread,2017-02-23 09:15:33,Morning,Weekday
Brownie,2017-02-23 09:33:18,Morning,Weekday
Coffee,2017-02-23 09:33:18,Morning,Weekday
Coffee,2017-02-23 09:43:49,Morning,Weekday
Bread,2017-02-23 09:43:49,Morning,Weekday
Hot chocolate,2017-02-23 09:51:53,Morning,Weekday
Coffee,2017-02-23 09:52:18,Morning,Weekday
Coffee,2017-02-23 09:52:18,Morning,Weekday
Coffee,2017-02-23 10:00:28,Morning,Weekday
Coffee,2017-02-23 10:00:28,Morning,Weekday
Medialuna,2017-02-23 10:47:24,Morning,Weekday
Bread,2017-02-23 10:47:24,Morning,Weekday
Hot chocolate,2017-02-23 10:57:26,Morning,Weekday
Coffee,2017-02-23 10:57:26,Morning,Weekday
Toast,2017-02-23 10:57:26,Morning,Weekday
Bread,2017-02-23 10:57:26,Morning,Weekday
Coffee,2017-02-23 11:03:22,Morning,Weekday
Coffee,2017-02-23 11:22:42,Morning,Weekday
Tiffin,2017-02-23 11:22:42,Morning,Weekday
Muffin,2017-02-23 11:23:57,Morning,Weekday
Cookies,2017-02-23 11:23:57,Morning,Weekday
Hot chocolate,2017-02-23 11:23:57,Morning,Weekday
Juice,2017-02-23 11:23:57,Morning,Weekday
Coffee,2017-02-23 11:24:39,Morning,Weekday
Juice,2017-02-23 11:24:39,Morning,Weekday
Cookies,2017-02-23 11:24:39,Morning,Weekday
Bread,2017-02-23 11:24:39,Morning,Weekday
Coffee,2017-02-23 11:35:56,Morning,Weekday
Coffee,2017-02-23 11:35:56,Morning,Weekday
Coffee,2017-02-23 11:35:56,Morning,Weekday
Toast,2017-02-23 11:35:56,Morning,Weekday
Sandwich,2017-02-23 11:35:56,Morning,Weekday
Baguette,2017-02-23 11:55:04,Morning,Weekday
Juice,2017-02-23 12:15:36,Afternoon,Weekday
Baguette,2017-02-23 12:15:36,Afternoon,Weekday
Chicken Stew,2017-02-23 12:31:45,Afternoon,Weekday
Coffee,2017-02-23 12:31:45,Afternoon,Weekday
Bread,2017-02-23 12:46:01,Afternoon,Weekday
Coffee,2017-02-23 12:50:56,Afternoon,Weekday
Sandwich,2017-02-23 13:06:58,Afternoon,Weekday
Cake,2017-02-23 13:11:08,Afternoon,Weekday
Brownie,2017-02-23 13:11:08,Afternoon,Weekday
Tea,2017-02-23 13:11:08,Afternoon,Weekday
Soup,2017-02-23 13:11:08,Afternoon,Weekday
Tea,2017-02-23 13:17:13,Afternoon,Weekday
Scone,2017-02-23 13:17:13,Afternoon,Weekday
Scone,2017-02-23 13:17:56,Afternoon,Weekday
Tea,2017-02-23 13:17:56,Afternoon,Weekday
Coffee,2017-02-23 13:26:37,Afternoon,Weekday
Tea,2017-02-23 13:26:37,Afternoon,Weekday
Cake,2017-02-23 13:26:37,Afternoon,Weekday
Chicken Stew,2017-02-23 13:38:10,Afternoon,Weekday
Coffee,2017-02-23 13:46:36,Afternoon,Weekday
Alfajores,2017-02-23 13:46:36,Afternoon,Weekday
Bread,2017-02-23 14:08:20,Afternoon,Weekday
Spanish Brunch,2017-02-23 14:21:03,Afternoon,Weekday
Coffee,2017-02-23 14:21:03,Afternoon,Weekday
Mineral water,2017-02-23 15:02:29,Afternoon,Weekday
Soup,2017-02-23 15:02:29,Afternoon,Weekday
Soup,2017-02-23 15:02:29,Afternoon,Weekday
Tiffin,2017-02-23 15:25:45,Afternoon,Weekday
Muffin,2017-02-23 15:25:45,Afternoon,Weekday
Coffee,2017-02-23 15:27:31,Afternoon,Weekday
Bread,2017-02-23 15:35:21,Afternoon,Weekday
Cake,2017-02-23 15:41:11,Afternoon,Weekday
Cookies,2017-02-23 15:41:11,Afternoon,Weekday
Tea,2017-02-23 15:49:38,Afternoon,Weekday
Spanish Brunch,2017-02-23 15:49:38,Afternoon,Weekday
Coffee,2017-02-23 15:50:40,Afternoon,Weekday
Hot chocolate,2017-02-23 15:50:40,Afternoon,Weekday
Coffee,2017-02-23 15:57:45,Afternoon,Weekday
Juice,2017-02-23 15:57:45,Afternoon,Weekday
Coffee,2017-02-23 15:57:45,Afternoon,Weekday
Jammie Dodgers,2017-02-23 15:57:45,Afternoon,Weekday
Muffin,2017-02-23 15:57:45,Afternoon,Weekday
Cake,2017-02-23 15:57:45,Afternoon,Weekday
Bread,2017-02-23 15:57:45,Afternoon,Weekday
Coffee,2017-02-23 16:08:25,Afternoon,Weekday
Tiffin,2017-02-23 16:08:25,Afternoon,Weekday
Hot chocolate,2017-02-23 16:17:16,Afternoon,Weekday
Hot chocolate,2017-02-23 16:17:16,Afternoon,Weekday
Coffee,2017-02-23 16:17:16,Afternoon,Weekday
Muffin,2017-02-23 16:17:16,Afternoon,Weekday
Tiffin,2017-02-23 16:17:16,Afternoon,Weekday
Alfajores,2017-02-23 16:17:16,Afternoon,Weekday
Bread,2017-02-23 16:32:01,Afternoon,Weekday
Bread,2017-02-23 16:32:01,Afternoon,Weekday
Tea,2017-02-23 16:36:34,Afternoon,Weekday
Coffee,2017-02-23 17:14:02,Evening,Weekday
Coffee,2017-02-23 17:14:02,Evening,Weekday
Tiffin,2017-02-23 17:14:02,Evening,Weekday
Muffin,2017-02-23 17:14:02,Evening,Weekday
Sandwich,2017-02-23 17:14:02,Evening,Weekday
Sandwich,2017-02-23 17:14:02,Evening,Weekday
Jam,2017-02-23 17:14:35,Evening,Weekday
Toast,2017-02-24 08:20:53,Morning,Weekday
Afternoon with the baker,2017-02-24 08:28:03,Morning,Weekday
Brownie,2017-02-24 08:28:03,Morning,Weekday
Coffee,2017-02-24 09:00:42,Morning,Weekday
Pastry,2017-02-24 09:00:42,Morning,Weekday
Bread,2017-02-24 09:20:10,Morning,Weekday
Bread,2017-02-24 09:26:44,Morning,Weekday
Baguette,2017-02-24 09:40:02,Morning,Weekday
Coffee,2017-02-24 09:42:40,Morning,Weekday
Coffee,2017-02-24 09:43:52,Morning,Weekday
Coffee,2017-02-24 09:43:52,Morning,Weekday
Juice,2017-02-24 09:43:52,Morning,Weekday
Scone,2017-02-24 09:43:52,Morning,Weekday
Cookies,2017-02-24 09:43:52,Morning,Weekday
Toast,2017-02-24 10:09:46,Morning,Weekday
Coffee,2017-02-24 10:09:46,Morning,Weekday
Coffee,2017-02-24 10:09:46,Morning,Weekday
Coffee,2017-02-24 10:09:46,Morning,Weekday
Coffee,2017-02-24 10:16:12,Morning,Weekday
Coffee,2017-02-24 10:16:12,Morning,Weekday
Tea,2017-02-24 10:33:24,Morning,Weekday
Tiffin,2017-02-24 10:35:22,Morning,Weekday
Tea,2017-02-24 10:35:49,Morning,Weekday
Coffee,2017-02-24 10:39:10,Morning,Weekday
Coffee,2017-02-24 10:39:10,Morning,Weekday
Coffee,2017-02-24 10:39:10,Morning,Weekday
Brownie,2017-02-24 10:46:10,Morning,Weekday
Cake,2017-02-24 10:46:10,Morning,Weekday
Tea,2017-02-24 10:46:10,Morning,Weekday
Coffee,2017-02-24 10:49:24,Morning,Weekday
Cookies,2017-02-24 10:49:24,Morning,Weekday
Bread,2017-02-24 10:49:24,Morning,Weekday
Pastry,2017-02-24 10:51:32,Morning,Weekday
Sandwich,2017-02-24 11:12:11,Morning,Weekday
Toast,2017-02-24 11:12:11,Morning,Weekday
Tea,2017-02-24 11:12:11,Morning,Weekday
Tea,2017-02-24 11:12:11,Morning,Weekday
Bread,2017-02-24 11:17:43,Morning,Weekday
Toast,2017-02-24 11:17:43,Morning,Weekday
Farm House,2017-02-24 11:35:32,Morning,Weekday
Coffee,2017-02-24 11:38:56,Morning,Weekday
Toast,2017-02-24 11:38:56,Morning,Weekday
Bread,2017-02-24 11:44:17,Morning,Weekday
Medialuna,2017-02-24 11:44:17,Morning,Weekday
Coffee,2017-02-24 11:56:24,Morning,Weekday
Alfajores,2017-02-24 11:56:24,Morning,Weekday
Muffin,2017-02-24 11:56:24,Morning,Weekday
Coffee,2017-02-24 11:56:24,Morning,Weekday
Bread,2017-02-24 12:29:26,Afternoon,Weekday
Coffee,2017-02-24 12:29:26,Afternoon,Weekday
Sandwich,2017-02-24 12:33:07,Afternoon,Weekday
Bread,2017-02-24 12:33:07,Afternoon,Weekday
Tea,2017-02-24 12:33:31,Afternoon,Weekday
Bread,2017-02-24 12:39:55,Afternoon,Weekday
Bread,2017-02-24 12:40:35,Afternoon,Weekday
Bread,2017-02-24 12:43:20,Afternoon,Weekday
Bread,2017-02-24 12:43:20,Afternoon,Weekday
Coffee,2017-02-24 12:43:20,Afternoon,Weekday
Coffee,2017-02-24 12:43:20,Afternoon,Weekday
Coffee,2017-02-24 12:43:20,Afternoon,Weekday
Tiffin,2017-02-24 12:43:20,Afternoon,Weekday
Medialuna,2017-02-24 12:43:20,Afternoon,Weekday
Sandwich,2017-02-24 12:43:20,Afternoon,Weekday
Coffee,2017-02-24 12:45:47,Afternoon,Weekday
Soup,2017-02-24 12:45:47,Afternoon,Weekday
Sandwich,2017-02-24 12:45:47,Afternoon,Weekday
Cake,2017-02-24 12:45:47,Afternoon,Weekday
Tea,2017-02-24 12:48:41,Afternoon,Weekday
Coffee,2017-02-24 12:48:41,Afternoon,Weekday
Sandwich,2017-02-24 12:48:41,Afternoon,Weekday
Muffin,2017-02-24 12:48:41,Afternoon,Weekday
Cake,2017-02-24 12:49:45,Afternoon,Weekday
Tea,2017-02-24 12:49:45,Afternoon,Weekday
Coffee,2017-02-24 12:49:45,Afternoon,Weekday
Soup,2017-02-24 12:54:37,Afternoon,Weekday
Soup,2017-02-24 12:54:37,Afternoon,Weekday
Coffee,2017-02-24 12:54:37,Afternoon,Weekday
Coffee,2017-02-24 12:54:37,Afternoon,Weekday
Bread,2017-02-24 13:07:19,Afternoon,Weekday
Cake,2017-02-24 13:25:48,Afternoon,Weekday
Bread,2017-02-24 13:25:48,Afternoon,Weekday
Coffee,2017-02-24 13:27:31,Afternoon,Weekday
Coffee,2017-02-24 13:27:31,Afternoon,Weekday
Brownie,2017-02-24 13:27:31,Afternoon,Weekday
Jam,2017-02-24 13:31:12,Afternoon,Weekday
Brownie,2017-02-24 13:43:46,Afternoon,Weekday
Cake,2017-02-24 13:43:46,Afternoon,Weekday
Coffee,2017-02-24 13:48:36,Afternoon,Weekday
Cake,2017-02-24 13:48:36,Afternoon,Weekday
Muffin,2017-02-24 13:48:36,Afternoon,Weekday
Toast,2017-02-24 13:48:36,Afternoon,Weekday
Coffee,2017-02-24 13:48:36,Afternoon,Weekday
Tea,2017-02-24 14:00:01,Afternoon,Weekday
Tea,2017-02-24 14:00:01,Afternoon,Weekday
Tea,2017-02-24 14:06:17,Afternoon,Weekday
Scone,2017-02-24 14:06:17,Afternoon,Weekday
Coffee,2017-02-24 14:06:17,Afternoon,Weekday
Bread,2017-02-24 14:17:45,Afternoon,Weekday
Bread,2017-02-24 14:17:45,Afternoon,Weekday
Tiffin,2017-02-24 14:18:49,Afternoon,Weekday
Mineral water,2017-02-24 14:18:49,Afternoon,Weekday
Alfajores,2017-02-24 14:20:18,Afternoon,Weekday
Scone,2017-02-24 14:20:18,Afternoon,Weekday
Bread,2017-02-24 14:20:18,Afternoon,Weekday
Bread,2017-02-24 14:35:01,Afternoon,Weekday
Smoothies,2017-02-24 14:35:01,Afternoon,Weekday
Chicken Stew,2017-02-24 14:35:01,Afternoon,Weekday
Soup,2017-02-24 14:36:20,Afternoon,Weekday
Soup,2017-02-24 14:36:20,Afternoon,Weekday
Sandwich,2017-02-24 14:41:48,Afternoon,Weekday
Bread,2017-02-24 14:41:48,Afternoon,Weekday
Tea,2017-02-24 14:54:01,Afternoon,Weekday
Tiffin,2017-02-24 14:54:01,Afternoon,Weekday
Bread,2017-02-24 15:12:00,Afternoon,Weekday
Spanish Brunch,2017-02-24 15:21:34,Afternoon,Weekday
Coffee,2017-02-24 15:22:52,Afternoon,Weekday
Coffee,2017-02-24 15:22:52,Afternoon,Weekday
Coffee,2017-02-24 15:24:56,Afternoon,Weekday
Brownie,2017-02-24 15:24:56,Afternoon,Weekday
Coffee,2017-02-24 16:12:58,Afternoon,Weekday
Truffles,2017-02-24 16:12:58,Afternoon,Weekday
Sandwich,2017-02-24 16:19:16,Afternoon,Weekday
Sandwich,2017-02-24 16:19:16,Afternoon,Weekday
Bread,2017-02-24 16:19:16,Afternoon,Weekday
Coffee,2017-02-24 16:19:16,Afternoon,Weekday
Mineral water,2017-02-24 16:19:16,Afternoon,Weekday
Bread,2017-02-24 16:23:48,Afternoon,Weekday
Bread,2017-02-24 16:25:30,Afternoon,Weekday
Coffee,2017-02-24 16:25:30,Afternoon,Weekday
Alfajores,2017-02-24 16:49:59,Afternoon,Weekday
Mineral water,2017-02-24 16:49:59,Afternoon,Weekday
Coffee,2017-02-24 16:49:59,Afternoon,Weekday
Hot chocolate,2017-02-24 16:49:59,Afternoon,Weekday
Cookies,2017-02-24 16:49:59,Afternoon,Weekday
Cookies,2017-02-24 16:49:59,Afternoon,Weekday
Farm House,2017-02-24 16:51:20,Afternoon,Weekday
Tea,2017-02-24 16:52:42,Afternoon,Weekday
Bread,2017-02-24 16:52:42,Afternoon,Weekday
Brownie,2017-02-24 16:52:42,Afternoon,Weekday
Coffee,2017-02-24 17:22:26,Evening,Weekday
Alfajores,2017-02-24 17:22:26,Evening,Weekday
Tea,2017-02-24 17:22:26,Evening,Weekday
Coffee,2017-02-25 08:04:48,Morning,Weekend
Bread,2017-02-25 08:04:48,Morning,Weekend
Pastry,2017-02-25 08:04:48,Morning,Weekend
Farm House,2017-02-25 08:04:48,Morning,Weekend
Eggs,2017-02-25 08:12:49,Morning,Weekend
Bread,2017-02-25 08:45:07,Morning,Weekend
Coffee,2017-02-25 08:45:07,Morning,Weekend
Bread,2017-02-25 08:59:44,Morning,Weekend
Coffee,2017-02-25 09:00:36,Morning,Weekend
Coke,2017-02-25 09:00:36,Morning,Weekend
Toast,2017-02-25 09:00:36,Morning,Weekend
Cake,2017-02-25 09:04:12,Morning,Weekend
Muffin,2017-02-25 09:04:12,Morning,Weekend
Muffin,2017-02-25 09:04:12,Morning,Weekend
Muffin,2017-02-25 09:04:12,Morning,Weekend
Bread,2017-02-25 09:05:06,Morning,Weekend
Bread,2017-02-25 09:16:22,Morning,Weekend
Scandinavian,2017-02-25 09:17:08,Morning,Weekend
Bread,2017-02-25 09:33:19,Morning,Weekend
Bread,2017-02-25 09:33:19,Morning,Weekend
Pastry,2017-02-25 09:33:19,Morning,Weekend
Medialuna,2017-02-25 09:33:19,Morning,Weekend
Bread,2017-02-25 09:41:43,Morning,Weekend
Bread,2017-02-25 09:41:43,Morning,Weekend
Bread,2017-02-25 09:43:06,Morning,Weekend
Baguette,2017-02-25 09:46:10,Morning,Weekend
Scandinavian,2017-02-25 09:46:10,Morning,Weekend
Cookies,2017-02-25 09:54:13,Morning,Weekend
Bread,2017-02-25 09:54:13,Morning,Weekend
Coffee,2017-02-25 09:57:30,Morning,Weekend
Coffee,2017-02-25 09:57:30,Morning,Weekend
Cake,2017-02-25 09:57:30,Morning,Weekend
Cake,2017-02-25 09:57:30,Morning,Weekend
Bread,2017-02-25 10:08:59,Morning,Weekend
Pastry,2017-02-25 10:10:13,Morning,Weekend
Coffee,2017-02-25 10:10:13,Morning,Weekend
Bread,2017-02-25 10:10:13,Morning,Weekend
Pastry,2017-02-25 10:11:52,Morning,Weekend
Pastry,2017-02-25 10:11:52,Morning,Weekend
Coffee,2017-02-25 10:11:52,Morning,Weekend
Scone,2017-02-25 10:18:02,Morning,Weekend
Toast,2017-02-25 10:25:02,Morning,Weekend
Coffee,2017-02-25 10:25:02,Morning,Weekend
Bread,2017-02-25 10:34:28,Morning,Weekend
Scone,2017-02-25 10:34:28,Morning,Weekend
Bread,2017-02-25 10:37:15,Morning,Weekend
Pastry,2017-02-25 10:37:15,Morning,Weekend
Tea,2017-02-25 10:46:22,Morning,Weekend
Bread,2017-02-25 10:46:22,Morning,Weekend
Alfajores,2017-02-25 10:46:22,Morning,Weekend
Medialuna,2017-02-25 10:46:22,Morning,Weekend
Bread,2017-02-25 10:46:22,Morning,Weekend
Jam,2017-02-25 10:46:22,Morning,Weekend
Coffee,2017-02-25 10:47:23,Morning,Weekend
Brownie,2017-02-25 10:47:23,Morning,Weekend
Coffee,2017-02-25 10:47:23,Morning,Weekend
Tea,2017-02-25 10:51:02,Morning,Weekend
Cookies,2017-02-25 10:55:13,Morning,Weekend
Juice,2017-02-25 10:55:13,Morning,Weekend
Coffee,2017-02-25 10:55:13,Morning,Weekend
Coffee,2017-02-25 10:55:13,Morning,Weekend
Scandinavian,2017-02-25 11:26:15,Morning,Weekend
Coffee,2017-02-25 11:38:14,Morning,Weekend
Coffee,2017-02-25 11:38:14,Morning,Weekend
Cookies,2017-02-25 11:38:14,Morning,Weekend
Coffee,2017-02-25 11:40:38,Morning,Weekend
Coffee,2017-02-25 11:40:38,Morning,Weekend
Pastry,2017-02-25 11:40:38,Morning,Weekend
Pastry,2017-02-25 11:40:38,Morning,Weekend
Coffee,2017-02-25 11:41:10,Morning,Weekend
Coffee,2017-02-25 11:41:10,Morning,Weekend
Medialuna,2017-02-25 11:46:36,Morning,Weekend
Medialuna,2017-02-25 11:47:28,Morning,Weekend
Coffee,2017-02-25 11:55:43,Morning,Weekend
Coffee,2017-02-25 11:55:43,Morning,Weekend
Coffee,2017-02-25 11:55:43,Morning,Weekend
Tea,2017-02-25 11:58:51,Morning,Weekend
Coffee,2017-02-25 11:58:51,Morning,Weekend
Coffee,2017-02-25 11:58:51,Morning,Weekend
Coke,2017-02-25 11:58:51,Morning,Weekend
Bread,2017-02-25 11:59:30,Morning,Weekend
Coffee,2017-02-25 11:59:30,Morning,Weekend
Coffee,2017-02-25 11:59:30,Morning,Weekend
Tiffin,2017-02-25 12:00:08,Afternoon,Weekend
Medialuna,2017-02-25 12:00:08,Afternoon,Weekend
Alfajores,2017-02-25 12:06:14,Afternoon,Weekend
Brownie,2017-02-25 12:06:14,Afternoon,Weekend
Bread,2017-02-25 12:06:14,Afternoon,Weekend
Baguette,2017-02-25 12:06:14,Afternoon,Weekend
Coffee,2017-02-25 12:08:54,Afternoon,Weekend
Cake,2017-02-25 12:08:54,Afternoon,Weekend
Alfajores,2017-02-25 12:08:54,Afternoon,Weekend
Tea,2017-02-25 12:08:54,Afternoon,Weekend
Tea,2017-02-25 12:08:54,Afternoon,Weekend
Coffee,2017-02-25 12:09:50,Afternoon,Weekend
Cake,2017-02-25 12:09:50,Afternoon,Weekend
The Nomad,2017-02-25 12:17:51,Afternoon,Weekend
Chicken Stew,2017-02-25 12:17:51,Afternoon,Weekend
Cake,2017-02-25 12:17:51,Afternoon,Weekend
Coffee,2017-02-25 12:17:51,Afternoon,Weekend
Coffee,2017-02-25 12:17:51,Afternoon,Weekend
Hot chocolate,2017-02-25 12:22:52,Afternoon,Weekend
Brownie,2017-02-25 12:22:52,Afternoon,Weekend
Coffee,2017-02-25 12:30:55,Afternoon,Weekend
Nomad bag,2017-02-25 12:30:55,Afternoon,Weekend
Coffee,2017-02-25 12:32:47,Afternoon,Weekend
Coffee,2017-02-25 12:55:37,Afternoon,Weekend
Coffee,2017-02-25 13:06:36,Afternoon,Weekend
Coffee,2017-02-25 13:26:00,Afternoon,Weekend
Coffee,2017-02-25 13:28:12,Afternoon,Weekend
Bread,2017-02-25 14:05:36,Afternoon,Weekend
Mineral water,2017-02-25 14:05:36,Afternoon,Weekend
Salad,2017-02-25 14:07:03,Afternoon,Weekend
Soup,2017-02-25 14:07:03,Afternoon,Weekend
Cake,2017-02-25 14:07:03,Afternoon,Weekend
Extra Salami or Feta,2017-02-25 14:11:41,Afternoon,Weekend
Tea,2017-02-25 14:11:41,Afternoon,Weekend
Bread,2017-02-25 14:12:06,Afternoon,Weekend
Soup,2017-02-25 14:12:06,Afternoon,Weekend
Coffee,2017-02-25 14:12:38,Afternoon,Weekend
Sandwich,2017-02-25 14:12:38,Afternoon,Weekend
Sandwich,2017-02-25 14:13:29,Afternoon,Weekend
Tea,2017-02-25 14:13:29,Afternoon,Weekend
Coffee,2017-02-25 14:15:09,Afternoon,Weekend
Extra Salami or Feta,2017-02-25 14:15:09,Afternoon,Weekend
Salad,2017-02-25 14:15:09,Afternoon,Weekend
Bread,2017-02-25 14:15:09,Afternoon,Weekend
Sandwich,2017-02-25 14:15:09,Afternoon,Weekend
Bread,2017-02-25 14:15:36,Afternoon,Weekend
Sandwich,2017-02-25 14:15:36,Afternoon,Weekend
Coffee,2017-02-25 14:47:08,Afternoon,Weekend
Hot chocolate,2017-02-25 14:50:51,Afternoon,Weekend
Coke,2017-02-25 14:50:51,Afternoon,Weekend
Juice,2017-02-25 14:50:51,Afternoon,Weekend
Chocolates,2017-02-25 14:50:51,Afternoon,Weekend
Tea,2017-02-25 14:50:51,Afternoon,Weekend
Coffee,2017-02-25 14:55:13,Afternoon,Weekend
Coffee,2017-02-25 14:55:13,Afternoon,Weekend
Cake,2017-02-25 15:06:25,Afternoon,Weekend
Cake,2017-02-25 15:11:03,Afternoon,Weekend
Coffee,2017-02-25 15:11:03,Afternoon,Weekend
Soup,2017-02-25 15:18:54,Afternoon,Weekend
Soup,2017-02-25 15:18:54,Afternoon,Weekend
Coffee,2017-02-25 15:18:54,Afternoon,Weekend
Coffee,2017-02-25 15:18:54,Afternoon,Weekend
Cookies,2017-02-25 15:18:54,Afternoon,Weekend
Scone,2017-02-25 15:18:54,Afternoon,Weekend
Hot chocolate,2017-02-25 15:18:54,Afternoon,Weekend
Tea,2017-02-25 15:40:17,Afternoon,Weekend
Tiffin,2017-02-25 15:40:17,Afternoon,Weekend
Bread,2017-02-25 15:40:17,Afternoon,Weekend
Scone,2017-02-25 15:42:11,Afternoon,Weekend
Muffin,2017-02-25 15:42:11,Afternoon,Weekend
Cake,2017-02-25 15:42:11,Afternoon,Weekend
Tea,2017-02-25 15:42:11,Afternoon,Weekend
Bread,2017-02-25 15:42:11,Afternoon,Weekend
Sandwich,2017-02-25 16:10:01,Afternoon,Weekend
Coke,2017-02-25 16:15:46,Afternoon,Weekend
Coffee,2017-02-25 16:40:24,Afternoon,Weekend
Coffee,2017-02-25 16:40:24,Afternoon,Weekend
Cake,2017-02-25 16:40:24,Afternoon,Weekend
Cake,2017-02-25 16:40:24,Afternoon,Weekend
Coffee,2017-02-25 16:41:22,Afternoon,Weekend
Sandwich,2017-02-25 16:41:22,Afternoon,Weekend
Bread,2017-02-25 16:41:47,Afternoon,Weekend
Medialuna,2017-02-25 16:41:47,Afternoon,Weekend
Cake,2017-02-25 16:51:56,Afternoon,Weekend
Cake,2017-02-25 16:51:56,Afternoon,Weekend
Cookies,2017-02-25 16:58:21,Afternoon,Weekend
Coffee,2017-02-25 16:58:21,Afternoon,Weekend
Bread,2017-02-25 16:58:21,Afternoon,Weekend
Hot chocolate,2017-02-25 17:15:06,Evening,Weekend
Cake,2017-02-25 17:15:06,Evening,Weekend
Hot chocolate,2017-02-25 17:15:50,Evening,Weekend
Cake,2017-02-25 17:15:50,Evening,Weekend
Coffee,2017-02-26 09:07:07,Morning,Weekend
Medialuna,2017-02-26 09:07:07,Morning,Weekend
Fudge,2017-02-26 09:07:07,Morning,Weekend
Bread,2017-02-26 09:26:10,Morning,Weekend
Coffee,2017-02-26 09:26:41,Morning,Weekend
Medialuna,2017-02-26 09:26:41,Morning,Weekend
Fudge,2017-02-26 09:26:41,Morning,Weekend
Coffee,2017-02-26 09:33:50,Morning,Weekend
Coffee,2017-02-26 09:34:38,Morning,Weekend
Coffee,2017-02-26 09:34:38,Morning,Weekend
Scone,2017-02-26 09:34:38,Morning,Weekend
Medialuna,2017-02-26 09:34:38,Morning,Weekend
Bread,2017-02-26 09:35:48,Morning,Weekend
Medialuna,2017-02-26 09:38:10,Morning,Weekend
Coffee,2017-02-26 10:06:53,Morning,Weekend
Medialuna,2017-02-26 10:06:53,Morning,Weekend
Cake,2017-02-26 10:17:37,Morning,Weekend
Coffee,2017-02-26 10:17:37,Morning,Weekend
Coffee,2017-02-26 10:17:37,Morning,Weekend
Juice,2017-02-26 10:17:37,Morning,Weekend
Soup,2017-02-26 10:17:37,Morning,Weekend
Coffee,2017-02-26 10:18:06,Morning,Weekend
Coffee,2017-02-26 10:18:38,Morning,Weekend
Tea,2017-02-26 10:20:40,Morning,Weekend
Coffee,2017-02-26 10:20:40,Morning,Weekend
Medialuna,2017-02-26 10:20:40,Morning,Weekend
Art Tray,2017-02-26 10:20:40,Morning,Weekend
Coffee,2017-02-26 10:26:04,Morning,Weekend
Coffee,2017-02-26 10:39:19,Morning,Weekend
Toast,2017-02-26 10:39:19,Morning,Weekend
Medialuna,2017-02-26 10:39:19,Morning,Weekend
Coffee,2017-02-26 10:39:19,Morning,Weekend
Medialuna,2017-02-26 10:50:53,Morning,Weekend
Medialuna,2017-02-26 10:50:53,Morning,Weekend
Cake,2017-02-26 10:50:53,Morning,Weekend
Scone,2017-02-26 10:50:53,Morning,Weekend
Farm House,2017-02-26 11:00:15,Morning,Weekend
Eggs,2017-02-26 11:00:15,Morning,Weekend
Bread,2017-02-26 11:00:15,Morning,Weekend
Medialuna,2017-02-26 11:00:15,Morning,Weekend
Coffee,2017-02-26 11:09:06,Morning,Weekend
Farm House,2017-02-26 11:11:08,Morning,Weekend
Bread,2017-02-26 11:30:41,Morning,Weekend
Alfajores,2017-02-26 11:30:41,Morning,Weekend
Scone,2017-02-26 11:31:31,Morning,Weekend
Jammie Dodgers,2017-02-26 11:31:31,Morning,Weekend
Cake,2017-02-26 11:31:31,Morning,Weekend
Bread,2017-02-26 11:36:55,Morning,Weekend
Scone,2017-02-26 11:36:55,Morning,Weekend
Bread,2017-02-26 11:37:47,Morning,Weekend
Coffee,2017-02-26 11:43:02,Morning,Weekend
Coffee,2017-02-26 11:43:02,Morning,Weekend
Hot chocolate,2017-02-26 11:43:02,Morning,Weekend
Coffee,2017-02-26 11:51:04,Morning,Weekend
Hot chocolate,2017-02-26 11:51:04,Morning,Weekend
Sandwich,2017-02-26 11:51:04,Morning,Weekend
Cake,2017-02-26 11:51:04,Morning,Weekend
Alfajores,2017-02-26 11:55:41,Morning,Weekend
Pastry,2017-02-26 11:55:41,Morning,Weekend
Baguette,2017-02-26 11:55:41,Morning,Weekend
Coffee,2017-02-26 11:55:41,Morning,Weekend
Coffee,2017-02-26 11:55:41,Morning,Weekend
Bread,2017-02-26 11:59:05,Morning,Weekend
Tea,2017-02-26 12:00:21,Afternoon,Weekend
Tea,2017-02-26 12:00:21,Afternoon,Weekend
The Nomad,2017-02-26 12:00:21,Afternoon,Weekend
Coffee,2017-02-26 12:01:07,Afternoon,Weekend
Coffee,2017-02-26 12:01:07,Afternoon,Weekend
Alfajores,2017-02-26 12:01:07,Afternoon,Weekend
Scone,2017-02-26 12:01:07,Afternoon,Weekend
Sandwich,2017-02-26 12:04:22,Afternoon,Weekend
Coffee,2017-02-26 12:04:22,Afternoon,Weekend
Coffee,2017-02-26 12:04:22,Afternoon,Weekend
Juice,2017-02-26 12:04:22,Afternoon,Weekend
Bread,2017-02-26 12:04:22,Afternoon,Weekend
Farm House,2017-02-26 12:15:48,Afternoon,Weekend
Cookies,2017-02-26 12:15:48,Afternoon,Weekend
Cake,2017-02-26 12:17:12,Afternoon,Weekend
Jammie Dodgers,2017-02-26 12:17:12,Afternoon,Weekend
Hot chocolate,2017-02-26 12:19:50,Afternoon,Weekend
Bread,2017-02-26 12:19:50,Afternoon,Weekend
Bread,2017-02-26 12:20:05,Afternoon,Weekend
Tea,2017-02-26 12:32:02,Afternoon,Weekend
Cookies,2017-02-26 12:32:02,Afternoon,Weekend
Coffee,2017-02-26 13:01:12,Afternoon,Weekend
Coffee,2017-02-26 13:01:12,Afternoon,Weekend
Coffee,2017-02-26 13:08:30,Afternoon,Weekend
Coffee,2017-02-26 13:08:30,Afternoon,Weekend
Coffee,2017-02-26 13:08:30,Afternoon,Weekend
Juice,2017-02-26 13:08:30,Afternoon,Weekend
Sandwich,2017-02-26 13:08:30,Afternoon,Weekend
Sandwich,2017-02-26 13:08:30,Afternoon,Weekend
Cookies,2017-02-26 13:08:30,Afternoon,Weekend
Cookies,2017-02-26 13:08:30,Afternoon,Weekend
Extra Salami or Feta,2017-02-26 13:08:30,Afternoon,Weekend
Coffee,2017-02-26 13:18:15,Afternoon,Weekend
Jammie Dodgers,2017-02-26 13:47:44,Afternoon,Weekend
Tiffin,2017-02-26 13:47:44,Afternoon,Weekend
Bread,2017-02-26 13:47:44,Afternoon,Weekend
Juice,2017-02-26 13:47:44,Afternoon,Weekend
Tea,2017-02-26 13:47:44,Afternoon,Weekend
Coffee,2017-02-26 13:47:44,Afternoon,Weekend
Pastry,2017-02-26 13:48:33,Afternoon,Weekend
Cake,2017-02-26 13:48:33,Afternoon,Weekend
Bread,2017-02-26 13:48:33,Afternoon,Weekend
Coffee,2017-02-26 13:48:33,Afternoon,Weekend
Tea,2017-02-26 13:48:33,Afternoon,Weekend
Pastry,2017-02-26 13:51:51,Afternoon,Weekend
Coffee,2017-02-26 13:51:51,Afternoon,Weekend
Toast,2017-02-26 13:52:32,Afternoon,Weekend
Coffee,2017-02-26 13:53:11,Afternoon,Weekend
Bread,2017-02-26 13:53:11,Afternoon,Weekend
Coffee,2017-02-26 13:53:54,Afternoon,Weekend
Spanish Brunch,2017-02-26 13:55:32,Afternoon,Weekend
Soup,2017-02-26 13:55:32,Afternoon,Weekend
Tea,2017-02-26 13:55:32,Afternoon,Weekend
Tea,2017-02-26 13:55:32,Afternoon,Weekend
Coffee,2017-02-26 13:57:41,Afternoon,Weekend
Coffee,2017-02-26 13:57:41,Afternoon,Weekend
Coffee,2017-02-26 13:57:41,Afternoon,Weekend
Art Tray,2017-02-26 13:57:41,Afternoon,Weekend
Soup,2017-02-26 13:57:41,Afternoon,Weekend
Soup,2017-02-26 13:57:41,Afternoon,Weekend
Salad,2017-02-26 13:57:41,Afternoon,Weekend
Spanish Brunch,2017-02-26 13:57:41,Afternoon,Weekend
Sandwich,2017-02-26 14:02:38,Afternoon,Weekend
Sandwich,2017-02-26 14:02:38,Afternoon,Weekend
Cookies,2017-02-26 14:02:38,Afternoon,Weekend
Juice,2017-02-26 14:06:39,Afternoon,Weekend
Spanish Brunch,2017-02-26 14:06:39,Afternoon,Weekend
Cake,2017-02-26 14:08:55,Afternoon,Weekend
Bread,2017-02-26 14:27:21,Afternoon,Weekend
Soup,2017-02-26 14:28:14,Afternoon,Weekend
Spanish Brunch,2017-02-26 14:28:14,Afternoon,Weekend
Coffee,2017-02-26 14:28:14,Afternoon,Weekend
Coffee,2017-02-26 14:28:14,Afternoon,Weekend
Bread,2017-02-26 14:32:48,Afternoon,Weekend
Coffee,2017-02-26 14:45:07,Afternoon,Weekend
Coffee,2017-02-26 14:45:07,Afternoon,Weekend
Scone,2017-02-26 14:45:07,Afternoon,Weekend
Cake,2017-02-26 14:45:07,Afternoon,Weekend
Coffee,2017-02-26 14:45:34,Afternoon,Weekend
Coffee,2017-02-26 14:45:34,Afternoon,Weekend
Scone,2017-02-26 14:45:34,Afternoon,Weekend
Cake,2017-02-26 14:45:34,Afternoon,Weekend
Coffee,2017-02-26 14:48:23,Afternoon,Weekend
Hot chocolate,2017-02-26 14:48:23,Afternoon,Weekend
Cake,2017-02-26 14:48:23,Afternoon,Weekend
Chicken Stew,2017-02-26 14:52:34,Afternoon,Weekend
Coffee,2017-02-26 14:58:54,Afternoon,Weekend
Coffee,2017-02-26 14:58:54,Afternoon,Weekend
Cake,2017-02-26 14:58:54,Afternoon,Weekend
Coffee,2017-02-26 15:02:36,Afternoon,Weekend
Hot chocolate,2017-02-26 15:02:36,Afternoon,Weekend
Sandwich,2017-02-26 15:02:36,Afternoon,Weekend
Sandwich,2017-02-26 15:02:36,Afternoon,Weekend
Coffee,2017-02-26 15:05:52,Afternoon,Weekend
Coffee,2017-02-26 15:05:52,Afternoon,Weekend
Sandwich,2017-02-26 15:05:52,Afternoon,Weekend
Sandwich,2017-02-26 15:05:52,Afternoon,Weekend
Jammie Dodgers,2017-02-26 15:05:52,Afternoon,Weekend
Tiffin,2017-02-26 15:05:52,Afternoon,Weekend
Coffee,2017-02-26 15:15:24,Afternoon,Weekend
Coffee,2017-02-26 15:15:24,Afternoon,Weekend
Bread,2017-02-26 15:42:54,Afternoon,Weekend
Bread,2017-02-26 15:42:54,Afternoon,Weekend
Coffee,2017-02-26 15:46:25,Afternoon,Weekend
Cookies,2017-02-26 15:46:25,Afternoon,Weekend
Jammie Dodgers,2017-02-26 15:46:25,Afternoon,Weekend
Cake,2017-02-26 15:46:25,Afternoon,Weekend
Tiffin,2017-02-26 15:46:25,Afternoon,Weekend
Coffee,2017-02-26 15:49:05,Afternoon,Weekend
Soup,2017-02-26 15:49:05,Afternoon,Weekend
Coffee,2017-02-26 15:49:50,Afternoon,Weekend
Spanish Brunch,2017-02-26 15:49:50,Afternoon,Weekend
Spanish Brunch,2017-02-26 15:51:26,Afternoon,Weekend
Coffee,2017-02-26 15:51:26,Afternoon,Weekend
Coffee,2017-02-26 15:51:26,Afternoon,Weekend
Scone,2017-02-26 16:00:26,Afternoon,Weekend
Cake,2017-02-26 16:00:26,Afternoon,Weekend
Tea,2017-02-26 16:00:26,Afternoon,Weekend
Tea,2017-02-26 16:00:26,Afternoon,Weekend
Jam,2017-02-26 16:01:03,Afternoon,Weekend
Fudge,2017-02-26 16:01:03,Afternoon,Weekend
Cake,2017-02-26 16:23:43,Afternoon,Weekend
Truffles,2017-02-26 16:23:43,Afternoon,Weekend
Coffee,2017-02-27 09:02:15,Morning,Weekday
Coffee,2017-02-27 09:32:13,Morning,Weekday
Pastry,2017-02-27 09:32:13,Morning,Weekday
Coffee,2017-02-27 09:56:12,Morning,Weekday
Coffee,2017-02-27 09:56:12,Morning,Weekday
Medialuna,2017-02-27 09:56:12,Morning,Weekday
Coffee,2017-02-27 10:00:20,Morning,Weekday
Coffee,2017-02-27 10:00:20,Morning,Weekday
Coffee,2017-02-27 10:02:33,Morning,Weekday
Bread,2017-02-27 10:02:33,Morning,Weekday
Coffee,2017-02-27 10:16:39,Morning,Weekday
Medialuna,2017-02-27 10:16:39,Morning,Weekday
Tea,2017-02-27 10:17:37,Morning,Weekday
Pastry,2017-02-27 10:17:37,Morning,Weekday
Farm House,2017-02-27 10:22:38,Morning,Weekday
Coffee,2017-02-27 10:40:55,Morning,Weekday
Jammie Dodgers,2017-02-27 10:40:55,Morning,Weekday
Juice,2017-02-27 10:40:55,Morning,Weekday
Bread,2017-02-27 10:54:38,Morning,Weekday
Coffee,2017-02-27 10:54:38,Morning,Weekday
Pastry,2017-02-27 10:54:38,Morning,Weekday
Pastry,2017-02-27 10:54:38,Morning,Weekday
Bread,2017-02-27 11:03:36,Morning,Weekday
Bread,2017-02-27 11:05:32,Morning,Weekday
Coffee,2017-02-27 11:05:32,Morning,Weekday
Coffee,2017-02-27 11:14:19,Morning,Weekday
Bread,2017-02-27 11:17:54,Morning,Weekday
Bread,2017-02-27 11:28:25,Morning,Weekday
Tea,2017-02-27 11:28:25,Morning,Weekday
Tea,2017-02-27 11:28:25,Morning,Weekday
Medialuna,2017-02-27 11:28:25,Morning,Weekday
Coffee,2017-02-27 11:48:24,Morning,Weekday
Coffee,2017-02-27 11:48:24,Morning,Weekday
Coffee,2017-02-27 11:53:43,Morning,Weekday
Spanish Brunch,2017-02-27 11:53:43,Morning,Weekday
Sandwich,2017-02-27 12:18:47,Afternoon,Weekday
Coke,2017-02-27 12:18:47,Afternoon,Weekday
Soup,2017-02-27 12:35:28,Afternoon,Weekday
Bread,2017-02-27 12:37:57,Afternoon,Weekday
Soup,2017-02-27 12:37:57,Afternoon,Weekday
Coffee,2017-02-27 12:41:49,Afternoon,Weekday
Toast,2017-02-27 12:41:49,Afternoon,Weekday
Granola,2017-02-27 12:49:58,Afternoon,Weekday
Coffee,2017-02-27 12:49:58,Afternoon,Weekday
Tea,2017-02-27 13:00:05,Afternoon,Weekday
Tea,2017-02-27 13:00:05,Afternoon,Weekday
Medialuna,2017-02-27 13:00:05,Afternoon,Weekday
Jammie Dodgers,2017-02-27 13:00:05,Afternoon,Weekday
Farm House,2017-02-27 13:04:31,Afternoon,Weekday
Chicken Stew,2017-02-27 13:08:23,Afternoon,Weekday
Coffee,2017-02-27 13:13:22,Afternoon,Weekday
Tea,2017-02-27 13:32:27,Afternoon,Weekday
Tea,2017-02-27 13:32:27,Afternoon,Weekday
Bread,2017-02-27 13:49:09,Afternoon,Weekday
Bread,2017-02-27 13:49:09,Afternoon,Weekday
Coffee,2017-02-27 14:11:31,Afternoon,Weekday
Coffee,2017-02-27 14:11:31,Afternoon,Weekday
Pastry,2017-02-27 14:11:31,Afternoon,Weekday
Pastry,2017-02-27 14:11:31,Afternoon,Weekday
Soup,2017-02-27 14:11:31,Afternoon,Weekday
Chicken Stew,2017-02-27 14:11:31,Afternoon,Weekday
Coffee,2017-02-27 14:14:21,Afternoon,Weekday
Coffee,2017-02-27 14:14:21,Afternoon,Weekday
Jammie Dodgers,2017-02-27 14:14:21,Afternoon,Weekday
Truffles,2017-02-27 14:14:21,Afternoon,Weekday
Bread,2017-02-27 14:26:27,Afternoon,Weekday
Bread,2017-02-27 14:26:27,Afternoon,Weekday
Coffee,2017-02-27 14:26:27,Afternoon,Weekday
Bread,2017-02-27 14:44:28,Afternoon,Weekday
Bread,2017-02-27 15:19:37,Afternoon,Weekday
Bread,2017-02-27 15:19:37,Afternoon,Weekday
Coffee,2017-02-27 16:01:51,Afternoon,Weekday
Tea,2017-02-27 16:01:51,Afternoon,Weekday
Tiffin,2017-02-27 16:01:51,Afternoon,Weekday
Bread,2017-02-27 16:02:12,Afternoon,Weekday
Bread,2017-02-27 16:58:09,Afternoon,Weekday
Bread,2017-02-28 08:38:42,Morning,Weekday
Bread,2017-02-28 08:42:09,Morning,Weekday
Bread,2017-02-28 08:48:43,Morning,Weekday
Bread,2017-02-28 09:09:47,Morning,Weekday
Pastry,2017-02-28 09:09:47,Morning,Weekday
Juice,2017-02-28 09:30:27,Morning,Weekday
Tea,2017-02-28 09:30:27,Morning,Weekday
Farm House,2017-02-28 09:32:57,Morning,Weekday
Coffee,2017-02-28 09:50:58,Morning,Weekday
Tea,2017-02-28 09:50:58,Morning,Weekday
Toast,2017-02-28 09:50:58,Morning,Weekday
Baguette,2017-02-28 09:54:52,Morning,Weekday
Baguette,2017-02-28 09:59:39,Morning,Weekday
Pastry,2017-02-28 09:59:39,Morning,Weekday
Cake,2017-02-28 09:59:39,Morning,Weekday
Truffles,2017-02-28 09:59:39,Morning,Weekday
Coffee,2017-02-28 09:59:39,Morning,Weekday
Coffee,2017-02-28 10:08:17,Morning,Weekday
Coke,2017-02-28 10:24:29,Morning,Weekday
Bread,2017-02-28 10:24:29,Morning,Weekday
Bread,2017-02-28 10:28:19,Morning,Weekday
Cookies,2017-02-28 10:28:19,Morning,Weekday
Bread,2017-02-28 10:34:37,Morning,Weekday
Bread,2017-02-28 10:34:37,Morning,Weekday
Pastry,2017-02-28 10:40:42,Morning,Weekday
Coffee,2017-02-28 10:40:42,Morning,Weekday
Coffee,2017-02-28 10:40:42,Morning,Weekday
Bread,2017-02-28 10:41:17,Morning,Weekday
Bread,2017-02-28 10:58:04,Morning,Weekday
Bread,2017-02-28 10:58:04,Morning,Weekday
Bread,2017-02-28 10:58:04,Morning,Weekday
Coffee,2017-02-28 11:16:37,Morning,Weekday
Coffee,2017-02-28 11:16:37,Morning,Weekday
Bread,2017-02-28 11:16:37,Morning,Weekday
Bread,2017-02-28 11:18:40,Morning,Weekday
Bread,2017-02-28 11:18:40,Morning,Weekday
Tea,2017-02-28 11:18:40,Morning,Weekday
Pastry,2017-02-28 11:18:40,Morning,Weekday
Coffee,2017-02-28 11:30:11,Morning,Weekday
Bread,2017-02-28 11:30:11,Morning,Weekday
Scandinavian,2017-02-28 11:37:43,Morning,Weekday
Coffee,2017-02-28 11:40:58,Morning,Weekday
Bread,2017-02-28 11:40:58,Morning,Weekday
Coffee,2017-02-28 11:55:21,Morning,Weekday
Coffee,2017-02-28 11:55:21,Morning,Weekday
Bread,2017-02-28 11:55:40,Morning,Weekday
Baguette,2017-02-28 12:08:16,Afternoon,Weekday
Jammie Dodgers,2017-02-28 12:24:37,Afternoon,Weekday
Bread,2017-02-28 12:24:37,Afternoon,Weekday
Coffee,2017-02-28 12:35:22,Afternoon,Weekday
Bread,2017-02-28 12:51:10,Afternoon,Weekday
Mineral water,2017-02-28 13:26:56,Afternoon,Weekday
Coffee,2017-02-28 13:26:56,Afternoon,Weekday
Soup,2017-02-28 13:26:56,Afternoon,Weekday
Bread,2017-02-28 13:32:11,Afternoon,Weekday
Pastry,2017-02-28 13:32:11,Afternoon,Weekday
Tea,2017-02-28 13:32:57,Afternoon,Weekday
Cookies,2017-02-28 13:32:57,Afternoon,Weekday
Coffee,2017-02-28 13:36:28,Afternoon,Weekday
Coffee,2017-02-28 13:38:13,Afternoon,Weekday
Coffee,2017-02-28 13:44:07,Afternoon,Weekday
Coke,2017-02-28 13:44:07,Afternoon,Weekday
Sandwich,2017-02-28 13:44:07,Afternoon,Weekday
Soup,2017-02-28 13:44:07,Afternoon,Weekday
Coffee,2017-02-28 14:02:12,Afternoon,Weekday
Farm House,2017-02-28 14:02:12,Afternoon,Weekday
Baguette,2017-02-28 14:17:29,Afternoon,Weekday
Scandinavian,2017-02-28 14:17:29,Afternoon,Weekday
Pastry,2017-02-28 14:17:29,Afternoon,Weekday
Hot chocolate,2017-02-28 14:19:47,Afternoon,Weekday
Tea,2017-02-28 14:19:47,Afternoon,Weekday
Sandwich,2017-02-28 14:19:47,Afternoon,Weekday
Sandwich,2017-02-28 14:19:47,Afternoon,Weekday
Coffee,2017-02-28 14:20:04,Afternoon,Weekday
Tea,2017-02-28 14:45:30,Afternoon,Weekday
Cake,2017-02-28 14:45:30,Afternoon,Weekday
Coffee,2017-02-28 15:07:31,Afternoon,Weekday
Coffee,2017-02-28 15:07:31,Afternoon,Weekday
Alfajores,2017-02-28 15:07:31,Afternoon,Weekday
Pastry,2017-02-28 15:07:31,Afternoon,Weekday
Coffee,2017-02-28 15:10:29,Afternoon,Weekday
Hot chocolate,2017-02-28 15:10:29,Afternoon,Weekday
Coffee,2017-02-28 15:26:40,Afternoon,Weekday
Coffee,2017-02-28 15:26:40,Afternoon,Weekday
Coffee,2017-02-28 15:26:40,Afternoon,Weekday
Coffee,2017-02-28 15:34:43,Afternoon,Weekday
Sandwich,2017-02-28 15:34:43,Afternoon,Weekday
Tea,2017-02-28 15:57:43,Afternoon,Weekday
Tea,2017-02-28 15:57:43,Afternoon,Weekday
Bread,2017-02-28 15:57:43,Afternoon,Weekday
Alfajores,2017-02-28 15:57:43,Afternoon,Weekday
Bread,2017-02-28 15:57:43,Afternoon,Weekday
Spanish Brunch,2017-02-28 15:57:43,Afternoon,Weekday
Hot chocolate,2017-02-28 16:00:58,Afternoon,Weekday
Coffee,2017-02-28 16:00:58,Afternoon,Weekday
Coffee,2017-02-28 16:00:58,Afternoon,Weekday
Cookies,2017-02-28 16:00:58,Afternoon,Weekday
Coffee,2017-02-28 16:06:34,Afternoon,Weekday
Cake,2017-02-28 16:06:34,Afternoon,Weekday
Tea,2017-02-28 16:28:57,Afternoon,Weekday
Cookies,2017-02-28 16:28:57,Afternoon,Weekday
Smoothies,2017-02-28 16:34:56,Afternoon,Weekday
Cake,2017-02-28 16:34:56,Afternoon,Weekday
Coffee,2017-02-28 16:34:56,Afternoon,Weekday
Bread,2017-02-28 16:34:56,Afternoon,Weekday
Bread,2017-02-28 16:47:57,Afternoon,Weekday
Bread,2017-02-28 16:59:31,Afternoon,Weekday
Vegan Feast,2017-02-28 17:00:28,Evening,Weekday
Coffee,2017-02-28 17:28:17,Evening,Weekday
Coffee,2017-02-28 17:28:17,Evening,Weekday
Cake,2017-02-28 17:28:17,Evening,Weekday
Cake,2017-02-28 17:28:17,Evening,Weekday
Hot chocolate,2017-02-28 17:30:26,Evening,Weekday
Tea,2017-02-28 17:30:26,Evening,Weekday
Pastry,2017-02-28 17:30:26,Evening,Weekday
Cake,2017-02-28 17:31:05,Evening,Weekday
Coffee,2017-02-28 17:31:05,Evening,Weekday
Hot chocolate,2017-02-28 17:31:05,Evening,Weekday
Bread,2017-02-28 17:33:07,Evening,Weekday
Tea,2017-02-28 17:33:07,Evening,Weekday
Coffee,2017-02-28 17:33:07,Evening,Weekday
Coffee,2017-01-03 09:24:44,Morning,Weekday
Coffee,2017-01-03 09:34:17,Morning,Weekday
Coffee,2017-01-03 09:45:02,Morning,Weekday
Tea,2017-01-03 09:45:02,Morning,Weekday
Toast,2017-01-03 09:45:02,Morning,Weekday
Coffee,2017-01-03 09:46:07,Morning,Weekday
Coffee,2017-01-03 09:46:07,Morning,Weekday
Bread,2017-01-03 09:54:15,Morning,Weekday
Coffee,2017-01-03 09:57:31,Morning,Weekday
Coffee,2017-01-03 09:57:31,Morning,Weekday
Alfajores,2017-01-03 09:57:31,Morning,Weekday
Pastry,2017-01-03 09:57:31,Morning,Weekday
Pastry,2017-01-03 09:57:31,Morning,Weekday
Juice,2017-01-03 09:57:31,Morning,Weekday
Coffee,2017-01-03 10:09:11,Morning,Weekday
Baguette,2017-01-03 10:09:11,Morning,Weekday
Coffee,2017-01-03 10:27:59,Morning,Weekday
Coffee,2017-01-03 10:27:59,Morning,Weekday
Cake,2017-01-03 10:27:59,Morning,Weekday
Pastry,2017-01-03 10:27:59,Morning,Weekday
Tea,2017-01-03 10:28:49,Morning,Weekday
Coffee,2017-01-03 10:28:49,Morning,Weekday
Bread,2017-01-03 10:36:21,Morning,Weekday
Pastry,2017-01-03 10:36:21,Morning,Weekday
Bread,2017-01-03 10:37:44,Morning,Weekday
Pastry,2017-01-03 10:37:44,Morning,Weekday
Vegan mincepie,2017-01-03 11:10:36,Morning,Weekday
Coffee,2017-01-03 11:10:36,Morning,Weekday
Baguette,2017-01-03 11:10:36,Morning,Weekday
Baguette,2017-01-03 11:20:52,Morning,Weekday
Bread,2017-01-03 11:34:07,Morning,Weekday
Coffee,2017-01-03 11:34:07,Morning,Weekday
Tea,2017-01-03 11:34:07,Morning,Weekday
Coffee,2017-01-03 11:35:31,Morning,Weekday
Cake,2017-01-03 11:35:31,Morning,Weekday
Cake,2017-01-03 11:35:31,Morning,Weekday
Toast,2017-01-03 11:35:31,Morning,Weekday
Juice,2017-01-03 11:35:31,Morning,Weekday
Hot chocolate,2017-01-03 12:01:15,Afternoon,Weekday
Truffles,2017-01-03 12:01:15,Afternoon,Weekday
Coffee,2017-01-03 12:01:56,Afternoon,Weekday
Toast,2017-01-03 12:01:56,Afternoon,Weekday
Hot chocolate,2017-01-03 12:05:00,Afternoon,Weekday
Bread,2017-01-03 12:06:51,Afternoon,Weekday
Tea,2017-01-03 12:15:07,Afternoon,Weekday
Chicken Stew,2017-01-03 12:45:13,Afternoon,Weekday
Chicken Stew,2017-01-03 12:45:29,Afternoon,Weekday
Soup,2017-01-03 12:53:52,Afternoon,Weekday
Chicken Stew,2017-01-03 12:53:52,Afternoon,Weekday
Tea,2017-01-03 12:53:52,Afternoon,Weekday
Tea,2017-01-03 12:53:52,Afternoon,Weekday
Bread,2017-01-03 12:53:52,Afternoon,Weekday
Bread,2017-01-03 13:00:42,Afternoon,Weekday
Pastry,2017-01-03 13:00:42,Afternoon,Weekday
Mineral water,2017-01-03 13:12:46,Afternoon,Weekday
Salad,2017-01-03 13:12:46,Afternoon,Weekday
Duck egg,2017-01-03 13:20:06,Afternoon,Weekday
Sandwich,2017-01-03 13:20:06,Afternoon,Weekday
Soup,2017-01-03 13:20:06,Afternoon,Weekday
Truffles,2017-01-03 13:20:06,Afternoon,Weekday
Coffee,2017-01-03 13:20:06,Afternoon,Weekday
Coffee,2017-01-03 14:48:02,Afternoon,Weekday
Bread,2017-01-03 14:48:02,Afternoon,Weekday
Hot chocolate,2017-01-03 14:51:43,Afternoon,Weekday
Sandwich,2017-01-03 14:51:43,Afternoon,Weekday
Bread,2017-01-03 14:52:26,Afternoon,Weekday
Coffee,2017-01-03 15:08:05,Afternoon,Weekday
Coffee,2017-01-03 15:08:05,Afternoon,Weekday
Tea,2017-01-03 15:08:05,Afternoon,Weekday
Tea,2017-01-03 15:08:05,Afternoon,Weekday
Soup,2017-01-03 15:08:05,Afternoon,Weekday
Chicken Stew,2017-01-03 15:08:05,Afternoon,Weekday
Cake,2017-01-03 15:08:05,Afternoon,Weekday
Cake,2017-01-03 15:08:05,Afternoon,Weekday
Cookies,2017-01-03 15:12:51,Afternoon,Weekday
Coffee,2017-01-03 15:12:51,Afternoon,Weekday
Farm House,2017-01-03 15:26:19,Afternoon,Weekday
Coffee,2017-01-03 15:41:34,Afternoon,Weekday
Coffee,2017-01-03 15:41:34,Afternoon,Weekday
Bread,2017-01-03 15:41:34,Afternoon,Weekday
Tea,2017-01-03 15:58:11,Afternoon,Weekday
Coke,2017-01-03 15:58:11,Afternoon,Weekday
Truffles,2017-01-03 15:58:11,Afternoon,Weekday
Bread,2017-01-03 15:58:11,Afternoon,Weekday
Bread,2017-01-03 16:35:47,Afternoon,Weekday
Cake,2017-01-03 16:53:46,Afternoon,Weekday
Bread,2017-01-03 16:53:46,Afternoon,Weekday
Tea,2017-01-03 16:53:46,Afternoon,Weekday
Bread,2017-01-03 16:57:58,Afternoon,Weekday
Smoothies,2017-01-03 16:57:58,Afternoon,Weekday
Coffee,2017-01-03 17:07:18,Evening,Weekday
Coffee,2017-02-03 08:33:28,Morning,Weekday
Juice,2017-02-03 08:33:28,Morning,Weekday
Coffee,2017-02-03 08:59:19,Morning,Weekday
Bread,2017-02-03 09:16:52,Morning,Weekday
Tea,2017-02-03 09:20:11,Morning,Weekday
Toast,2017-02-03 09:20:11,Morning,Weekday
Coffee,2017-02-03 09:20:11,Morning,Weekday
Jam,2017-02-03 09:26:21,Morning,Weekday
Bread,2017-02-03 09:26:21,Morning,Weekday
Coffee,2017-02-03 09:28:09,Morning,Weekday
Pastry,2017-02-03 09:28:09,Morning,Weekday
Bread,2017-02-03 09:50:23,Morning,Weekday
Bread,2017-02-03 09:58:07,Morning,Weekday
Tea,2017-02-03 10:00:11,Morning,Weekday
Cake,2017-02-03 10:00:11,Morning,Weekday
Bread,2017-02-03 10:36:26,Morning,Weekday
Hot chocolate,2017-02-03 10:36:26,Morning,Weekday
Coffee,2017-02-03 11:04:34,Morning,Weekday
Coffee,2017-02-03 11:04:34,Morning,Weekday
Cake,2017-02-03 11:04:34,Morning,Weekday
Bread,2017-02-03 11:11:48,Morning,Weekday
Pastry,2017-02-03 11:11:48,Morning,Weekday
Hot chocolate,2017-02-03 11:11:48,Morning,Weekday
Coffee,2017-02-03 11:11:48,Morning,Weekday
Hot chocolate,2017-02-03 11:12:42,Morning,Weekday
Coffee,2017-02-03 11:12:42,Morning,Weekday
Cake,2017-02-03 11:12:42,Morning,Weekday
Coffee,2017-02-03 11:13:38,Morning,Weekday
Toast,2017-02-03 11:13:38,Morning,Weekday
Cake,2017-02-03 11:57:34,Morning,Weekday
Coffee,2017-02-03 11:57:34,Morning,Weekday
Pastry,2017-02-03 12:04:20,Afternoon,Weekday
Pastry,2017-02-03 12:04:20,Afternoon,Weekday
Bread,2017-02-03 12:04:20,Afternoon,Weekday
Coffee,2017-02-03 12:07:59,Afternoon,Weekday
Coffee,2017-02-03 12:07:59,Afternoon,Weekday
Tea,2017-02-03 12:07:59,Afternoon,Weekday
Coffee,2017-02-03 12:08:29,Afternoon,Weekday
Coffee,2017-02-03 12:08:29,Afternoon,Weekday
Baguette,2017-02-03 12:08:29,Afternoon,Weekday
Coffee,2017-02-03 12:16:19,Afternoon,Weekday
Coffee,2017-02-03 12:16:19,Afternoon,Weekday
Pastry,2017-02-03 12:16:19,Afternoon,Weekday
Bread,2017-02-03 12:22:08,Afternoon,Weekday
Pastry,2017-02-03 12:22:08,Afternoon,Weekday
Bread,2017-02-03 12:49:25,Afternoon,Weekday
Coffee,2017-02-03 13:21:13,Afternoon,Weekday
Coffee,2017-02-03 13:21:13,Afternoon,Weekday
Cookies,2017-02-03 13:21:13,Afternoon,Weekday
Coffee,2017-02-03 13:22:05,Afternoon,Weekday
Sandwich,2017-02-03 13:22:05,Afternoon,Weekday
Tea,2017-02-03 13:23:54,Afternoon,Weekday
Bread,2017-02-03 13:39:05,Afternoon,Weekday
Bread,2017-02-03 13:48:28,Afternoon,Weekday
Tea,2017-02-03 13:53:36,Afternoon,Weekday
Tea,2017-02-03 13:53:36,Afternoon,Weekday
Bread,2017-02-03 14:10:50,Afternoon,Weekday
Coffee,2017-02-03 14:36:16,Afternoon,Weekday
Coffee,2017-02-03 14:36:16,Afternoon,Weekday
Chicken Stew,2017-02-03 14:40:08,Afternoon,Weekday
Coffee,2017-02-03 14:47:19,Afternoon,Weekday
Sandwich,2017-02-03 14:47:19,Afternoon,Weekday
Coffee,2017-02-03 15:26:37,Afternoon,Weekday
Hot chocolate,2017-02-03 15:26:37,Afternoon,Weekday
Bread,2017-02-03 15:26:37,Afternoon,Weekday
Pastry,2017-02-03 15:26:37,Afternoon,Weekday
Coffee,2017-02-03 15:44:32,Afternoon,Weekday
Coffee,2017-02-03 15:44:32,Afternoon,Weekday
Bread,2017-02-03 15:44:32,Afternoon,Weekday
Coffee,2017-02-03 15:46:17,Afternoon,Weekday
Coffee,2017-02-03 15:46:17,Afternoon,Weekday
Coffee,2017-02-03 15:46:17,Afternoon,Weekday
Bread,2017-02-03 15:46:17,Afternoon,Weekday
Hot chocolate,2017-02-03 15:46:56,Afternoon,Weekday
Pastry,2017-02-03 15:46:56,Afternoon,Weekday
Coffee,2017-02-03 15:47:46,Afternoon,Weekday
Hot chocolate,2017-02-03 15:47:46,Afternoon,Weekday
Coffee,2017-02-03 15:51:25,Afternoon,Weekday
Tea,2017-02-03 15:51:25,Afternoon,Weekday
Tea,2017-02-03 16:03:29,Afternoon,Weekday
Tea,2017-02-03 16:03:29,Afternoon,Weekday
Coffee,2017-02-03 16:10:22,Afternoon,Weekday
Cake,2017-02-03 16:10:22,Afternoon,Weekday
Coffee,2017-02-03 16:21:05,Afternoon,Weekday
Cake,2017-02-03 16:21:05,Afternoon,Weekday
Muffin,2017-02-03 16:24:39,Afternoon,Weekday
Bread,2017-02-03 16:24:39,Afternoon,Weekday
Tea,2017-02-03 16:25:42,Afternoon,Weekday
Tea,2017-02-03 16:25:42,Afternoon,Weekday
Pastry,2017-02-03 16:25:42,Afternoon,Weekday
Cake,2017-02-03 16:41:03,Afternoon,Weekday
Bread,2017-02-03 16:54:04,Afternoon,Weekday
Bread,2017-02-03 16:54:23,Afternoon,Weekday
Bread,2017-02-03 16:54:38,Afternoon,Weekday
Bread,2017-03-03 08:33:37,Morning,Weekday
Pastry,2017-03-03 08:33:37,Morning,Weekday
Bread,2017-03-03 08:57:40,Morning,Weekday
Bread,2017-03-03 08:57:40,Morning,Weekday
Coffee,2017-03-03 09:15:17,Morning,Weekday
Coffee,2017-03-03 09:21:05,Morning,Weekday
Coffee,2017-03-03 09:21:05,Morning,Weekday
Toast,2017-03-03 09:21:05,Morning,Weekday
Coffee,2017-03-03 09:22:11,Morning,Weekday
Coffee,2017-03-03 09:22:11,Morning,Weekday
Coffee,2017-03-03 09:34:33,Morning,Weekday
Coffee,2017-03-03 09:34:33,Morning,Weekday
Coffee,2017-03-03 09:43:34,Morning,Weekday
Coffee,2017-03-03 09:43:34,Morning,Weekday
Juice,2017-03-03 09:43:34,Morning,Weekday
Cake,2017-03-03 09:43:34,Morning,Weekday
Cookies,2017-03-03 09:43:34,Morning,Weekday
Coffee,2017-03-03 09:47:59,Morning,Weekday
Coffee,2017-03-03 09:50:34,Morning,Weekday
Tiffin,2017-03-03 09:50:34,Morning,Weekday
Bread,2017-03-03 09:51:35,Morning,Weekday
Coffee,2017-03-03 10:00:10,Morning,Weekday
Coffee,2017-03-03 10:16:57,Morning,Weekday
Pastry,2017-03-03 10:16:57,Morning,Weekday
Pastry,2017-03-03 10:16:57,Morning,Weekday
Pastry,2017-03-03 10:22:12,Morning,Weekday
Pastry,2017-03-03 10:22:12,Morning,Weekday
Bread,2017-03-03 10:22:12,Morning,Weekday
Sandwich,2017-03-03 10:22:12,Morning,Weekday
Coffee,2017-03-03 10:22:12,Morning,Weekday
Fudge,2017-03-03 10:26:04,Morning,Weekday
Scandinavian,2017-03-03 10:27:55,Morning,Weekday
Bread,2017-03-03 10:44:05,Morning,Weekday
Hot chocolate,2017-03-03 10:44:05,Morning,Weekday
Fudge,2017-03-03 10:48:57,Morning,Weekday
Fudge,2017-03-03 10:48:57,Morning,Weekday
Coffee,2017-03-03 10:48:57,Morning,Weekday
Alfajores,2017-03-03 10:48:57,Morning,Weekday
Coffee,2017-03-03 10:54:44,Morning,Weekday
Coffee,2017-03-03 10:58:20,Morning,Weekday
Coffee,2017-03-03 10:58:20,Morning,Weekday
Tea,2017-03-03 10:58:48,Morning,Weekday
Bread,2017-03-03 11:00:20,Morning,Weekday
Bread,2017-03-03 11:05:25,Morning,Weekday
Coffee,2017-03-03 11:07:22,Morning,Weekday
Pastry,2017-03-03 11:07:22,Morning,Weekday
Coffee,2017-03-03 11:21:29,Morning,Weekday
Tea,2017-03-03 11:21:29,Morning,Weekday
Sandwich,2017-03-03 11:21:51,Morning,Weekday
Coffee,2017-03-03 11:26:52,Morning,Weekday
Cake,2017-03-03 11:26:52,Morning,Weekday
Tiffin,2017-03-03 11:26:52,Morning,Weekday
Coffee,2017-03-03 11:36:07,Morning,Weekday
Coffee,2017-03-03 11:40:24,Morning,Weekday
Pastry,2017-03-03 11:40:24,Morning,Weekday
Tea,2017-03-03 11:40:24,Morning,Weekday
Coffee,2017-03-03 11:43:47,Morning,Weekday
Coffee,2017-03-03 11:56:21,Morning,Weekday
Coffee,2017-03-03 11:56:21,Morning,Weekday
Chicken Stew,2017-03-03 11:59:56,Morning,Weekday
Sandwich,2017-03-03 11:59:56,Morning,Weekday
Mineral water,2017-03-03 11:59:56,Morning,Weekday
Cookies,2017-03-03 12:15:31,Afternoon,Weekday
Cake,2017-03-03 12:15:31,Afternoon,Weekday
Bread,2017-03-03 12:15:31,Afternoon,Weekday
Bread,2017-03-03 12:21:00,Afternoon,Weekday
Pastry,2017-03-03 12:21:00,Afternoon,Weekday
Coffee,2017-03-03 12:21:00,Afternoon,Weekday
Eggs,2017-03-03 12:21:00,Afternoon,Weekday
Bread,2017-03-03 12:26:19,Afternoon,Weekday
Coffee,2017-03-03 12:33:44,Afternoon,Weekday
Salad,2017-03-03 12:33:44,Afternoon,Weekday
Sandwich,2017-03-03 12:33:44,Afternoon,Weekday
Coffee,2017-03-03 13:07:34,Afternoon,Weekday
Bread,2017-03-03 13:07:34,Afternoon,Weekday
Pastry,2017-03-03 13:07:34,Afternoon,Weekday
Bread,2017-03-03 13:11:32,Afternoon,Weekday
Bread,2017-03-03 13:11:32,Afternoon,Weekday
Coffee,2017-03-03 13:11:32,Afternoon,Weekday
Chicken Stew,2017-03-03 13:12:51,Afternoon,Weekday
Tea,2017-03-03 13:12:51,Afternoon,Weekday
Cookies,2017-03-03 13:15:16,Afternoon,Weekday
Sandwich,2017-03-03 13:15:16,Afternoon,Weekday
Coffee,2017-03-03 13:15:16,Afternoon,Weekday
Coffee,2017-03-03 13:15:16,Afternoon,Weekday
Coffee,2017-03-03 13:16:40,Afternoon,Weekday
Coffee,2017-03-03 13:16:40,Afternoon,Weekday
Tiffin,2017-03-03 13:16:40,Afternoon,Weekday
Alfajores,2017-03-03 13:16:40,Afternoon,Weekday
Bread,2017-03-03 13:32:40,Afternoon,Weekday
Pastry,2017-03-03 13:32:40,Afternoon,Weekday
Pastry,2017-03-03 13:32:40,Afternoon,Weekday
Tiffin,2017-03-03 13:42:21,Afternoon,Weekday
Hot chocolate,2017-03-03 13:42:21,Afternoon,Weekday
Spanish Brunch,2017-03-03 13:54:38,Afternoon,Weekday
Duck egg,2017-03-03 13:54:38,Afternoon,Weekday
Tea,2017-03-03 13:54:38,Afternoon,Weekday
Bread,2017-03-03 13:54:38,Afternoon,Weekday
Tea,2017-03-03 13:57:05,Afternoon,Weekday
Soup,2017-03-03 13:57:05,Afternoon,Weekday
Cookies,2017-03-03 13:57:05,Afternoon,Weekday
Juice,2017-03-03 13:58:12,Afternoon,Weekday
Muffin,2017-03-03 13:58:12,Afternoon,Weekday
Cake,2017-03-03 13:58:12,Afternoon,Weekday
Soup,2017-03-03 13:58:12,Afternoon,Weekday
Sandwich,2017-03-03 13:59:49,Afternoon,Weekday
Coffee,2017-03-03 13:59:49,Afternoon,Weekday
Coke,2017-03-03 13:59:49,Afternoon,Weekday
Smoothies,2017-03-03 13:59:49,Afternoon,Weekday
Afternoon with the baker,2017-03-03 14:34:31,Afternoon,Weekday
Coffee,2017-03-03 14:41:36,Afternoon,Weekday
Coffee,2017-03-03 14:41:36,Afternoon,Weekday
Sandwich,2017-03-03 14:41:36,Afternoon,Weekday
Pastry,2017-03-03 15:00:46,Afternoon,Weekday
Scone,2017-03-03 15:00:46,Afternoon,Weekday
Bread,2017-03-03 15:00:46,Afternoon,Weekday
Coffee,2017-03-03 15:08:49,Afternoon,Weekday
Bread,2017-03-03 15:08:49,Afternoon,Weekday
Bread,2017-03-03 15:09:38,Afternoon,Weekday
Sandwich,2017-03-03 15:31:28,Afternoon,Weekday
Coffee,2017-03-03 15:32:45,Afternoon,Weekday
Cookies,2017-03-03 15:32:45,Afternoon,Weekday
Scone,2017-03-03 15:40:58,Afternoon,Weekday
Coffee,2017-03-03 15:46:43,Afternoon,Weekday
Bread,2017-03-03 15:49:50,Afternoon,Weekday
Bread,2017-03-03 15:49:50,Afternoon,Weekday
Tiffin,2017-03-03 15:49:50,Afternoon,Weekday
Sandwich,2017-03-03 15:49:50,Afternoon,Weekday
Tea,2017-03-03 15:54:06,Afternoon,Weekday
Juice,2017-03-03 15:54:06,Afternoon,Weekday
Bread,2017-03-03 15:54:06,Afternoon,Weekday
Afternoon with the baker,2017-03-03 15:54:06,Afternoon,Weekday
Scone,2017-03-03 16:03:29,Afternoon,Weekday
Coffee,2017-03-03 16:03:29,Afternoon,Weekday
Cake,2017-03-03 16:20:44,Afternoon,Weekday
Coffee,2017-04-03 08:13:11,Morning,Weekend
Coffee,2017-04-03 08:13:11,Morning,Weekend
Truffles,2017-04-03 08:13:11,Morning,Weekend
Alfajores,2017-04-03 08:13:11,Morning,Weekend
Scone,2017-04-03 08:13:11,Morning,Weekend
Coffee,2017-04-03 08:37:31,Morning,Weekend
Bread,2017-04-03 08:45:41,Morning,Weekend
Coffee,2017-04-03 08:49:09,Morning,Weekend
Coffee,2017-04-03 08:50:00,Morning,Weekend
Scone,2017-04-03 08:50:00,Morning,Weekend
Bread,2017-04-03 08:50:00,Morning,Weekend
Bread,2017-04-03 08:50:46,Morning,Weekend
Coffee,2017-04-03 08:51:55,Morning,Weekend
Coffee,2017-04-03 09:01:11,Morning,Weekend
Coke,2017-04-03 09:01:11,Morning,Weekend
Pastry,2017-04-03 09:01:11,Morning,Weekend
Farm House,2017-04-03 09:07:27,Morning,Weekend
Coffee,2017-04-03 09:07:27,Morning,Weekend
Hot chocolate,2017-04-03 09:07:27,Morning,Weekend
Bread,2017-04-03 09:12:35,Morning,Weekend
Pastry,2017-04-03 09:12:35,Morning,Weekend
Scone,2017-04-03 09:15:26,Morning,Weekend
Pastry,2017-04-03 09:20:06,Morning,Weekend
Coffee,2017-04-03 09:20:06,Morning,Weekend
Scone,2017-04-03 09:51:32,Morning,Weekend
Bread,2017-04-03 09:51:32,Morning,Weekend
Coffee,2017-04-03 10:01:10,Morning,Weekend
Juice,2017-04-03 10:01:10,Morning,Weekend
Tiffin,2017-04-03 10:01:10,Morning,Weekend
Brownie,2017-04-03 10:01:10,Morning,Weekend
Alfajores,2017-04-03 10:01:39,Morning,Weekend
Scandinavian,2017-04-03 10:01:39,Morning,Weekend
Bread,2017-04-03 10:04:16,Morning,Weekend
Tea,2017-04-03 10:05:48,Morning,Weekend
Juice,2017-04-03 10:05:48,Morning,Weekend
Coffee,2017-04-03 10:05:48,Morning,Weekend
Pastry,2017-04-03 10:12:22,Morning,Weekend
Pastry,2017-04-03 10:12:22,Morning,Weekend
Scone,2017-04-03 10:12:22,Morning,Weekend
Coffee,2017-04-03 10:12:22,Morning,Weekend
Muffin,2017-04-03 10:25:55,Morning,Weekend
Scone,2017-04-03 10:25:55,Morning,Weekend
Coffee,2017-04-03 10:25:55,Morning,Weekend
Bread,2017-04-03 10:26:40,Morning,Weekend
Coffee,2017-04-03 10:33:39,Morning,Weekend
Bread,2017-04-03 10:39:50,Morning,Weekend
Baguette,2017-04-03 10:44:25,Morning,Weekend
Scone,2017-04-03 10:44:25,Morning,Weekend
Medialuna,2017-04-03 10:44:25,Morning,Weekend
Cookies,2017-04-03 10:44:25,Morning,Weekend
Scandinavian,2017-04-03 10:44:25,Morning,Weekend
Bread,2017-04-03 10:47:20,Morning,Weekend
Coffee,2017-04-03 10:47:20,Morning,Weekend
Bread,2017-04-03 10:47:20,Morning,Weekend
Coffee,2017-04-03 10:48:36,Morning,Weekend
Coffee,2017-04-03 10:48:36,Morning,Weekend
Pastry,2017-04-03 10:48:36,Morning,Weekend
Bread,2017-04-03 10:48:36,Morning,Weekend
Baguette,2017-04-03 10:59:13,Morning,Weekend
Bread,2017-04-03 11:00:46,Morning,Weekend
Bread,2017-04-03 11:02:23,Morning,Weekend
Cake,2017-04-03 11:02:23,Morning,Weekend
Jammie Dodgers,2017-04-03 11:02:23,Morning,Weekend
Bread,2017-04-03 11:03:21,Morning,Weekend
Coffee,2017-04-03 11:03:21,Morning,Weekend
Sandwich,2017-04-03 11:03:21,Morning,Weekend
Extra Salami or Feta,2017-04-03 11:03:21,Morning,Weekend
Cake,2017-04-03 11:05:09,Morning,Weekend
Brownie,2017-04-03 11:05:09,Morning,Weekend
Mineral water,2017-04-03 11:05:09,Morning,Weekend
Coffee,2017-04-03 11:05:09,Morning,Weekend
Tea,2017-04-03 11:05:09,Morning,Weekend
Hot chocolate,2017-04-03 11:05:09,Morning,Weekend
Coffee,2017-04-03 11:20:59,Morning,Weekend
Coke,2017-04-03 11:20:59,Morning,Weekend
Bread,2017-04-03 11:28:19,Morning,Weekend
Tea,2017-04-03 11:29:33,Morning,Weekend
Coffee,2017-04-03 11:29:33,Morning,Weekend
Coffee,2017-04-03 11:36:43,Morning,Weekend
Coffee,2017-04-03 11:36:43,Morning,Weekend
Coffee,2017-04-03 11:36:43,Morning,Weekend
Cookies,2017-04-03 11:36:43,Morning,Weekend
Bread,2017-04-03 11:43:43,Morning,Weekend
Spanish Brunch,2017-04-03 11:44:40,Morning,Weekend
The Nomad,2017-04-03 11:44:40,Morning,Weekend
Coffee,2017-04-03 11:44:40,Morning,Weekend
Coffee,2017-04-03 11:45:34,Morning,Weekend
Muffin,2017-04-03 11:45:34,Morning,Weekend
Scone,2017-04-03 11:46:02,Morning,Weekend
Coffee,2017-04-03 11:46:02,Morning,Weekend
Coffee,2017-04-03 11:50:52,Morning,Weekend
Coffee,2017-04-03 11:50:52,Morning,Weekend
Bread,2017-04-03 11:50:52,Morning,Weekend
Tiffin,2017-04-03 11:50:52,Morning,Weekend
Baguette,2017-04-03 11:51:34,Morning,Weekend
Bread,2017-04-03 12:03:06,Afternoon,Weekend
Coffee,2017-04-03 12:03:06,Afternoon,Weekend
Coffee,2017-04-03 12:05:58,Afternoon,Weekend
Smoothies,2017-04-03 12:05:58,Afternoon,Weekend
Brownie,2017-04-03 12:05:58,Afternoon,Weekend
Sandwich,2017-04-03 12:05:58,Afternoon,Weekend
Sandwich,2017-04-03 12:05:58,Afternoon,Weekend
Toast,2017-04-03 12:12:11,Afternoon,Weekend
Scone,2017-04-03 12:12:11,Afternoon,Weekend
Brownie,2017-04-03 12:12:11,Afternoon,Weekend
Coffee,2017-04-03 12:12:11,Afternoon,Weekend
Coke,2017-04-03 12:12:11,Afternoon,Weekend
Bread,2017-04-03 12:23:01,Afternoon,Weekend
Bread,2017-04-03 12:23:01,Afternoon,Weekend
Cake,2017-04-03 12:23:01,Afternoon,Weekend
Soup,2017-04-03 12:23:01,Afternoon,Weekend
Smoothies,2017-04-03 12:23:01,Afternoon,Weekend
Sandwich,2017-04-03 12:23:01,Afternoon,Weekend
Bread,2017-04-03 12:24:22,Afternoon,Weekend
Coffee,2017-04-03 12:28:33,Afternoon,Weekend
Juice,2017-04-03 12:28:33,Afternoon,Weekend
Toast,2017-04-03 12:28:33,Afternoon,Weekend
Sandwich,2017-04-03 12:28:33,Afternoon,Weekend
Baguette,2017-04-03 12:28:33,Afternoon,Weekend
Bread,2017-04-03 12:29:15,Afternoon,Weekend
Coffee,2017-04-03 12:29:15,Afternoon,Weekend
Coffee,2017-04-03 12:35:19,Afternoon,Weekend
Coffee,2017-04-03 12:36:52,Afternoon,Weekend
Spanish Brunch,2017-04-03 12:36:52,Afternoon,Weekend
Bread,2017-04-03 12:40:40,Afternoon,Weekend
Brownie,2017-04-03 12:40:40,Afternoon,Weekend
Scandinavian,2017-04-03 12:40:40,Afternoon,Weekend
Coffee,2017-04-03 12:40:40,Afternoon,Weekend
Coffee,2017-04-03 12:40:40,Afternoon,Weekend
Soup,2017-04-03 12:40:40,Afternoon,Weekend
Pastry,2017-04-03 12:42:51,Afternoon,Weekend
Vegan Feast,2017-04-03 12:43:47,Afternoon,Weekend
Cake,2017-04-03 12:47:05,Afternoon,Weekend
Muffin,2017-04-03 12:47:05,Afternoon,Weekend
Baguette,2017-04-03 12:48:04,Afternoon,Weekend
Sandwich,2017-04-03 12:49:54,Afternoon,Weekend
Chicken Stew,2017-04-03 12:49:54,Afternoon,Weekend
Coffee,2017-04-03 12:49:54,Afternoon,Weekend
Truffles,2017-04-03 12:49:54,Afternoon,Weekend
Coke,2017-04-03 12:49:54,Afternoon,Weekend
Tea,2017-04-03 12:53:17,Afternoon,Weekend
Scone,2017-04-03 12:53:17,Afternoon,Weekend
Soup,2017-04-03 12:53:17,Afternoon,Weekend
Bread,2017-04-03 12:56:55,Afternoon,Weekend
Soup,2017-04-03 12:58:49,Afternoon,Weekend
Sandwich,2017-04-03 12:58:49,Afternoon,Weekend
Juice,2017-04-03 12:58:49,Afternoon,Weekend
Cookies,2017-04-03 13:00:54,Afternoon,Weekend
Mineral water,2017-04-03 13:00:54,Afternoon,Weekend
Coffee,2017-04-03 13:00:54,Afternoon,Weekend
Cookies,2017-04-03 13:15:51,Afternoon,Weekend
Pastry,2017-04-03 13:15:51,Afternoon,Weekend
Coffee,2017-04-03 13:15:51,Afternoon,Weekend
Sandwich,2017-04-03 13:18:40,Afternoon,Weekend
Coffee,2017-04-03 13:18:40,Afternoon,Weekend
Soup,2017-04-03 13:18:40,Afternoon,Weekend
Art Tray,2017-04-03 13:18:40,Afternoon,Weekend
Scone,2017-04-03 13:18:40,Afternoon,Weekend
Brownie,2017-04-03 13:18:40,Afternoon,Weekend
Cake,2017-04-03 13:30:46,Afternoon,Weekend
Tiffin,2017-04-03 13:30:46,Afternoon,Weekend
Scone,2017-04-03 13:32:15,Afternoon,Weekend
Tea,2017-04-03 13:32:15,Afternoon,Weekend
Brownie,2017-04-03 13:37:01,Afternoon,Weekend
Cookies,2017-04-03 13:37:01,Afternoon,Weekend
Sandwich,2017-04-03 13:40:26,Afternoon,Weekend
Juice,2017-04-03 13:40:26,Afternoon,Weekend
Hot chocolate,2017-04-03 13:43:13,Afternoon,Weekend
Coffee,2017-04-03 13:43:13,Afternoon,Weekend
Cake,2017-04-03 13:43:13,Afternoon,Weekend
Scone,2017-04-03 13:43:13,Afternoon,Weekend
Cookies,2017-04-03 13:43:13,Afternoon,Weekend
Bread,2017-04-03 13:43:13,Afternoon,Weekend
Tea,2017-04-03 13:45:04,Afternoon,Weekend
Hot chocolate,2017-04-03 13:45:04,Afternoon,Weekend
Cake,2017-04-03 13:45:04,Afternoon,Weekend
Salad,2017-04-03 13:45:04,Afternoon,Weekend
Bread,2017-04-03 13:46:04,Afternoon,Weekend
Tea,2017-04-03 13:46:04,Afternoon,Weekend
Soup,2017-04-03 13:46:04,Afternoon,Weekend
Sandwich,2017-04-03 13:46:04,Afternoon,Weekend
Spanish Brunch,2017-04-03 13:55:48,Afternoon,Weekend
Sandwich,2017-04-03 13:55:48,Afternoon,Weekend
Toast,2017-04-03 13:57:53,Afternoon,Weekend
Bread,2017-04-03 13:57:53,Afternoon,Weekend
Coffee,2017-04-03 14:05:18,Afternoon,Weekend
Tea,2017-04-03 14:05:18,Afternoon,Weekend
Toast,2017-04-03 14:05:18,Afternoon,Weekend
Scone,2017-04-03 14:15:10,Afternoon,Weekend
Scone,2017-04-03 14:22:26,Afternoon,Weekend
Coffee,2017-04-03 14:22:26,Afternoon,Weekend
Coffee,2017-04-03 14:22:26,Afternoon,Weekend
Bread,2017-04-03 14:22:59,Afternoon,Weekend
Brownie,2017-04-03 14:22:59,Afternoon,Weekend
Tea,2017-04-03 14:23:47,Afternoon,Weekend
Soup,2017-04-03 14:23:47,Afternoon,Weekend
Hot chocolate,2017-04-03 14:28:29,Afternoon,Weekend
Coffee,2017-04-03 14:28:29,Afternoon,Weekend
Cake,2017-04-03 14:28:29,Afternoon,Weekend
Scone,2017-04-03 14:28:29,Afternoon,Weekend
Coke,2017-04-03 14:29:49,Afternoon,Weekend
Tea,2017-04-03 14:29:49,Afternoon,Weekend
Brownie,2017-04-03 14:29:49,Afternoon,Weekend
Hot chocolate,2017-04-03 14:30:34,Afternoon,Weekend
Truffles,2017-04-03 14:30:34,Afternoon,Weekend
Spanish Brunch,2017-04-03 14:30:34,Afternoon,Weekend
Chicken Stew,2017-04-03 14:36:37,Afternoon,Weekend
Granola,2017-04-03 14:36:37,Afternoon,Weekend
Coke,2017-04-03 14:36:37,Afternoon,Weekend
Spanish Brunch,2017-04-03 14:43:58,Afternoon,Weekend
Smoothies,2017-04-03 14:43:58,Afternoon,Weekend
Bread,2017-04-03 14:47:54,Afternoon,Weekend
Coffee,2017-04-03 14:57:15,Afternoon,Weekend
Coffee,2017-04-03 14:57:15,Afternoon,Weekend
Scone,2017-04-03 14:57:15,Afternoon,Weekend
Tea,2017-04-03 14:59:01,Afternoon,Weekend
Tea,2017-04-03 15:19:01,Afternoon,Weekend
Scandinavian,2017-04-03 15:24:53,Afternoon,Weekend
Coffee,2017-04-03 15:29:23,Afternoon,Weekend
Hot chocolate,2017-04-03 15:29:23,Afternoon,Weekend
Scone,2017-04-03 15:30:34,Afternoon,Weekend
Cake,2017-04-03 15:30:34,Afternoon,Weekend
Bread,2017-04-03 15:30:34,Afternoon,Weekend
Bread,2017-04-03 15:30:34,Afternoon,Weekend
Coffee,2017-04-03 15:30:34,Afternoon,Weekend
Hot chocolate,2017-04-03 15:30:34,Afternoon,Weekend
Tea,2017-04-03 15:32:10,Afternoon,Weekend
Scone,2017-04-03 15:32:10,Afternoon,Weekend
Bread,2017-04-03 15:32:10,Afternoon,Weekend
Scandinavian,2017-04-03 15:33:44,Afternoon,Weekend
Coffee,2017-04-03 15:57:11,Afternoon,Weekend
Coffee,2017-04-03 15:57:11,Afternoon,Weekend
Bread,2017-04-03 15:57:11,Afternoon,Weekend
Bread,2017-04-03 16:00:49,Afternoon,Weekend
Coffee,2017-04-03 16:00:49,Afternoon,Weekend
Scone,2017-04-03 16:00:49,Afternoon,Weekend
Cookies,2017-04-03 16:00:49,Afternoon,Weekend
Soup,2017-04-03 16:00:49,Afternoon,Weekend
Salad,2017-04-03 16:00:49,Afternoon,Weekend
Truffles,2017-04-03 16:00:49,Afternoon,Weekend
Mineral water,2017-04-03 16:00:49,Afternoon,Weekend
Tiffin,2017-04-03 16:19:02,Afternoon,Weekend
Coffee,2017-04-03 16:19:02,Afternoon,Weekend
Tea,2017-04-03 16:19:02,Afternoon,Weekend
Coffee,2017-04-03 16:19:51,Afternoon,Weekend
Bread,2017-04-03 16:21:28,Afternoon,Weekend
Hot chocolate,2017-04-03 16:21:28,Afternoon,Weekend
Scone,2017-04-03 16:21:28,Afternoon,Weekend
Tea,2017-04-03 16:24:02,Afternoon,Weekend
Tea,2017-04-03 16:24:02,Afternoon,Weekend
Coffee,2017-04-03 16:24:02,Afternoon,Weekend
Cake,2017-04-03 16:24:02,Afternoon,Weekend
Scone,2017-04-03 16:24:02,Afternoon,Weekend
Bread,2017-04-03 16:32:25,Afternoon,Weekend
Scandinavian,2017-04-03 16:36:28,Afternoon,Weekend
Muffin,2017-04-03 16:36:28,Afternoon,Weekend
Scandinavian,2017-04-03 17:14:01,Evening,Weekend
Farm House,2017-05-03 09:35:02,Morning,Weekend
Bread,2017-05-03 09:48:19,Morning,Weekend
Medialuna,2017-05-03 09:48:19,Morning,Weekend
Coffee,2017-05-03 09:55:32,Morning,Weekend
Spanish Brunch,2017-05-03 09:55:32,Morning,Weekend
Coffee,2017-05-03 09:58:40,Morning,Weekend
Coffee,2017-05-03 09:59:09,Morning,Weekend
Bread,2017-05-03 10:19:02,Morning,Weekend
Coffee,2017-05-03 10:19:02,Morning,Weekend
Pastry,2017-05-03 10:19:02,Morning,Weekend
Spanish Brunch,2017-05-03 10:19:02,Morning,Weekend
Bread,2017-05-03 10:19:41,Morning,Weekend
Scone,2017-05-03 10:19:41,Morning,Weekend
Bread,2017-05-03 10:31:18,Morning,Weekend
Coffee,2017-05-03 10:31:18,Morning,Weekend
Coffee,2017-05-03 10:31:18,Morning,Weekend
Toast,2017-05-03 10:31:18,Morning,Weekend
Bread,2017-05-03 10:42:14,Morning,Weekend
Pastry,2017-05-03 10:47:12,Morning,Weekend
Bread,2017-05-03 10:47:12,Morning,Weekend
Pastry,2017-05-03 10:47:12,Morning,Weekend
Hot chocolate,2017-05-03 10:48:20,Morning,Weekend
Cookies,2017-05-03 10:48:20,Morning,Weekend
Pastry,2017-05-03 10:48:20,Morning,Weekend
Coffee,2017-05-03 10:49:26,Morning,Weekend
Coffee,2017-05-03 10:49:26,Morning,Weekend
The Nomad,2017-05-03 10:49:26,Morning,Weekend
Coffee,2017-05-03 10:53:59,Morning,Weekend
Jammie Dodgers,2017-05-03 10:53:59,Morning,Weekend
Muffin,2017-05-03 10:53:59,Morning,Weekend
Tea,2017-05-03 10:53:59,Morning,Weekend
Coffee,2017-05-03 10:57:26,Morning,Weekend
Coffee,2017-05-03 10:57:56,Morning,Weekend
Brownie,2017-05-03 10:57:56,Morning,Weekend
Coffee,2017-05-03 10:59:44,Morning,Weekend
Bread,2017-05-03 11:04:43,Morning,Weekend
Coffee,2017-05-03 11:04:43,Morning,Weekend
Coffee,2017-05-03 11:11:22,Morning,Weekend
Coffee,2017-05-03 11:11:22,Morning,Weekend
Hot chocolate,2017-05-03 11:11:22,Morning,Weekend
Muffin,2017-05-03 11:11:22,Morning,Weekend
Bread,2017-05-03 11:11:55,Morning,Weekend
Farm House,2017-05-03 11:12:48,Morning,Weekend
Coffee,2017-05-03 11:16:54,Morning,Weekend
Tiffin,2017-05-03 11:16:54,Morning,Weekend
Coffee,2017-05-03 11:36:09,Morning,Weekend
Coffee,2017-05-03 11:36:09,Morning,Weekend
Toast,2017-05-03 11:36:09,Morning,Weekend
Pastry,2017-05-03 11:36:09,Morning,Weekend
Scone,2017-05-03 11:36:09,Morning,Weekend
Coffee,2017-05-03 11:36:54,Morning,Weekend
Jam,2017-05-03 11:39:30,Morning,Weekend
Pastry,2017-05-03 11:42:26,Morning,Weekend
Cake,2017-05-03 11:42:26,Morning,Weekend
Coffee,2017-05-03 11:42:26,Morning,Weekend
Soup,2017-05-03 11:43:36,Morning,Weekend
Coffee,2017-05-03 11:43:36,Morning,Weekend
Juice,2017-05-03 11:43:36,Morning,Weekend
Tea,2017-05-03 11:43:36,Morning,Weekend
Pastry,2017-05-03 11:47:15,Morning,Weekend
Coffee,2017-05-03 11:52:46,Morning,Weekend
Jammie Dodgers,2017-05-03 11:55:35,Morning,Weekend
Coffee,2017-05-03 11:55:35,Morning,Weekend
Coffee,2017-05-03 12:09:32,Afternoon,Weekend
Coffee,2017-05-03 12:12:38,Afternoon,Weekend
Muffin,2017-05-03 12:18:15,Afternoon,Weekend
Coffee,2017-05-03 12:32:28,Afternoon,Weekend
Cake,2017-05-03 12:32:28,Afternoon,Weekend
Muffin,2017-05-03 12:32:28,Afternoon,Weekend
Pastry,2017-05-03 12:40:27,Afternoon,Weekend
Bread,2017-05-03 12:40:27,Afternoon,Weekend
Coffee,2017-05-03 12:42:00,Afternoon,Weekend
Pastry,2017-05-03 12:42:00,Afternoon,Weekend
Bread,2017-05-03 12:42:00,Afternoon,Weekend
Hot chocolate,2017-05-03 12:48:29,Afternoon,Weekend
Juice,2017-05-03 12:59:49,Afternoon,Weekend
Cake,2017-05-03 12:59:49,Afternoon,Weekend
Coffee,2017-05-03 12:59:49,Afternoon,Weekend
Coke,2017-05-03 13:01:14,Afternoon,Weekend
Sandwich,2017-05-03 13:01:14,Afternoon,Weekend
Sandwich,2017-05-03 13:02:47,Afternoon,Weekend
Smoothies,2017-05-03 13:02:47,Afternoon,Weekend
Coffee,2017-05-03 13:11:39,Afternoon,Weekend
Coffee,2017-05-03 13:11:39,Afternoon,Weekend
Scone,2017-05-03 13:21:46,Afternoon,Weekend
Cake,2017-05-03 13:48:10,Afternoon,Weekend
Bread,2017-05-03 13:48:10,Afternoon,Weekend
Coffee,2017-05-03 13:48:10,Afternoon,Weekend
Juice,2017-05-03 13:48:10,Afternoon,Weekend
Cake,2017-05-03 14:07:10,Afternoon,Weekend
Coffee,2017-05-03 14:07:10,Afternoon,Weekend
Tea,2017-05-03 14:07:10,Afternoon,Weekend
Truffles,2017-05-03 14:15:38,Afternoon,Weekend
Coffee,2017-05-03 14:15:38,Afternoon,Weekend
Cake,2017-05-03 14:15:38,Afternoon,Weekend
Pastry,2017-05-03 14:15:38,Afternoon,Weekend
Sandwich,2017-05-03 14:15:38,Afternoon,Weekend
Tiffin,2017-05-03 14:21:55,Afternoon,Weekend
Coffee,2017-05-03 15:00:18,Afternoon,Weekend
Cake,2017-05-03 15:00:18,Afternoon,Weekend
Cake,2017-05-03 15:11:31,Afternoon,Weekend
Scone,2017-05-03 15:11:31,Afternoon,Weekend
Medialuna,2017-05-03 15:11:31,Afternoon,Weekend
Soup,2017-05-03 15:11:31,Afternoon,Weekend
Coffee,2017-05-03 15:11:31,Afternoon,Weekend
Coffee,2017-05-03 15:11:31,Afternoon,Weekend
Tea,2017-05-03 15:11:31,Afternoon,Weekend
Coffee,2017-05-03 15:13:03,Afternoon,Weekend
Bread,2017-05-03 15:15:40,Afternoon,Weekend
Coffee,2017-05-03 15:15:40,Afternoon,Weekend
Coffee,2017-05-03 15:22:41,Afternoon,Weekend
Medialuna,2017-05-03 15:22:41,Afternoon,Weekend
Pastry,2017-05-03 15:22:41,Afternoon,Weekend
Jammie Dodgers,2017-05-03 15:34:38,Afternoon,Weekend
Tiffin,2017-05-03 15:34:38,Afternoon,Weekend
Coffee,2017-05-03 15:50:06,Afternoon,Weekend
Bread,2017-05-03 15:50:06,Afternoon,Weekend
Alfajores,2017-05-03 15:50:06,Afternoon,Weekend
Afternoon with the baker,2017-05-03 18:51:22,Evening,Weekend
Afternoon with the baker,2017-05-03 18:51:49,Evening,Weekend
Afternoon with the baker,2017-05-03 18:52:38,Evening,Weekend
Afternoon with the baker,2017-05-03 18:54:16,Evening,Weekend
Afternoon with the baker,2017-05-03 18:54:16,Evening,Weekend
Afternoon with the baker,2017-05-03 18:56:39,Evening,Weekend
Jammie Dodgers,2017-06-03 08:18:07,Morning,Weekday
Coffee,2017-06-03 08:26:42,Morning,Weekday
Coffee,2017-06-03 08:35:33,Morning,Weekday
Coffee,2017-06-03 08:37:57,Morning,Weekday
Bread,2017-06-03 08:37:57,Morning,Weekday
Coffee,2017-06-03 09:07:14,Morning,Weekday
Bread,2017-06-03 09:11:23,Morning,Weekday
Bread,2017-06-03 10:04:54,Morning,Weekday
Coffee,2017-06-03 10:22:32,Morning,Weekday
Pastry,2017-06-03 10:22:32,Morning,Weekday
Bread,2017-06-03 10:27:02,Morning,Weekday
Tea,2017-06-03 10:34:54,Morning,Weekday
Pastry,2017-06-03 10:34:54,Morning,Weekday
Pastry,2017-06-03 10:35:15,Morning,Weekday
Tea,2017-06-03 10:39:55,Morning,Weekday
Coffee,2017-06-03 10:40:19,Morning,Weekday
Farm House,2017-06-03 10:49:03,Morning,Weekday
Coffee,2017-06-03 11:00:46,Morning,Weekday
Cookies,2017-06-03 11:04:50,Morning,Weekday
Pastry,2017-06-03 11:04:50,Morning,Weekday
Coffee,2017-06-03 11:04:50,Morning,Weekday
Coffee,2017-06-03 11:04:50,Morning,Weekday
Bread,2017-06-03 11:06:07,Morning,Weekday
Coffee,2017-06-03 11:06:07,Morning,Weekday
Toast,2017-06-03 11:06:07,Morning,Weekday
Tea,2017-06-03 11:13:41,Morning,Weekday
Coffee,2017-06-03 11:13:41,Morning,Weekday
Cake,2017-06-03 11:13:41,Morning,Weekday
Toast,2017-06-03 11:15:28,Morning,Weekday
Coffee,2017-06-03 11:15:28,Morning,Weekday
Coffee,2017-06-03 11:46:44,Morning,Weekday
Toast,2017-06-03 11:46:44,Morning,Weekday
Bread,2017-06-03 11:46:56,Morning,Weekday
Bread,2017-06-03 11:47:33,Morning,Weekday
Bread,2017-06-03 11:47:53,Morning,Weekday
Farm House,2017-06-03 11:52:45,Morning,Weekday
Cake,2017-06-03 11:52:45,Morning,Weekday
Soup,2017-06-03 11:58:53,Morning,Weekday
Coffee,2017-06-03 11:58:53,Morning,Weekday
Coffee,2017-06-03 12:08:36,Afternoon,Weekday
Bread,2017-06-03 12:21:16,Afternoon,Weekday
Sandwich,2017-06-03 12:21:16,Afternoon,Weekday
Bread,2017-06-03 12:24:23,Afternoon,Weekday
Juice,2017-06-03 12:27:23,Afternoon,Weekday
Coffee,2017-06-03 12:27:23,Afternoon,Weekday
Sandwich,2017-06-03 12:27:23,Afternoon,Weekday
Cake,2017-06-03 12:27:23,Afternoon,Weekday
Bread,2017-06-03 12:43:52,Afternoon,Weekday
Tea,2017-06-03 12:46:08,Afternoon,Weekday
Cake,2017-06-03 12:59:45,Afternoon,Weekday
Bread,2017-06-03 12:59:45,Afternoon,Weekday
Chicken Stew,2017-06-03 13:04:43,Afternoon,Weekday
Coffee,2017-06-03 13:04:43,Afternoon,Weekday
Coffee,2017-06-03 13:09:13,Afternoon,Weekday
Coffee,2017-06-03 13:14:10,Afternoon,Weekday
Salad,2017-06-03 13:14:10,Afternoon,Weekday
Soup,2017-06-03 13:15:35,Afternoon,Weekday
Bread,2017-06-03 13:15:35,Afternoon,Weekday
Bread,2017-06-03 13:36:33,Afternoon,Weekday
Cake,2017-06-03 13:36:33,Afternoon,Weekday
Bread,2017-06-03 14:00:44,Afternoon,Weekday
Coffee,2017-06-03 14:03:43,Afternoon,Weekday
Coffee,2017-06-03 14:03:43,Afternoon,Weekday
Cake,2017-06-03 14:03:43,Afternoon,Weekday
Sandwich,2017-06-03 14:03:43,Afternoon,Weekday
Sandwich,2017-06-03 14:03:43,Afternoon,Weekday
Cake,2017-06-03 14:04:40,Afternoon,Weekday
Truffles,2017-06-03 14:04:40,Afternoon,Weekday
Tea,2017-06-03 14:04:40,Afternoon,Weekday
Coffee,2017-06-03 14:04:40,Afternoon,Weekday
Salad,2017-06-03 14:04:40,Afternoon,Weekday
Chicken Stew,2017-06-03 14:04:40,Afternoon,Weekday
Coffee,2017-06-03 14:22:12,Afternoon,Weekday
Juice,2017-06-03 14:22:12,Afternoon,Weekday
Drinking chocolate spoons ,2017-06-03 14:22:12,Afternoon,Weekday
Bread,2017-06-03 14:26:46,Afternoon,Weekday
Sandwich,2017-06-03 14:26:46,Afternoon,Weekday
Coffee,2017-06-03 14:26:46,Afternoon,Weekday
Coffee,2017-06-03 14:26:46,Afternoon,Weekday
Soup,2017-06-03 14:26:46,Afternoon,Weekday
Cake,2017-06-03 14:26:46,Afternoon,Weekday
Juice,2017-06-03 14:37:02,Afternoon,Weekday
Tea,2017-06-03 14:37:25,Afternoon,Weekday
Bread,2017-06-03 14:46:18,Afternoon,Weekday
Tea,2017-06-03 15:15:37,Afternoon,Weekday
Hot chocolate,2017-06-03 15:15:37,Afternoon,Weekday
Cake,2017-06-03 15:15:37,Afternoon,Weekday
Tea,2017-06-03 15:48:38,Afternoon,Weekday
Coffee,2017-06-03 15:48:38,Afternoon,Weekday
Toast,2017-06-03 15:48:38,Afternoon,Weekday
Pastry,2017-06-03 15:48:38,Afternoon,Weekday
Coffee,2017-06-03 16:37:51,Afternoon,Weekday
Cake,2017-06-03 16:37:51,Afternoon,Weekday
Afternoon with the baker,2017-06-03 16:46:23,Afternoon,Weekday
Bread,2017-07-03 08:27:43,Morning,Weekday
Coffee,2017-07-03 09:00:31,Morning,Weekday
Toast,2017-07-03 09:02:03,Morning,Weekday
Coffee,2017-07-03 09:02:03,Morning,Weekday
Bread,2017-07-03 09:14:23,Morning,Weekday
Cookies,2017-07-03 09:14:23,Morning,Weekday
Pastry,2017-07-03 09:14:23,Morning,Weekday
Coke,2017-07-03 09:25:01,Morning,Weekday
Coffee,2017-07-03 09:25:23,Morning,Weekday
Coffee,2017-07-03 09:25:51,Morning,Weekday
Tea,2017-07-03 09:25:51,Morning,Weekday
Bread,2017-07-03 09:40:45,Morning,Weekday
Pastry,2017-07-03 09:40:45,Morning,Weekday
Coffee,2017-07-03 09:44:12,Morning,Weekday
Coffee,2017-07-03 09:46:56,Morning,Weekday
Bread,2017-07-03 09:48:40,Morning,Weekday
Pastry,2017-07-03 09:48:40,Morning,Weekday
Baguette,2017-07-03 09:57:45,Morning,Weekday
Bread,2017-07-03 10:00:22,Morning,Weekday
Coffee,2017-07-03 10:09:12,Morning,Weekday
Tea,2017-07-03 10:15:13,Morning,Weekday
Coffee,2017-07-03 10:15:13,Morning,Weekday
Coffee,2017-07-03 10:20:14,Morning,Weekday
Coffee,2017-07-03 10:20:14,Morning,Weekday
Granola,2017-07-03 10:20:14,Morning,Weekday
Coffee,2017-07-03 10:30:07,Morning,Weekday
Bread,2017-07-03 10:35:15,Morning,Weekday
Bread,2017-07-03 10:48:31,Morning,Weekday
Sandwich,2017-07-03 10:48:31,Morning,Weekday
Coffee,2017-07-03 10:50:52,Morning,Weekday
Coffee,2017-07-03 10:58:45,Morning,Weekday
Bread,2017-07-03 11:07:30,Morning,Weekday
Toast,2017-07-03 11:07:30,Morning,Weekday
Hot chocolate,2017-07-03 11:13:53,Morning,Weekday
Coffee,2017-07-03 11:13:53,Morning,Weekday
Pastry,2017-07-03 11:13:53,Morning,Weekday
Cookies,2017-07-03 11:13:53,Morning,Weekday
Coffee,2017-07-03 11:14:29,Morning,Weekday
Coffee,2017-07-03 11:14:29,Morning,Weekday
Bread,2017-07-03 11:14:29,Morning,Weekday
Cookies,2017-07-03 11:14:29,Morning,Weekday
Baguette,2017-07-03 11:38:29,Morning,Weekday
Bread,2017-07-03 11:40:58,Morning,Weekday
Tea,2017-07-03 11:40:58,Morning,Weekday
Coffee,2017-07-03 11:45:58,Morning,Weekday
Coffee,2017-07-03 11:50:26,Morning,Weekday
Bread,2017-07-03 11:52:19,Morning,Weekday
Coffee,2017-07-03 12:12:30,Afternoon,Weekday
Bread,2017-07-03 12:12:30,Afternoon,Weekday
Pastry,2017-07-03 12:12:30,Afternoon,Weekday
Bread,2017-07-03 12:13:56,Afternoon,Weekday
Pastry,2017-07-03 12:17:15,Afternoon,Weekday
Coffee,2017-07-03 12:17:15,Afternoon,Weekday
Bread,2017-07-03 12:17:15,Afternoon,Weekday
Spanish Brunch,2017-07-03 12:17:15,Afternoon,Weekday
Soup,2017-07-03 12:19:39,Afternoon,Weekday
Coffee,2017-07-03 12:19:39,Afternoon,Weekday
Coffee,2017-07-03 12:19:39,Afternoon,Weekday
Bread,2017-07-03 12:21:04,Afternoon,Weekday
Salad,2017-07-03 12:21:04,Afternoon,Weekday
Spanish Brunch,2017-07-03 12:21:04,Afternoon,Weekday
Jam,2017-07-03 12:21:04,Afternoon,Weekday
Tea,2017-07-03 12:36:41,Afternoon,Weekday
Soup,2017-07-03 12:36:41,Afternoon,Weekday
Coffee,2017-07-03 12:58:53,Afternoon,Weekday
Soup,2017-07-03 12:58:53,Afternoon,Weekday
Sandwich,2017-07-03 12:58:53,Afternoon,Weekday
Hot chocolate,2017-07-03 13:27:09,Afternoon,Weekday
Coffee,2017-07-03 13:27:09,Afternoon,Weekday
Sandwich,2017-07-03 13:27:09,Afternoon,Weekday
Cake,2017-07-03 13:27:09,Afternoon,Weekday
Coffee,2017-07-03 13:28:11,Afternoon,Weekday
Salad,2017-07-03 13:28:11,Afternoon,Weekday
Tiffin,2017-07-03 13:28:11,Afternoon,Weekday
Hot chocolate,2017-07-03 13:30:05,Afternoon,Weekday
Coffee,2017-07-03 13:30:05,Afternoon,Weekday
Sandwich,2017-07-03 13:30:05,Afternoon,Weekday
Cake,2017-07-03 13:30:05,Afternoon,Weekday
Coffee,2017-07-03 13:36:33,Afternoon,Weekday
Soup,2017-07-03 13:36:33,Afternoon,Weekday
Spanish Brunch,2017-07-03 13:36:33,Afternoon,Weekday
Cookies,2017-07-03 13:52:37,Afternoon,Weekday
Farm House,2017-07-03 13:53:17,Afternoon,Weekday
Farm House,2017-07-03 14:08:11,Afternoon,Weekday
Soup,2017-07-03 14:08:11,Afternoon,Weekday
Salad,2017-07-03 14:08:11,Afternoon,Weekday
Spanish Brunch,2017-07-03 14:08:11,Afternoon,Weekday
Toast,2017-07-03 14:08:11,Afternoon,Weekday
Coffee,2017-07-03 14:08:11,Afternoon,Weekday
Coffee,2017-07-03 14:08:11,Afternoon,Weekday
Fudge,2017-07-03 14:14:53,Afternoon,Weekday
Chicken Stew,2017-07-03 14:23:26,Afternoon,Weekday
Tea,2017-07-03 14:23:26,Afternoon,Weekday
Farm House,2017-07-03 14:32:10,Afternoon,Weekday
Cake,2017-07-03 14:33:57,Afternoon,Weekday
Tiffin,2017-07-03 14:33:57,Afternoon,Weekday
Coffee,2017-07-03 14:33:57,Afternoon,Weekday
Coffee,2017-07-03 14:33:57,Afternoon,Weekday
Spanish Brunch,2017-07-03 14:37:23,Afternoon,Weekday
Tea,2017-07-03 14:37:23,Afternoon,Weekday
Bread,2017-07-03 14:44:39,Afternoon,Weekday
Coffee,2017-07-03 14:44:54,Afternoon,Weekday
Pastry,2017-07-03 14:52:50,Afternoon,Weekday
Tiffin,2017-07-03 14:52:50,Afternoon,Weekday
Truffles,2017-07-03 14:52:50,Afternoon,Weekday
Bread,2017-07-03 14:52:50,Afternoon,Weekday
Soup,2017-07-03 14:52:50,Afternoon,Weekday
Bread,2017-07-03 15:28:48,Afternoon,Weekday
Bread,2017-07-03 15:39:33,Afternoon,Weekday
Pastry,2017-07-03 15:39:33,Afternoon,Weekday
Coffee,2017-07-03 15:42:17,Afternoon,Weekday
Cake,2017-07-03 15:42:17,Afternoon,Weekday
Tea,2017-07-03 15:58:36,Afternoon,Weekday
Tea,2017-07-03 15:58:36,Afternoon,Weekday
Cake,2017-07-03 15:58:36,Afternoon,Weekday
Cake,2017-07-03 15:58:36,Afternoon,Weekday
Cake,2017-07-03 16:09:28,Afternoon,Weekday
Tea,2017-07-03 16:09:28,Afternoon,Weekday
Hot chocolate,2017-08-03 09:00:03,Morning,Weekday
Coffee,2017-08-03 09:00:03,Morning,Weekday
Bread,2017-08-03 09:00:03,Morning,Weekday
Bread,2017-08-03 09:01:07,Morning,Weekday
Bread,2017-08-03 09:17:48,Morning,Weekday
Bread,2017-08-03 09:17:48,Morning,Weekday
Bread,2017-08-03 09:41:07,Morning,Weekday
Bread,2017-08-03 09:42:16,Morning,Weekday
Pastry,2017-08-03 09:42:16,Morning,Weekday
Pastry,2017-08-03 09:45:43,Morning,Weekday
Coffee,2017-08-03 09:45:43,Morning,Weekday
Medialuna,2017-08-03 09:52:02,Morning,Weekday
Bread,2017-08-03 09:52:02,Morning,Weekday
Toast,2017-08-03 10:01:33,Morning,Weekday
Bread,2017-08-03 10:01:33,Morning,Weekday
Bread,2017-08-03 10:08:54,Morning,Weekday
Coffee,2017-08-03 10:11:42,Morning,Weekday
Coffee,2017-08-03 10:11:42,Morning,Weekday
Cake,2017-08-03 10:11:42,Morning,Weekday
Tea,2017-08-03 10:17:53,Morning,Weekday
Tea,2017-08-03 10:17:53,Morning,Weekday
Bread,2017-08-03 10:17:53,Morning,Weekday
Coffee,2017-08-03 10:17:53,Morning,Weekday
Pastry,2017-08-03 10:17:53,Morning,Weekday
Bread,2017-08-03 10:22:10,Morning,Weekday
Pastry,2017-08-03 11:03:24,Morning,Weekday
Bread,2017-08-03 11:25:42,Morning,Weekday
Baguette,2017-08-03 11:27:14,Morning,Weekday
Coffee,2017-08-03 12:05:13,Afternoon,Weekday
Coffee,2017-08-03 12:05:13,Afternoon,Weekday
Pastry,2017-08-03 12:05:13,Afternoon,Weekday
Bread,2017-08-03 12:21:19,Afternoon,Weekday
Coffee,2017-08-03 13:08:19,Afternoon,Weekday
Coffee,2017-08-03 13:08:19,Afternoon,Weekday
Coffee,2017-08-03 13:09:14,Afternoon,Weekday
Coffee,2017-08-03 13:09:14,Afternoon,Weekday
Chicken Stew,2017-08-03 13:09:14,Afternoon,Weekday
Salad,2017-08-03 13:09:14,Afternoon,Weekday
Bread,2017-08-03 13:11:43,Afternoon,Weekday
Soup,2017-08-03 13:12:08,Afternoon,Weekday
Truffles,2017-08-03 13:22:39,Afternoon,Weekday
Coffee,2017-08-03 13:22:39,Afternoon,Weekday
Sandwich,2017-08-03 13:22:39,Afternoon,Weekday
Sandwich,2017-08-03 13:22:39,Afternoon,Weekday
Bread,2017-08-03 13:22:39,Afternoon,Weekday
Soup,2017-08-03 13:28:54,Afternoon,Weekday
Soup,2017-08-03 13:28:54,Afternoon,Weekday
Mineral water,2017-08-03 13:28:54,Afternoon,Weekday
Farm House,2017-08-03 13:28:54,Afternoon,Weekday
Bread,2017-08-03 13:53:14,Afternoon,Weekday
Coffee,2017-08-03 13:53:48,Afternoon,Weekday
Tea,2017-08-03 13:53:48,Afternoon,Weekday
Soup,2017-08-03 13:53:48,Afternoon,Weekday
Chicken Stew,2017-08-03 14:15:18,Afternoon,Weekday
Coffee,2017-08-03 14:16:09,Afternoon,Weekday
Cake,2017-08-03 15:02:44,Afternoon,Weekday
Jammie Dodgers,2017-08-03 15:02:44,Afternoon,Weekday
Bread,2017-08-03 15:05:35,Afternoon,Weekday
Coffee,2017-08-03 15:08:13,Afternoon,Weekday
Coffee,2017-08-03 15:08:13,Afternoon,Weekday
Coffee,2017-08-03 15:08:13,Afternoon,Weekday
Tea,2017-08-03 15:08:13,Afternoon,Weekday
Cake,2017-08-03 15:08:13,Afternoon,Weekday
Scone,2017-08-03 15:08:13,Afternoon,Weekday
Sandwich,2017-08-03 15:08:13,Afternoon,Weekday
Sandwich,2017-08-03 15:08:13,Afternoon,Weekday
Baguette,2017-08-03 15:41:19,Afternoon,Weekday
Tea,2017-08-03 16:04:48,Afternoon,Weekday
Juice,2017-08-03 16:04:48,Afternoon,Weekday
Scone,2017-08-03 16:04:48,Afternoon,Weekday
Cake,2017-08-03 16:04:48,Afternoon,Weekday
Bread,2017-08-03 16:59:45,Afternoon,Weekday
Pastry,2017-08-03 16:59:45,Afternoon,Weekday
Coffee,2017-08-03 17:05:43,Evening,Weekday
Tiffin,2017-08-03 17:05:43,Evening,Weekday
Cake,2017-08-03 17:05:43,Evening,Weekday
Truffles,2017-08-03 17:05:43,Evening,Weekday
Coffee,2017-09-03 08:34:38,Morning,Weekday
Jammie Dodgers,2017-09-03 08:34:38,Morning,Weekday
Coffee,2017-09-03 08:35:05,Morning,Weekday
Toast,2017-09-03 08:35:05,Morning,Weekday
Bread,2017-09-03 08:38:28,Morning,Weekday
Pastry,2017-09-03 09:06:47,Morning,Weekday
Coffee,2017-09-03 09:06:47,Morning,Weekday
Coffee,2017-09-03 09:41:08,Morning,Weekday
Coffee,2017-09-03 10:03:31,Morning,Weekday
Toast,2017-09-03 10:03:31,Morning,Weekday
Bread,2017-09-03 10:03:31,Morning,Weekday
Baguette,2017-09-03 10:03:55,Morning,Weekday
Coffee,2017-09-03 10:06:43,Morning,Weekday
Toast,2017-09-03 10:06:43,Morning,Weekday
Coffee,2017-09-03 10:11:11,Morning,Weekday
Tea,2017-09-03 10:11:11,Morning,Weekday
Cake,2017-09-03 10:11:11,Morning,Weekday
Bread,2017-09-03 10:11:11,Morning,Weekday
Bread,2017-09-03 10:13:58,Morning,Weekday
Hot chocolate,2017-09-03 10:13:58,Morning,Weekday
Coffee,2017-09-03 10:22:10,Morning,Weekday
Baguette,2017-09-03 10:22:10,Morning,Weekday
Tiffin,2017-09-03 10:58:58,Morning,Weekday
Cake,2017-09-03 10:58:58,Morning,Weekday
Coffee,2017-09-03 11:12:57,Morning,Weekday
Coffee,2017-09-03 11:14:17,Morning,Weekday
Cake,2017-09-03 11:17:12,Morning,Weekday
Juice,2017-09-03 11:17:12,Morning,Weekday
Bread,2017-09-03 11:37:24,Morning,Weekday
Coffee,2017-09-03 11:52:36,Morning,Weekday
Tiffin,2017-09-03 11:52:36,Morning,Weekday
Tea,2017-09-03 12:35:44,Afternoon,Weekday
Sandwich,2017-09-03 12:35:44,Afternoon,Weekday
Sandwich,2017-09-03 12:36:22,Afternoon,Weekday
Tea,2017-09-03 12:36:22,Afternoon,Weekday
Coffee,2017-09-03 12:37:45,Afternoon,Weekday
Chicken Stew,2017-09-03 12:37:45,Afternoon,Weekday
Sandwich,2017-09-03 12:56:06,Afternoon,Weekday
Cookies,2017-09-03 12:56:06,Afternoon,Weekday
Salad,2017-09-03 12:58:13,Afternoon,Weekday
Coffee,2017-09-03 12:58:13,Afternoon,Weekday
Juice,2017-09-03 12:58:13,Afternoon,Weekday
Tea,2017-09-03 13:00:24,Afternoon,Weekday
Bread,2017-09-03 13:00:24,Afternoon,Weekday
Salad,2017-09-03 13:00:24,Afternoon,Weekday
Sandwich,2017-09-03 13:00:24,Afternoon,Weekday
Bread,2017-09-03 13:13:39,Afternoon,Weekday
Pastry,2017-09-03 13:13:39,Afternoon,Weekday
Truffles,2017-09-03 13:13:39,Afternoon,Weekday
Bread,2017-09-03 13:15:30,Afternoon,Weekday
Scandinavian,2017-09-03 13:15:30,Afternoon,Weekday
Chicken Stew,2017-09-03 13:16:19,Afternoon,Weekday
Coffee,2017-09-03 13:16:19,Afternoon,Weekday
Soup,2017-09-03 13:17:53,Afternoon,Weekday
Coffee,2017-09-03 13:30:41,Afternoon,Weekday
Sandwich,2017-09-03 13:30:41,Afternoon,Weekday
Cookies,2017-09-03 13:31:42,Afternoon,Weekday
Soup,2017-09-03 13:31:42,Afternoon,Weekday
Christmas common,2017-09-03 13:32:14,Afternoon,Weekday
Coffee,2017-09-03 13:39:20,Afternoon,Weekday
Soup,2017-09-03 14:13:36,Afternoon,Weekday
Sandwich,2017-09-03 14:13:36,Afternoon,Weekday
Coffee,2017-09-03 14:13:36,Afternoon,Weekday
Medialuna,2017-09-03 14:13:36,Afternoon,Weekday
Coffee,2017-09-03 14:16:50,Afternoon,Weekday
Coffee,2017-09-03 14:16:50,Afternoon,Weekday
Hot chocolate,2017-09-03 14:16:50,Afternoon,Weekday
Coffee,2017-09-03 14:16:50,Afternoon,Weekday
Pastry,2017-09-03 14:16:50,Afternoon,Weekday
Cake,2017-09-03 14:16:50,Afternoon,Weekday
Coffee,2017-09-03 14:23:53,Afternoon,Weekday
Pastry,2017-09-03 14:33:27,Afternoon,Weekday
Bread,2017-09-03 14:35:39,Afternoon,Weekday
Coffee,2017-09-03 14:35:39,Afternoon,Weekday
Pastry,2017-09-03 14:35:39,Afternoon,Weekday
Chicken Stew,2017-09-03 14:35:39,Afternoon,Weekday
Coffee,2017-09-03 14:38:58,Afternoon,Weekday
Tea,2017-09-03 14:58:25,Afternoon,Weekday
Cake,2017-09-03 14:58:25,Afternoon,Weekday
Truffles,2017-09-03 15:08:48,Afternoon,Weekday
Spanish Brunch,2017-09-03 15:08:48,Afternoon,Weekday
Cake,2017-09-03 15:08:48,Afternoon,Weekday
Coffee,2017-09-03 15:08:48,Afternoon,Weekday
Truffles,2017-09-03 15:09:23,Afternoon,Weekday
Spanish Brunch,2017-09-03 15:09:23,Afternoon,Weekday
Cake,2017-09-03 15:09:23,Afternoon,Weekday
Bread,2017-09-03 15:22:27,Afternoon,Weekday
Tea,2017-09-03 15:22:27,Afternoon,Weekday
Scone,2017-09-03 15:22:27,Afternoon,Weekday
Coke,2017-09-03 15:23:06,Afternoon,Weekday
Tea,2017-09-03 15:23:06,Afternoon,Weekday
Tea,2017-09-03 15:42:32,Afternoon,Weekday
Cake,2017-09-03 15:42:32,Afternoon,Weekday
Coke,2017-09-03 16:16:51,Afternoon,Weekday
Bread,2017-09-03 16:40:48,Afternoon,Weekday
Cake,2017-09-03 16:40:48,Afternoon,Weekday
Coffee,2017-09-03 16:40:48,Afternoon,Weekday
Bread,2017-09-03 16:40:48,Afternoon,Weekday
Coffee,2017-09-03 17:19:00,Evening,Weekday
Coffee,2017-09-03 17:19:00,Evening,Weekday
Tea,2017-09-03 17:19:00,Evening,Weekday
Cake,2017-09-03 17:19:00,Evening,Weekday
Scone,2017-09-03 17:19:00,Evening,Weekday
Cookies,2017-09-03 17:19:00,Evening,Weekday
Coffee,2017-10-03 08:05:41,Morning,Weekday
Coffee,2017-10-03 08:14:22,Morning,Weekday
Coffee,2017-10-03 08:26:51,Morning,Weekday
Bread,2017-10-03 08:37:21,Morning,Weekday
Coffee,2017-10-03 08:42:42,Morning,Weekday
Bread,2017-10-03 08:42:42,Morning,Weekday
Pastry,2017-10-03 08:42:42,Morning,Weekday
Coffee,2017-10-03 08:45:43,Morning,Weekday
Bread,2017-10-03 08:45:43,Morning,Weekday
Spanish Brunch,2017-10-03 08:45:43,Morning,Weekday
Bread,2017-10-03 08:47:01,Morning,Weekday
Toast,2017-10-03 08:47:01,Morning,Weekday
Bread,2017-10-03 08:48:49,Morning,Weekday
Baguette,2017-10-03 08:51:52,Morning,Weekday
Coffee,2017-10-03 08:57:45,Morning,Weekday
Pastry,2017-10-03 08:57:45,Morning,Weekday
Hot chocolate,2017-10-03 09:01:22,Morning,Weekday
Tea,2017-10-03 09:01:22,Morning,Weekday
Cake,2017-10-03 09:01:22,Morning,Weekday
Coffee,2017-10-03 09:04:36,Morning,Weekday
Bread,2017-10-03 09:04:36,Morning,Weekday
Bread,2017-10-03 09:05:33,Morning,Weekday
Bread,2017-10-03 09:05:33,Morning,Weekday
Pastry,2017-10-03 09:05:33,Morning,Weekday
Coffee,2017-10-03 09:08:06,Morning,Weekday
Pastry,2017-10-03 09:20:05,Morning,Weekday
Pastry,2017-10-03 09:20:05,Morning,Weekday
Bread,2017-10-03 09:23:03,Morning,Weekday
Coffee,2017-10-03 09:23:03,Morning,Weekday
Coffee,2017-10-03 09:23:03,Morning,Weekday
Bread,2017-10-03 09:23:03,Morning,Weekday
Toast,2017-10-03 09:23:03,Morning,Weekday
Coffee,2017-10-03 09:37:00,Morning,Weekday
Bread,2017-10-03 09:51:26,Morning,Weekday
Coffee,2017-10-03 09:59:22,Morning,Weekday
Bread,2017-10-03 10:02:09,Morning,Weekday
Cookies,2017-10-03 10:02:09,Morning,Weekday
Medialuna,2017-10-03 10:03:59,Morning,Weekday
Bread,2017-10-03 10:03:59,Morning,Weekday
Tea,2017-10-03 10:08:00,Morning,Weekday
Coffee,2017-10-03 10:19:30,Morning,Weekday
Cake,2017-10-03 10:19:30,Morning,Weekday
Jam,2017-10-03 10:19:30,Morning,Weekday
Truffles,2017-10-03 10:19:30,Morning,Weekday
Coffee,2017-10-03 10:23:23,Morning,Weekday
Coffee,2017-10-03 10:23:23,Morning,Weekday
Juice,2017-10-03 10:23:23,Morning,Weekday
Pastry,2017-10-03 10:23:23,Morning,Weekday
Cookies,2017-10-03 10:23:23,Morning,Weekday
Coffee,2017-10-03 10:39:31,Morning,Weekday
Tiffin,2017-10-03 10:39:31,Morning,Weekday
Bread,2017-10-03 10:39:31,Morning,Weekday
Cake,2017-10-03 10:45:21,Morning,Weekday
Cookies,2017-10-03 10:45:21,Morning,Weekday
Cookies,2017-10-03 10:45:21,Morning,Weekday
Coffee,2017-10-03 10:45:21,Morning,Weekday
Coffee,2017-10-03 10:45:21,Morning,Weekday
Juice,2017-10-03 10:45:21,Morning,Weekday
Vegan Feast,2017-10-03 10:47:56,Morning,Weekday
Pastry,2017-10-03 10:47:56,Morning,Weekday
Coffee,2017-10-03 10:47:56,Morning,Weekday
Coffee,2017-10-03 10:47:56,Morning,Weekday
Coffee,2017-10-03 10:52:44,Morning,Weekday
Pastry,2017-10-03 10:52:44,Morning,Weekday
Coffee,2017-10-03 10:56:53,Morning,Weekday
Bread,2017-10-03 10:56:53,Morning,Weekday
Bread,2017-10-03 11:00:49,Morning,Weekday
Coffee,2017-10-03 11:00:49,Morning,Weekday
Bread,2017-10-03 11:02:27,Morning,Weekday
Coffee,2017-10-03 11:07:13,Morning,Weekday
Coffee,2017-10-03 11:07:13,Morning,Weekday
Medialuna,2017-10-03 11:07:13,Morning,Weekday
Coffee,2017-10-03 11:18:26,Morning,Weekday
Coffee,2017-10-03 11:19:39,Morning,Weekday
Tea,2017-10-03 11:19:39,Morning,Weekday
Tiffin,2017-10-03 11:19:39,Morning,Weekday
Bread,2017-10-03 11:31:47,Morning,Weekday
Bread,2017-10-03 11:31:47,Morning,Weekday
Brownie,2017-10-03 11:56:58,Morning,Weekday
Coffee,2017-10-03 12:23:25,Afternoon,Weekday
Tea,2017-10-03 12:37:25,Afternoon,Weekday
Sandwich,2017-10-03 12:37:25,Afternoon,Weekday
Sandwich,2017-10-03 12:37:25,Afternoon,Weekday
Coffee,2017-10-03 12:38:00,Afternoon,Weekday
Tiffin,2017-10-03 12:38:00,Afternoon,Weekday
Bread,2017-10-03 12:41:31,Afternoon,Weekday
Scone,2017-10-03 12:41:31,Afternoon,Weekday
Soup,2017-10-03 12:43:46,Afternoon,Weekday
Salad,2017-10-03 12:43:46,Afternoon,Weekday
Bread,2017-10-03 12:43:46,Afternoon,Weekday
Sandwich,2017-10-03 12:55:07,Afternoon,Weekday
Coke,2017-10-03 12:55:07,Afternoon,Weekday
Toast,2017-10-03 13:04:26,Afternoon,Weekday
Coffee,2017-10-03 13:04:26,Afternoon,Weekday
Bread,2017-10-03 13:04:26,Afternoon,Weekday
Cake,2017-10-03 13:08:18,Afternoon,Weekday
Sandwich,2017-10-03 13:08:18,Afternoon,Weekday
Sandwich,2017-10-03 13:08:18,Afternoon,Weekday
Coffee,2017-10-03 13:08:18,Afternoon,Weekday
Truffles,2017-10-03 13:27:58,Afternoon,Weekday
Soup,2017-10-03 13:27:58,Afternoon,Weekday
Vegan mincepie,2017-10-03 13:30:46,Afternoon,Weekday
Cookies,2017-10-03 13:30:46,Afternoon,Weekday
Tiffin,2017-10-03 13:30:46,Afternoon,Weekday
Bread,2017-10-03 13:30:46,Afternoon,Weekday
Cookies,2017-10-03 13:32:52,Afternoon,Weekday
Soup,2017-10-03 13:44:36,Afternoon,Weekday
Coffee,2017-10-03 13:47:14,Afternoon,Weekday
Spanish Brunch,2017-10-03 13:47:14,Afternoon,Weekday
Coffee,2017-10-03 13:50:59,Afternoon,Weekday
Scone,2017-10-03 13:50:59,Afternoon,Weekday
Bread,2017-10-03 13:56:31,Afternoon,Weekday
Coffee,2017-10-03 13:56:31,Afternoon,Weekday
Sandwich,2017-10-03 13:56:31,Afternoon,Weekday
Salad,2017-10-03 13:58:43,Afternoon,Weekday
Spanish Brunch,2017-10-03 13:58:43,Afternoon,Weekday
Coke,2017-10-03 13:58:43,Afternoon,Weekday
Coffee,2017-10-03 14:03:01,Afternoon,Weekday
Tea,2017-10-03 14:03:01,Afternoon,Weekday
Bread,2017-10-03 14:03:01,Afternoon,Weekday
Tiffin,2017-10-03 14:03:01,Afternoon,Weekday
Chicken Stew,2017-10-03 14:03:01,Afternoon,Weekday
Tea,2017-10-03 14:10:04,Afternoon,Weekday
Bread,2017-10-03 14:10:04,Afternoon,Weekday
Cake,2017-10-03 14:10:04,Afternoon,Weekday
Truffles,2017-10-03 14:23:07,Afternoon,Weekday
Mineral water,2017-10-03 14:23:07,Afternoon,Weekday
Bread,2017-10-03 14:23:07,Afternoon,Weekday
Scone,2017-10-03 14:23:07,Afternoon,Weekday
Spanish Brunch,2017-10-03 14:23:07,Afternoon,Weekday
Coffee,2017-10-03 14:58:04,Afternoon,Weekday
Truffles,2017-10-03 16:40:07,Afternoon,Weekday
Cake,2017-10-03 16:40:07,Afternoon,Weekday
Coffee,2017-10-03 16:41:09,Afternoon,Weekday
Coffee,2017-10-03 16:52:50,Afternoon,Weekday
Bread,2017-10-03 16:52:50,Afternoon,Weekday
Cookies,2017-10-03 16:54:36,Afternoon,Weekday
Tiffin,2017-10-03 16:54:36,Afternoon,Weekday
Tea,2017-10-03 16:57:18,Afternoon,Weekday
Medialuna,2017-11-03 08:37:34,Morning,Weekend
Medialuna,2017-11-03 08:37:34,Morning,Weekend
Coffee,2017-11-03 08:37:34,Morning,Weekend
Coffee,2017-11-03 08:59:12,Morning,Weekend
Toast,2017-11-03 08:59:12,Morning,Weekend
Baguette,2017-11-03 08:59:34,Morning,Weekend
Farm House,2017-11-03 08:59:34,Morning,Weekend
Medialuna,2017-11-03 09:01:03,Morning,Weekend
Cake,2017-11-03 09:02:53,Morning,Weekend
Bread,2017-11-03 09:02:53,Morning,Weekend
Bread,2017-11-03 09:03:40,Morning,Weekend
Coffee,2017-11-03 09:07:31,Morning,Weekend
Tea,2017-11-03 09:07:31,Morning,Weekend
The Nomad,2017-11-03 09:08:15,Morning,Weekend
Coffee,2017-11-03 09:08:15,Morning,Weekend
Medialuna,2017-11-03 09:08:15,Morning,Weekend
Duck egg,2017-11-03 09:10:06,Morning,Weekend
Tea,2017-11-03 09:10:06,Morning,Weekend
Coffee,2017-11-03 09:18:17,Morning,Weekend
Coffee,2017-11-03 09:18:17,Morning,Weekend
Scone,2017-11-03 09:18:17,Morning,Weekend
Bread,2017-11-03 09:18:17,Morning,Weekend
Scandinavian,2017-11-03 09:25:28,Morning,Weekend
Tea,2017-11-03 09:25:28,Morning,Weekend
Coffee,2017-11-03 09:25:28,Morning,Weekend
Scandinavian,2017-11-03 09:44:39,Morning,Weekend
Bread,2017-11-03 09:44:39,Morning,Weekend
Chocolates,2017-11-03 09:45:28,Morning,Weekend
Coffee,2017-11-03 09:45:28,Morning,Weekend
Coke,2017-11-03 09:45:28,Morning,Weekend
Coffee,2017-11-03 09:56:37,Morning,Weekend
Coffee,2017-11-03 09:56:37,Morning,Weekend
Bread,2017-11-03 09:56:37,Morning,Weekend
Tea,2017-11-03 09:57:50,Morning,Weekend
Tea,2017-11-03 09:57:50,Morning,Weekend
Juice,2017-11-03 09:57:50,Morning,Weekend
Scone,2017-11-03 10:14:53,Morning,Weekend
Pastry,2017-11-03 10:14:53,Morning,Weekend
Coffee,2017-11-03 10:14:53,Morning,Weekend
Coffee,2017-11-03 10:15:36,Morning,Weekend
Coffee,2017-11-03 10:15:36,Morning,Weekend
Baguette,2017-11-03 10:33:59,Morning,Weekend
Tea,2017-11-03 10:38:52,Morning,Weekend
Tea,2017-11-03 10:38:52,Morning,Weekend
Spanish Brunch,2017-11-03 10:38:52,Morning,Weekend
Fudge,2017-11-03 10:38:52,Morning,Weekend
Jam,2017-11-03 10:38:52,Morning,Weekend
Coffee,2017-11-03 10:45:44,Morning,Weekend
Spanish Brunch,2017-11-03 10:45:44,Morning,Weekend
Truffles,2017-11-03 10:45:44,Morning,Weekend
Scone,2017-11-03 11:01:26,Morning,Weekend
Cake,2017-11-03 11:01:26,Morning,Weekend
Scandinavian,2017-11-03 11:01:26,Morning,Weekend
Coffee,2017-11-03 11:03:01,Morning,Weekend
Sandwich,2017-11-03 11:04:28,Morning,Weekend
Coffee,2017-11-03 11:04:28,Morning,Weekend
Bread,2017-11-03 11:05:00,Morning,Weekend
Farm House,2017-11-03 11:05:00,Morning,Weekend
Bread,2017-11-03 11:06:48,Morning,Weekend
Toast,2017-11-03 11:06:48,Morning,Weekend
Cookies,2017-11-03 11:06:48,Morning,Weekend
Bread,2017-11-03 11:09:01,Morning,Weekend
Farm House,2017-11-03 11:14:43,Morning,Weekend
Coffee,2017-11-03 11:14:43,Morning,Weekend
Cookies,2017-11-03 11:14:43,Morning,Weekend
Spanish Brunch,2017-11-03 11:30:56,Morning,Weekend
Bread,2017-11-03 11:30:56,Morning,Weekend
Cake,2017-11-03 11:30:56,Morning,Weekend
Medialuna,2017-11-03 11:30:56,Morning,Weekend
Coffee,2017-11-03 11:30:56,Morning,Weekend
Brownie,2017-11-03 11:30:56,Morning,Weekend
Pastry,2017-11-03 11:32:08,Morning,Weekend
Coffee,2017-11-03 11:32:08,Morning,Weekend
Soup,2017-11-03 11:32:08,Morning,Weekend
Sandwich,2017-11-03 11:32:08,Morning,Weekend
Muffin,2017-11-03 11:42:52,Morning,Weekend
Tea,2017-11-03 11:43:57,Morning,Weekend
Tiffin,2017-11-03 11:45:05,Morning,Weekend
Bread,2017-11-03 11:47:40,Morning,Weekend
Coffee,2017-11-03 11:47:40,Morning,Weekend
Bread,2017-11-03 11:51:09,Morning,Weekend
Hot chocolate,2017-11-03 11:53:37,Morning,Weekend
Bread,2017-11-03 11:53:37,Morning,Weekend
Cookies,2017-11-03 11:53:37,Morning,Weekend
Bread,2017-11-03 12:14:14,Afternoon,Weekend
Juice,2017-11-03 12:14:14,Afternoon,Weekend
Cake,2017-11-03 12:14:14,Afternoon,Weekend
Jammie Dodgers,2017-11-03 12:14:14,Afternoon,Weekend
Scone,2017-11-03 12:14:45,Afternoon,Weekend
Bread,2017-11-03 12:14:45,Afternoon,Weekend
Tea,2017-11-03 12:25:40,Afternoon,Weekend
Bread,2017-11-03 12:25:40,Afternoon,Weekend
Hot chocolate,2017-11-03 12:25:40,Afternoon,Weekend
Tiffin,2017-11-03 12:25:40,Afternoon,Weekend
Coffee,2017-11-03 12:28:11,Afternoon,Weekend
Bread,2017-11-03 12:28:11,Afternoon,Weekend
Coffee,2017-11-03 12:34:38,Afternoon,Weekend
Cake,2017-11-03 12:37:03,Afternoon,Weekend
Granola,2017-11-03 12:37:03,Afternoon,Weekend
Coffee,2017-11-03 12:37:03,Afternoon,Weekend
Sandwich,2017-11-03 12:37:03,Afternoon,Weekend
Coffee,2017-11-03 12:37:03,Afternoon,Weekend
Scone,2017-11-03 12:38:04,Afternoon,Weekend
Pastry,2017-11-03 12:43:26,Afternoon,Weekend
Sandwich,2017-11-03 12:43:26,Afternoon,Weekend
Sandwich,2017-11-03 12:49:35,Afternoon,Weekend
Sandwich,2017-11-03 12:49:35,Afternoon,Weekend
Coffee,2017-11-03 12:49:35,Afternoon,Weekend
Coffee,2017-11-03 12:49:35,Afternoon,Weekend
Bread,2017-11-03 12:51:08,Afternoon,Weekend
Pastry,2017-11-03 12:51:08,Afternoon,Weekend
Cake,2017-11-03 12:51:08,Afternoon,Weekend
Pastry,2017-11-03 12:55:44,Afternoon,Weekend
Brownie,2017-11-03 13:04:45,Afternoon,Weekend
Drinking chocolate spoons ,2017-11-03 13:04:45,Afternoon,Weekend
Bread,2017-11-03 13:04:45,Afternoon,Weekend
Coffee,2017-11-03 13:04:45,Afternoon,Weekend
Sandwich,2017-11-03 13:04:45,Afternoon,Weekend
Sandwich,2017-11-03 13:04:45,Afternoon,Weekend
Coffee,2017-11-03 13:13:28,Afternoon,Weekend
Coffee,2017-11-03 13:13:28,Afternoon,Weekend
Sandwich,2017-11-03 13:13:28,Afternoon,Weekend
Sandwich,2017-11-03 13:13:28,Afternoon,Weekend
Jammie Dodgers,2017-11-03 13:18:46,Afternoon,Weekend
Bread,2017-11-03 13:18:46,Afternoon,Weekend
Tea,2017-11-03 13:26:51,Afternoon,Weekend
Cake,2017-11-03 13:26:51,Afternoon,Weekend
Coffee,2017-11-03 13:33:57,Afternoon,Weekend
Coffee,2017-11-03 13:33:57,Afternoon,Weekend
Tea,2017-11-03 13:38:15,Afternoon,Weekend
Juice,2017-11-03 13:38:15,Afternoon,Weekend
Muffin,2017-11-03 13:38:15,Afternoon,Weekend
Salad,2017-11-03 13:38:15,Afternoon,Weekend
Tea,2017-11-03 13:39:01,Afternoon,Weekend
Spanish Brunch,2017-11-03 13:39:01,Afternoon,Weekend
Spanish Brunch,2017-11-03 14:13:31,Afternoon,Weekend
Sandwich,2017-11-03 14:13:31,Afternoon,Weekend
Toast,2017-11-03 14:13:31,Afternoon,Weekend
Cake,2017-11-03 14:13:31,Afternoon,Weekend
Medialuna,2017-11-03 14:13:31,Afternoon,Weekend
Chicken Stew,2017-11-03 14:13:31,Afternoon,Weekend
Bread,2017-11-03 14:16:51,Afternoon,Weekend
Soup,2017-11-03 14:26:13,Afternoon,Weekend
Bread,2017-11-03 14:26:13,Afternoon,Weekend
Bread,2017-11-03 14:28:49,Afternoon,Weekend
Coffee,2017-11-03 14:28:49,Afternoon,Weekend
Juice,2017-11-03 14:28:49,Afternoon,Weekend
Scone,2017-11-03 14:28:49,Afternoon,Weekend
Coffee,2017-11-03 14:30:13,Afternoon,Weekend
Toast,2017-11-03 14:30:13,Afternoon,Weekend
Scone,2017-11-03 14:30:13,Afternoon,Weekend
Bread,2017-11-03 14:34:30,Afternoon,Weekend
Bread,2017-11-03 14:38:18,Afternoon,Weekend
Bread,2017-11-03 14:38:18,Afternoon,Weekend
Cake,2017-11-03 14:38:18,Afternoon,Weekend
Brownie,2017-11-03 14:39:02,Afternoon,Weekend
Coke,2017-11-03 14:39:02,Afternoon,Weekend
Coffee,2017-11-03 14:48:36,Afternoon,Weekend
Sandwich,2017-11-03 14:48:36,Afternoon,Weekend
Bread,2017-11-03 15:02:31,Afternoon,Weekend
Jammie Dodgers,2017-11-03 15:02:31,Afternoon,Weekend
Cake,2017-11-03 15:02:31,Afternoon,Weekend
Coffee,2017-11-03 15:09:20,Afternoon,Weekend
Bread,2017-11-03 15:09:20,Afternoon,Weekend
Scone,2017-11-03 15:09:20,Afternoon,Weekend
Coffee,2017-11-03 15:11:07,Afternoon,Weekend
Coffee,2017-11-03 15:11:07,Afternoon,Weekend
Scone,2017-11-03 15:11:07,Afternoon,Weekend
Cake,2017-11-03 15:11:07,Afternoon,Weekend
Sandwich,2017-11-03 15:12:46,Afternoon,Weekend
Coffee,2017-11-03 15:12:46,Afternoon,Weekend
Coffee,2017-11-03 15:12:46,Afternoon,Weekend
Argentina Night,2017-11-03 15:38:20,Afternoon,Weekend
Vegan Feast,2017-11-03 15:38:20,Afternoon,Weekend
Coffee,2017-11-03 15:43:23,Afternoon,Weekend
Cake,2017-11-03 15:43:23,Afternoon,Weekend
Cake,2017-11-03 15:47:00,Afternoon,Weekend
Tea,2017-11-03 15:47:00,Afternoon,Weekend
Tea,2017-11-03 15:49:25,Afternoon,Weekend
Cake,2017-11-03 15:49:25,Afternoon,Weekend
Scone,2017-11-03 15:49:25,Afternoon,Weekend
Bread,2017-11-03 16:16:12,Afternoon,Weekend
Bread,2017-11-03 16:18:32,Afternoon,Weekend
Coffee,2017-11-03 16:21:08,Afternoon,Weekend
Coffee,2017-11-03 16:27:31,Afternoon,Weekend
Cake,2017-11-03 16:27:31,Afternoon,Weekend
Coffee,2017-11-03 16:49:44,Afternoon,Weekend
Coffee,2017-11-03 17:00:08,Evening,Weekend
Bread,2017-11-03 17:11:48,Evening,Weekend
Juice,2017-11-03 17:11:48,Evening,Weekend
Muffin,2017-11-03 17:11:48,Evening,Weekend
Cookies,2017-11-03 17:11:48,Evening,Weekend
The Nomad,2017-11-03 17:13:48,Evening,Weekend
Duck egg,2017-11-03 17:13:48,Evening,Weekend
Coffee,2017-11-03 17:13:48,Evening,Weekend
Coffee,2017-11-03 17:13:48,Evening,Weekend
Tea,2017-11-03 17:13:48,Evening,Weekend
Coffee,2017-11-03 17:15:11,Evening,Weekend
Muffin,2017-11-03 17:15:11,Evening,Weekend
Hot chocolate,2017-11-03 17:16:37,Evening,Weekend
Coffee,2017-11-03 17:16:37,Evening,Weekend
Scone,2017-11-03 17:16:37,Evening,Weekend
Cake,2017-11-03 17:16:37,Evening,Weekend
Coffee,2017-12-03 09:32:42,Morning,Weekend
Pastry,2017-12-03 09:32:42,Morning,Weekend
Coffee,2017-12-03 09:59:30,Morning,Weekend
Pastry,2017-12-03 09:59:30,Morning,Weekend
Scone,2017-12-03 10:12:45,Morning,Weekend
Bread,2017-12-03 10:12:45,Morning,Weekend
Bread,2017-12-03 10:17:42,Morning,Weekend
Coffee,2017-12-03 10:21:21,Morning,Weekend
Sandwich,2017-12-03 10:21:21,Morning,Weekend
Brownie,2017-12-03 10:21:21,Morning,Weekend
Coffee,2017-12-03 10:22:42,Morning,Weekend
Cake,2017-12-03 10:22:42,Morning,Weekend
Scone,2017-12-03 10:27:06,Morning,Weekend
Coffee,2017-12-03 10:27:06,Morning,Weekend
Coffee,2017-12-03 10:27:06,Morning,Weekend
Spanish Brunch,2017-12-03 10:27:06,Morning,Weekend
Coffee,2017-12-03 10:28:29,Morning,Weekend
Coffee,2017-12-03 10:28:29,Morning,Weekend
Bread,2017-12-03 11:02:50,Morning,Weekend
Coffee,2017-12-03 11:02:50,Morning,Weekend
Coffee,2017-12-03 11:13:04,Morning,Weekend
Spanish Brunch,2017-12-03 11:13:04,Morning,Weekend
Spanish Brunch,2017-12-03 11:13:41,Morning,Weekend
Coffee,2017-12-03 11:13:41,Morning,Weekend
Bread,2017-12-03 11:27:18,Morning,Weekend
Cake,2017-12-03 11:36:18,Morning,Weekend
Muffin,2017-12-03 11:36:18,Morning,Weekend
Vegan Feast,2017-12-03 11:36:18,Morning,Weekend
Bread,2017-12-03 11:45:59,Morning,Weekend
Bread,2017-12-03 11:45:59,Morning,Weekend
Brownie,2017-12-03 11:45:59,Morning,Weekend
Coffee,2017-12-03 11:58:39,Morning,Weekend
Bread,2017-12-03 12:03:01,Afternoon,Weekend
Coffee,2017-12-03 12:03:01,Afternoon,Weekend
Coffee,2017-12-03 12:07:39,Afternoon,Weekend
Coffee,2017-12-03 12:07:39,Afternoon,Weekend
Bread,2017-12-03 12:07:39,Afternoon,Weekend
Hot chocolate,2017-12-03 12:07:39,Afternoon,Weekend
Cake,2017-12-03 12:07:39,Afternoon,Weekend
Cake,2017-12-03 12:07:39,Afternoon,Weekend
Vegan mincepie,2017-12-03 12:07:39,Afternoon,Weekend
Bread,2017-12-03 12:07:39,Afternoon,Weekend
Tea,2017-12-03 12:08:38,Afternoon,Weekend
Muffin,2017-12-03 12:08:38,Afternoon,Weekend
Jammie Dodgers,2017-12-03 12:08:38,Afternoon,Weekend
Bread,2017-12-03 12:09:07,Afternoon,Weekend
Tea,2017-12-03 12:12:37,Afternoon,Weekend
Pastry,2017-12-03 12:21:11,Afternoon,Weekend
Scone,2017-12-03 12:21:11,Afternoon,Weekend
Coffee,2017-12-03 12:21:11,Afternoon,Weekend
Tea,2017-12-03 12:21:11,Afternoon,Weekend
Coffee,2017-12-03 12:32:01,Afternoon,Weekend
Pastry,2017-12-03 12:32:01,Afternoon,Weekend
Baguette,2017-12-03 12:33:04,Afternoon,Weekend
Cookies,2017-12-03 12:34:03,Afternoon,Weekend
Coffee,2017-12-03 12:34:03,Afternoon,Weekend
Coffee,2017-12-03 12:35:15,Afternoon,Weekend
Coffee,2017-12-03 12:48:22,Afternoon,Weekend
Bread,2017-12-03 12:49:05,Afternoon,Weekend
Coffee,2017-12-03 13:03:09,Afternoon,Weekend
Truffles,2017-12-03 13:03:09,Afternoon,Weekend
Juice,2017-12-03 13:03:09,Afternoon,Weekend
Coffee,2017-12-03 13:12:47,Afternoon,Weekend
Coffee,2017-12-03 13:16:18,Afternoon,Weekend
Smoothies,2017-12-03 13:18:27,Afternoon,Weekend
Spanish Brunch,2017-12-03 13:18:27,Afternoon,Weekend
Coffee,2017-12-03 13:25:01,Afternoon,Weekend
Juice,2017-12-03 13:25:01,Afternoon,Weekend
Toast,2017-12-03 13:25:01,Afternoon,Weekend
Muffin,2017-12-03 13:25:01,Afternoon,Weekend
Bread,2017-12-03 13:44:57,Afternoon,Weekend
The Nomad,2017-12-03 13:49:15,Afternoon,Weekend
Coffee,2017-12-03 13:49:15,Afternoon,Weekend
Hot chocolate,2017-12-03 13:51:47,Afternoon,Weekend
Bread,2017-12-03 13:54:10,Afternoon,Weekend
Spanish Brunch,2017-12-03 13:54:10,Afternoon,Weekend
Tea,2017-12-03 13:55:17,Afternoon,Weekend
Spanish Brunch,2017-12-03 13:55:17,Afternoon,Weekend
Coffee,2017-12-03 13:56:32,Afternoon,Weekend
Smoothies,2017-12-03 13:56:32,Afternoon,Weekend
Cookies,2017-12-03 13:56:32,Afternoon,Weekend
Medialuna,2017-12-03 13:56:32,Afternoon,Weekend
Scone,2017-12-03 13:56:32,Afternoon,Weekend
Half slice Monster ,2017-12-03 13:58:29,Afternoon,Weekend
Tiffin,2017-12-03 13:58:29,Afternoon,Weekend
Coffee,2017-12-03 13:58:29,Afternoon,Weekend
Juice,2017-12-03 13:58:29,Afternoon,Weekend
Baguette,2017-12-03 13:59:59,Afternoon,Weekend
Coffee,2017-12-03 14:08:26,Afternoon,Weekend
Coke,2017-12-03 14:08:26,Afternoon,Weekend
Tea,2017-12-03 14:08:26,Afternoon,Weekend
Sandwich,2017-12-03 14:08:26,Afternoon,Weekend
Spanish Brunch,2017-12-03 14:08:26,Afternoon,Weekend
Bread,2017-12-03 14:14:33,Afternoon,Weekend
Hot chocolate,2017-12-03 14:17:11,Afternoon,Weekend
Coffee,2017-12-03 14:17:11,Afternoon,Weekend
Cookies,2017-12-03 14:17:11,Afternoon,Weekend
Soup,2017-12-03 14:18:30,Afternoon,Weekend
Coffee,2017-12-03 14:18:30,Afternoon,Weekend
Cake,2017-12-03 14:18:30,Afternoon,Weekend
Bread,2017-12-03 14:28:36,Afternoon,Weekend
Coffee,2017-12-03 14:30:12,Afternoon,Weekend
Bread,2017-12-03 14:32:26,Afternoon,Weekend
Mineral water,2017-12-03 14:32:26,Afternoon,Weekend
Drinking chocolate spoons ,2017-12-03 14:32:26,Afternoon,Weekend
Coffee,2017-12-03 14:32:26,Afternoon,Weekend
Hot chocolate,2017-12-03 14:33:44,Afternoon,Weekend
Tea,2017-12-03 14:43:23,Afternoon,Weekend
Tea,2017-12-03 14:43:23,Afternoon,Weekend
Cake,2017-12-03 14:43:23,Afternoon,Weekend
Tea,2017-12-03 14:46:46,Afternoon,Weekend
Coffee,2017-12-03 14:46:46,Afternoon,Weekend
Cake,2017-12-03 14:46:46,Afternoon,Weekend
Jammie Dodgers,2017-12-03 14:46:46,Afternoon,Weekend
Medialuna,2017-12-03 15:00:54,Afternoon,Weekend
Scone,2017-12-03 15:01:14,Afternoon,Weekend
Hot chocolate,2017-12-03 15:10:41,Afternoon,Weekend
Cake,2017-12-03 15:10:41,Afternoon,Weekend
Medialuna,2017-12-03 15:14:32,Afternoon,Weekend
Muffin,2017-12-03 15:14:32,Afternoon,Weekend
Spanish Brunch,2017-12-03 15:14:32,Afternoon,Weekend
Chicken Stew,2017-12-03 15:14:32,Afternoon,Weekend
Coffee,2017-12-03 15:14:32,Afternoon,Weekend
Farm House,2017-12-03 15:15:28,Afternoon,Weekend
Coffee,2017-12-03 15:16:19,Afternoon,Weekend
Cake,2017-12-03 15:16:19,Afternoon,Weekend
Cake,2017-12-03 15:22:12,Afternoon,Weekend
Cookies,2017-12-03 15:22:12,Afternoon,Weekend
Tea,2017-12-03 15:22:12,Afternoon,Weekend
Coffee,2017-12-03 15:22:12,Afternoon,Weekend
Sandwich,2017-12-03 15:22:12,Afternoon,Weekend
Soup,2017-12-03 15:22:12,Afternoon,Weekend
Coffee,2017-12-03 15:25:32,Afternoon,Weekend
Cookies,2017-12-03 15:25:32,Afternoon,Weekend
Bread,2017-12-03 15:38:22,Afternoon,Weekend
Cake,2017-12-03 15:38:22,Afternoon,Weekend
Coffee,2017-12-03 15:45:06,Afternoon,Weekend
Coffee,2017-12-03 15:45:06,Afternoon,Weekend
Spanish Brunch,2017-12-03 15:45:06,Afternoon,Weekend
Sandwich,2017-12-03 15:45:06,Afternoon,Weekend
Coffee,2017-12-03 15:45:55,Afternoon,Weekend
Cookies,2017-12-03 15:45:55,Afternoon,Weekend
Bread,2017-12-03 16:28:00,Afternoon,Weekend
Hot chocolate,2017-12-03 16:28:00,Afternoon,Weekend
Sandwich,2017-12-03 16:28:00,Afternoon,Weekend
Chocolates,2017-12-03 16:28:00,Afternoon,Weekend
Pastry,2017-03-13 08:21:24,Morning,Weekday
Coffee,2017-03-13 08:21:24,Morning,Weekday
Coffee,2017-03-13 08:36:43,Morning,Weekday
Jammie Dodgers,2017-03-13 08:36:43,Morning,Weekday
Coffee,2017-03-13 09:13:42,Morning,Weekday
Cake,2017-03-13 09:16:55,Morning,Weekday
Pastry,2017-03-13 09:31:19,Morning,Weekday
Bread,2017-03-13 09:31:19,Morning,Weekday
Jam,2017-03-13 09:31:19,Morning,Weekday
Bread,2017-03-13 10:07:25,Morning,Weekday
Tea,2017-03-13 10:15:06,Morning,Weekday
Tea,2017-03-13 10:21:50,Morning,Weekday
Coffee,2017-03-13 10:21:50,Morning,Weekday
Spanish Brunch,2017-03-13 10:21:50,Morning,Weekday
Afternoon with the baker,2017-03-13 10:31:52,Morning,Weekday
Bread,2017-03-13 10:35:26,Morning,Weekday
Coffee,2017-03-13 10:56:12,Morning,Weekday
Cookies,2017-03-13 10:56:12,Morning,Weekday
Coffee,2017-03-13 10:58:58,Morning,Weekday
Tea,2017-03-13 10:58:58,Morning,Weekday
Cookies,2017-03-13 10:58:58,Morning,Weekday
Cake,2017-03-13 10:58:58,Morning,Weekday
Coffee,2017-03-13 11:01:08,Morning,Weekday
Coffee,2017-03-13 11:01:08,Morning,Weekday
Coffee,2017-03-13 11:10:36,Morning,Weekday
Coffee,2017-03-13 11:10:36,Morning,Weekday
Coffee,2017-03-13 11:26:19,Morning,Weekday
Coffee,2017-03-13 11:26:19,Morning,Weekday
Muffin,2017-03-13 11:26:19,Morning,Weekday
Bread,2017-03-13 11:30:31,Morning,Weekday
Tea,2017-03-13 11:34:04,Morning,Weekday
Coffee,2017-03-13 11:39:11,Morning,Weekday
Pastry,2017-03-13 11:39:11,Morning,Weekday
Pastry,2017-03-13 11:39:11,Morning,Weekday
Sandwich,2017-03-13 11:45:36,Morning,Weekday
Sandwich,2017-03-13 11:45:36,Morning,Weekday
Tea,2017-03-13 11:45:36,Morning,Weekday
Coffee,2017-03-13 11:45:36,Morning,Weekday
Bread,2017-03-13 11:57:44,Morning,Weekday
Tea,2017-03-13 12:03:03,Afternoon,Weekday
Cake,2017-03-13 12:03:03,Afternoon,Weekday
Coffee,2017-03-13 12:03:25,Afternoon,Weekday
Baguette,2017-03-13 12:05:56,Afternoon,Weekday
Baguette,2017-03-13 12:12:25,Afternoon,Weekday
Scone,2017-03-13 12:12:25,Afternoon,Weekday
Coffee,2017-03-13 12:14:46,Afternoon,Weekday
Coffee,2017-03-13 12:24:38,Afternoon,Weekday
Coffee,2017-03-13 12:24:38,Afternoon,Weekday
Pastry,2017-03-13 12:24:38,Afternoon,Weekday
Pastry,2017-03-13 12:24:38,Afternoon,Weekday
Coffee,2017-03-13 12:31:00,Afternoon,Weekday
Pastry,2017-03-13 12:31:00,Afternoon,Weekday
Pastry,2017-03-13 12:49:30,Afternoon,Weekday
Bread,2017-03-13 12:51:15,Afternoon,Weekday
Pastry,2017-03-13 13:03:59,Afternoon,Weekday
Pastry,2017-03-13 13:03:59,Afternoon,Weekday
Coffee,2017-03-13 13:03:59,Afternoon,Weekday
Tea,2017-03-13 13:14:10,Afternoon,Weekday
Bread,2017-03-13 13:14:10,Afternoon,Weekday
Baguette,2017-03-13 13:20:14,Afternoon,Weekday
Coffee,2017-03-13 13:20:14,Afternoon,Weekday
Bread,2017-03-13 13:45:09,Afternoon,Weekday
Truffles,2017-03-13 13:48:38,Afternoon,Weekday
Tea,2017-03-13 13:48:38,Afternoon,Weekday
Soup,2017-03-13 13:48:38,Afternoon,Weekday
Salad,2017-03-13 13:48:38,Afternoon,Weekday
Cookies,2017-03-13 13:48:38,Afternoon,Weekday
Bread,2017-03-13 13:48:38,Afternoon,Weekday
Soup,2017-03-13 13:49:47,Afternoon,Weekday
Coffee,2017-03-13 14:03:20,Afternoon,Weekday
Soup,2017-03-13 14:03:20,Afternoon,Weekday
Afternoon with the baker,2017-03-13 14:03:20,Afternoon,Weekday
Coffee,2017-03-13 14:04:18,Afternoon,Weekday
Afternoon with the baker,2017-03-13 14:04:18,Afternoon,Weekday
Spanish Brunch,2017-03-13 14:04:18,Afternoon,Weekday
Sandwich,2017-03-13 14:11:55,Afternoon,Weekday
Coffee,2017-03-13 14:12:07,Afternoon,Weekday
Sandwich,2017-03-13 14:14:36,Afternoon,Weekday
Coffee,2017-03-13 14:14:36,Afternoon,Weekday
Sandwich,2017-03-13 14:27:03,Afternoon,Weekday
Coffee,2017-03-13 14:27:03,Afternoon,Weekday
Coffee,2017-03-13 14:27:38,Afternoon,Weekday
Sandwich,2017-03-13 14:27:38,Afternoon,Weekday
Salad,2017-03-13 14:46:20,Afternoon,Weekday
Tea,2017-03-13 14:46:20,Afternoon,Weekday
Juice,2017-03-13 14:46:52,Afternoon,Weekday
Sandwich,2017-03-13 15:37:53,Afternoon,Weekday
Tea,2017-03-13 15:39:26,Afternoon,Weekday
Coffee,2017-03-13 15:39:26,Afternoon,Weekday
Hot chocolate,2017-03-13 15:39:26,Afternoon,Weekday
Coffee,2017-03-13 15:42:46,Afternoon,Weekday
Coffee,2017-03-13 15:42:46,Afternoon,Weekday
Soup,2017-03-13 15:42:46,Afternoon,Weekday
Tea,2017-03-13 16:09:55,Afternoon,Weekday
Cake,2017-03-13 16:09:55,Afternoon,Weekday
Cake,2017-03-13 16:17:42,Afternoon,Weekday
Bread,2017-03-13 16:17:42,Afternoon,Weekday
Jammie Dodgers,2017-03-13 16:39:28,Afternoon,Weekday
Cake,2017-03-13 16:39:28,Afternoon,Weekday
Coffee,2017-03-13 16:39:28,Afternoon,Weekday
Coffee,2017-03-13 16:39:28,Afternoon,Weekday
Coffee,2017-03-13 17:02:41,Evening,Weekday
Salad,2017-03-13 17:02:41,Evening,Weekday
Baguette,2017-03-14 08:26:40,Morning,Weekday
Coffee,2017-03-14 08:31:22,Morning,Weekday
Jammie Dodgers,2017-03-14 08:31:22,Morning,Weekday
Pastry,2017-03-14 08:31:22,Morning,Weekday
Coffee,2017-03-14 09:06:39,Morning,Weekday
Cookies,2017-03-14 09:06:39,Morning,Weekday
Coffee,2017-03-14 09:17:46,Morning,Weekday
Pastry,2017-03-14 09:17:46,Morning,Weekday
Farm House,2017-03-14 09:17:46,Morning,Weekday
Bread,2017-03-14 09:35:18,Morning,Weekday
Coffee,2017-03-14 09:54:38,Morning,Weekday
Coffee,2017-03-14 10:02:29,Morning,Weekday
Baguette,2017-03-14 10:02:29,Morning,Weekday
Coffee,2017-03-14 10:11:34,Morning,Weekday
Toast,2017-03-14 10:11:34,Morning,Weekday
Tea,2017-03-14 10:11:34,Morning,Weekday
Pastry,2017-03-14 10:16:32,Morning,Weekday
Bread,2017-03-14 10:24:55,Morning,Weekday
Coffee,2017-03-14 10:57:47,Morning,Weekday
Coffee,2017-03-14 10:57:47,Morning,Weekday
Pastry,2017-03-14 10:57:47,Morning,Weekday
Bread,2017-03-14 10:58:42,Morning,Weekday
Salad,2017-03-14 10:58:42,Morning,Weekday
Bread,2017-03-14 10:59:24,Morning,Weekday
Pastry,2017-03-14 10:59:24,Morning,Weekday
Coffee,2017-03-14 11:06:15,Morning,Weekday
Bread,2017-03-14 11:14:41,Morning,Weekday
Coffee,2017-03-14 11:14:41,Morning,Weekday
Toast,2017-03-14 11:14:41,Morning,Weekday
Coffee,2017-03-14 11:30:45,Morning,Weekday
Coffee,2017-03-14 11:32:24,Morning,Weekday
Gift voucher,2017-03-14 11:42:39,Morning,Weekday
Bread,2017-03-14 11:42:39,Morning,Weekday
Pastry,2017-03-14 11:55:49,Morning,Weekday
Bread,2017-03-14 11:55:49,Morning,Weekday
Sandwich,2017-03-14 12:24:52,Afternoon,Weekday
Mineral water,2017-03-14 12:25:14,Afternoon,Weekday
Coffee,2017-03-14 12:32:10,Afternoon,Weekday
Pastry,2017-03-14 12:32:10,Afternoon,Weekday
Truffles,2017-03-14 12:35:36,Afternoon,Weekday
Chicken Stew,2017-03-14 12:35:36,Afternoon,Weekday
Pastry,2017-03-14 12:36:30,Afternoon,Weekday
Coffee,2017-03-14 12:47:42,Afternoon,Weekday
Jammie Dodgers,2017-03-14 12:47:42,Afternoon,Weekday
Sandwich,2017-03-14 12:47:42,Afternoon,Weekday
Bread,2017-03-14 13:29:36,Afternoon,Weekday
Cookies,2017-03-14 13:29:36,Afternoon,Weekday
Tea,2017-03-14 13:43:47,Afternoon,Weekday
Coffee,2017-03-14 13:43:47,Afternoon,Weekday
Medialuna,2017-03-14 13:43:47,Afternoon,Weekday
Chicken Stew,2017-03-14 13:51:53,Afternoon,Weekday
Coffee,2017-03-14 13:53:07,Afternoon,Weekday
Tea,2017-03-14 14:23:44,Afternoon,Weekday
Juice,2017-03-14 14:23:44,Afternoon,Weekday
Sandwich,2017-03-14 14:23:44,Afternoon,Weekday
Chicken Stew,2017-03-14 14:23:44,Afternoon,Weekday
Tea,2017-03-14 14:30:47,Afternoon,Weekday
Tea,2017-03-14 14:30:47,Afternoon,Weekday
Bread,2017-03-14 14:35:06,Afternoon,Weekday
Sandwich,2017-03-14 14:35:06,Afternoon,Weekday
Cake,2017-03-14 14:35:06,Afternoon,Weekday
Coffee,2017-03-14 14:49:03,Afternoon,Weekday
Muffin,2017-03-14 14:49:03,Afternoon,Weekday
Coffee,2017-03-14 15:25:53,Afternoon,Weekday
Juice,2017-03-14 15:25:53,Afternoon,Weekday
Bakewell,2017-03-14 15:25:53,Afternoon,Weekday
Cake,2017-03-14 15:29:13,Afternoon,Weekday
Cookies,2017-03-14 15:29:13,Afternoon,Weekday
Juice,2017-03-14 15:29:13,Afternoon,Weekday
Cookies,2017-03-14 15:29:13,Afternoon,Weekday
Soup,2017-03-14 15:33:43,Afternoon,Weekday
Chicken Stew,2017-03-14 15:33:43,Afternoon,Weekday
Coffee,2017-03-14 15:35:56,Afternoon,Weekday
Bakewell,2017-03-14 15:35:56,Afternoon,Weekday
Juice,2017-03-14 15:41:14,Afternoon,Weekday
Coffee,2017-03-14 15:41:14,Afternoon,Weekday
Coffee,2017-03-14 15:46:24,Afternoon,Weekday
Bread,2017-03-14 15:46:24,Afternoon,Weekday
Tea,2017-03-14 15:55:13,Afternoon,Weekday
Bread,2017-03-14 15:55:13,Afternoon,Weekday
Bakewell,2017-03-14 15:55:36,Afternoon,Weekday
Tea,2017-03-14 15:55:36,Afternoon,Weekday
Coffee,2017-03-14 16:11:06,Afternoon,Weekday
Coffee,2017-03-14 16:11:06,Afternoon,Weekday
Cake,2017-03-14 16:11:06,Afternoon,Weekday
Coffee,2017-03-14 16:19:16,Afternoon,Weekday
Coffee,2017-03-14 16:19:16,Afternoon,Weekday
Bakewell,2017-03-14 16:19:16,Afternoon,Weekday
Coffee,2017-03-14 16:26:43,Afternoon,Weekday
Juice,2017-03-14 16:26:43,Afternoon,Weekday
Cookies,2017-03-14 16:26:43,Afternoon,Weekday
Cake,2017-03-14 16:26:43,Afternoon,Weekday
Hot chocolate,2017-03-14 16:46:14,Afternoon,Weekday
Coffee,2017-03-14 16:46:14,Afternoon,Weekday
Sandwich,2017-03-14 16:46:14,Afternoon,Weekday
Cake,2017-03-14 16:46:14,Afternoon,Weekday
Medialuna,2017-03-14 17:33:43,Evening,Weekday
Bread,2017-03-14 17:38:40,Evening,Weekday
Cake,2017-03-14 17:49:26,Evening,Weekday
Cake,2017-03-14 17:49:26,Evening,Weekday
Cookies,2017-03-14 17:49:26,Evening,Weekday
Jammie Dodgers,2017-03-14 17:49:26,Evening,Weekday
Vegan Feast,2017-03-14 17:49:26,Evening,Weekday
Bread,2017-03-15 08:57:07,Morning,Weekday
Coffee,2017-03-15 08:58:56,Morning,Weekday
Coffee,2017-03-15 09:02:33,Morning,Weekday
Bread,2017-03-15 09:08:58,Morning,Weekday
Baguette,2017-03-15 09:08:58,Morning,Weekday
Bread,2017-03-15 09:12:46,Morning,Weekday
Coffee,2017-03-15 09:12:46,Morning,Weekday
Pastry,2017-03-15 09:12:46,Morning,Weekday
Pastry,2017-03-15 09:20:37,Morning,Weekday
Coffee,2017-03-15 09:20:37,Morning,Weekday
Bread,2017-03-15 09:44:29,Morning,Weekday
Bread,2017-03-15 09:50:20,Morning,Weekday
Cake,2017-03-15 10:04:43,Morning,Weekday
Pastry,2017-03-15 10:04:43,Morning,Weekday
Toast,2017-03-15 10:06:45,Morning,Weekday
Hot chocolate,2017-03-15 10:11:24,Morning,Weekday
Coffee,2017-03-15 10:57:50,Morning,Weekday
Coffee,2017-03-15 11:13:19,Morning,Weekday
Coffee,2017-03-15 11:13:19,Morning,Weekday
Sandwich,2017-03-15 11:13:19,Morning,Weekday
Coffee,2017-03-15 11:14:11,Morning,Weekday
Cookies,2017-03-15 11:14:11,Morning,Weekday
Coffee,2017-03-15 11:33:38,Morning,Weekday
Cake,2017-03-15 11:33:38,Morning,Weekday
Bread,2017-03-15 11:38:43,Morning,Weekday
Bread,2017-03-15 11:44:25,Morning,Weekday
Bread,2017-03-15 11:47:52,Morning,Weekday
Jam,2017-03-15 11:47:52,Morning,Weekday
Christmas common,2017-03-15 11:47:52,Morning,Weekday
Coffee,2017-03-15 11:52:15,Morning,Weekday
Coffee,2017-03-15 11:52:15,Morning,Weekday
Coke,2017-03-15 11:56:09,Morning,Weekday
Salad,2017-03-15 11:56:09,Morning,Weekday
Extra Salami or Feta,2017-03-15 11:56:26,Morning,Weekday
Cookies,2017-03-15 12:03:37,Afternoon,Weekday
Cake,2017-03-15 12:32:36,Afternoon,Weekday
Truffles,2017-03-15 12:36:22,Afternoon,Weekday
Pastry,2017-03-15 12:36:22,Afternoon,Weekday
Cookies,2017-03-15 12:38:09,Afternoon,Weekday
Baguette,2017-03-15 12:38:09,Afternoon,Weekday
Coffee,2017-03-15 12:58:42,Afternoon,Weekday
Brownie,2017-03-15 13:32:56,Afternoon,Weekday
Coffee,2017-03-15 14:09:54,Afternoon,Weekday
Toast,2017-03-15 14:09:54,Afternoon,Weekday
Tea,2017-03-15 14:20:02,Afternoon,Weekday
Tea,2017-03-15 14:20:02,Afternoon,Weekday
Cookies,2017-03-15 14:20:02,Afternoon,Weekday
Pastry,2017-03-15 14:20:02,Afternoon,Weekday
Coke,2017-03-15 14:25:07,Afternoon,Weekday
Brownie,2017-03-15 14:34:16,Afternoon,Weekday
Coffee,2017-03-15 14:34:16,Afternoon,Weekday
Coffee,2017-03-15 14:36:57,Afternoon,Weekday
Cake,2017-03-15 14:36:57,Afternoon,Weekday
Sandwich,2017-03-15 14:38:50,Afternoon,Weekday
Truffles,2017-03-15 14:38:50,Afternoon,Weekday
Cake,2017-03-15 14:38:50,Afternoon,Weekday
Cake,2017-03-15 14:55:37,Afternoon,Weekday
Bakewell,2017-03-15 14:55:37,Afternoon,Weekday
Tea,2017-03-15 14:55:37,Afternoon,Weekday
Coffee,2017-03-15 14:55:37,Afternoon,Weekday
Cake,2017-03-15 15:15:17,Afternoon,Weekday
Pastry,2017-03-15 15:15:17,Afternoon,Weekday
Hot chocolate,2017-03-15 15:15:17,Afternoon,Weekday
Coffee,2017-03-15 15:15:17,Afternoon,Weekday
Brownie,2017-03-15 15:29:22,Afternoon,Weekday
Coffee,2017-03-15 16:08:52,Afternoon,Weekday
Scone,2017-03-15 16:08:52,Afternoon,Weekday
Cake,2017-03-15 16:26:31,Afternoon,Weekday
Baguette,2017-03-15 16:26:31,Afternoon,Weekday
Coffee,2017-03-15 16:27:37,Afternoon,Weekday
Tea,2017-03-15 16:27:37,Afternoon,Weekday
Coffee,2017-03-15 16:30:12,Afternoon,Weekday
Bread,2017-03-15 16:30:12,Afternoon,Weekday
Cake,2017-03-15 16:30:12,Afternoon,Weekday
Bread,2017-03-15 16:30:12,Afternoon,Weekday
Bread,2017-03-15 16:30:32,Afternoon,Weekday
Bread,2017-03-15 16:40:25,Afternoon,Weekday
Coffee,2017-03-15 16:41:21,Afternoon,Weekday
Scone,2017-03-15 16:41:21,Afternoon,Weekday
Bread,2017-03-15 16:42:22,Afternoon,Weekday
Coffee,2017-03-15 16:42:22,Afternoon,Weekday
Coffee,2017-03-15 16:42:22,Afternoon,Weekday
Juice,2017-03-15 17:10:29,Evening,Weekday
Coffee,2017-03-15 17:10:29,Evening,Weekday
Cake,2017-03-15 17:10:29,Evening,Weekday
Coffee,2017-03-15 17:12:23,Evening,Weekday
Brownie,2017-03-15 17:12:23,Evening,Weekday
Baguette,2017-03-16 08:04:56,Morning,Weekday
Cookies,2017-03-16 08:04:56,Morning,Weekday
Medialuna,2017-03-16 08:10:27,Morning,Weekday
Bread,2017-03-16 08:10:27,Morning,Weekday
Bread,2017-03-16 08:10:27,Morning,Weekday
Coffee,2017-03-16 08:10:27,Morning,Weekday
Mineral water,2017-03-16 08:10:27,Morning,Weekday
Coffee,2017-03-16 08:28:29,Morning,Weekday
Cookies,2017-03-16 08:28:29,Morning,Weekday
Coffee,2017-03-16 08:42:19,Morning,Weekday
Bread,2017-03-16 08:42:19,Morning,Weekday
Coffee,2017-03-16 08:46:13,Morning,Weekday
Toast,2017-03-16 08:46:13,Morning,Weekday
Bread,2017-03-16 09:15:52,Morning,Weekday
Pastry,2017-03-16 09:15:52,Morning,Weekday
Bread,2017-03-16 09:22:15,Morning,Weekday
Coffee,2017-03-16 09:22:15,Morning,Weekday
Pastry,2017-03-16 09:22:15,Morning,Weekday
Coffee,2017-03-16 09:28:14,Morning,Weekday
Bread,2017-03-16 09:28:14,Morning,Weekday
Toast,2017-03-16 09:28:14,Morning,Weekday
Coffee,2017-03-16 09:41:31,Morning,Weekday
Farm House,2017-03-16 09:47:27,Morning,Weekday
Bread,2017-03-16 09:56:03,Morning,Weekday
Coffee,2017-03-16 09:56:03,Morning,Weekday
Pastry,2017-03-16 09:56:03,Morning,Weekday
Coffee,2017-03-16 10:06:17,Morning,Weekday
Hot chocolate,2017-03-16 10:06:17,Morning,Weekday
Cookies,2017-03-16 10:06:17,Morning,Weekday
Coffee,2017-03-16 10:19:04,Morning,Weekday
Toast,2017-03-16 10:19:04,Morning,Weekday
Granola,2017-03-16 10:19:04,Morning,Weekday
Bread,2017-03-16 10:36:13,Morning,Weekday
Pastry,2017-03-16 10:36:13,Morning,Weekday
Hot chocolate,2017-03-16 10:42:14,Morning,Weekday
Hot chocolate,2017-03-16 10:42:14,Morning,Weekday
Bread,2017-03-16 10:42:14,Morning,Weekday
Brownie,2017-03-16 10:42:14,Morning,Weekday
Bread,2017-03-16 10:43:53,Morning,Weekday
Juice,2017-03-16 10:43:53,Morning,Weekday
Crisps,2017-03-16 10:43:53,Morning,Weekday
Jammie Dodgers,2017-03-16 10:45:41,Morning,Weekday
Medialuna,2017-03-16 10:45:41,Morning,Weekday
Tea,2017-03-16 10:45:41,Morning,Weekday
Bread,2017-03-16 10:50:35,Morning,Weekday
Jammie Dodgers,2017-03-16 10:50:35,Morning,Weekday
Cherry me Dried fruit,2017-03-16 10:52:25,Morning,Weekday
Toast,2017-03-16 10:52:25,Morning,Weekday
Extra Salami or Feta,2017-03-16 10:52:25,Morning,Weekday
Hot chocolate,2017-03-16 10:52:25,Morning,Weekday
Coffee,2017-03-16 10:52:25,Morning,Weekday
Cake,2017-03-16 10:52:25,Morning,Weekday
Bread,2017-03-16 11:08:28,Morning,Weekday
Farm House,2017-03-16 11:10:01,Morning,Weekday
Coffee,2017-03-16 11:19:55,Morning,Weekday
Medialuna,2017-03-16 11:19:55,Morning,Weekday
Baguette,2017-03-16 11:30:40,Morning,Weekday
Scandinavian,2017-03-16 11:35:56,Morning,Weekday
Sandwich,2017-03-16 11:44:43,Morning,Weekday
Bread,2017-03-16 11:58:36,Morning,Weekday
Coffee,2017-03-16 12:02:32,Afternoon,Weekday
Toast,2017-03-16 12:02:32,Afternoon,Weekday
Tea,2017-03-16 12:02:32,Afternoon,Weekday
Bread,2017-03-16 12:10:27,Afternoon,Weekday
Bread,2017-03-16 12:16:49,Afternoon,Weekday
Tea,2017-03-16 12:33:41,Afternoon,Weekday
Coffee,2017-03-16 12:33:41,Afternoon,Weekday
Bread,2017-03-16 12:33:41,Afternoon,Weekday
Chicken Stew,2017-03-16 12:44:27,Afternoon,Weekday
Bread,2017-03-16 12:44:27,Afternoon,Weekday
Soup,2017-03-16 13:16:43,Afternoon,Weekday
Soup,2017-03-16 13:19:33,Afternoon,Weekday
Salad,2017-03-16 13:19:33,Afternoon,Weekday
Tea,2017-03-16 13:19:33,Afternoon,Weekday
Mineral water,2017-03-16 13:19:33,Afternoon,Weekday
Juice,2017-03-16 13:19:33,Afternoon,Weekday
Cake,2017-03-16 13:44:42,Afternoon,Weekday
Truffles,2017-03-16 13:44:42,Afternoon,Weekday
Chicken Stew,2017-03-16 13:44:42,Afternoon,Weekday
Sandwich,2017-03-16 13:44:42,Afternoon,Weekday
Pastry,2017-03-16 13:48:09,Afternoon,Weekday
Chicken Stew,2017-03-16 13:51:26,Afternoon,Weekday
Coffee,2017-03-16 13:51:26,Afternoon,Weekday
Eggs,2017-03-16 14:19:47,Afternoon,Weekday
Bread,2017-03-16 14:19:47,Afternoon,Weekday
Coffee,2017-03-16 14:26:59,Afternoon,Weekday
Coffee,2017-03-16 14:26:59,Afternoon,Weekday
Soup,2017-03-16 14:26:59,Afternoon,Weekday
Coffee,2017-03-16 14:35:17,Afternoon,Weekday
Scone,2017-03-16 14:35:17,Afternoon,Weekday
Coke,2017-03-16 15:15:52,Afternoon,Weekday
Bread,2017-03-16 15:18:55,Afternoon,Weekday
Brownie,2017-03-16 15:18:55,Afternoon,Weekday
Coffee,2017-03-16 15:32:25,Afternoon,Weekday
Hot chocolate,2017-03-16 15:32:25,Afternoon,Weekday
Cookies,2017-03-16 15:32:25,Afternoon,Weekday
Coffee,2017-03-16 15:52:29,Afternoon,Weekday
Cookies,2017-03-16 15:52:29,Afternoon,Weekday
Bread,2017-03-16 16:08:33,Afternoon,Weekday
Cake,2017-03-16 16:08:33,Afternoon,Weekday
Cake,2017-03-16 16:16:17,Afternoon,Weekday
Coffee,2017-03-16 16:16:17,Afternoon,Weekday
Coffee,2017-03-16 16:16:17,Afternoon,Weekday
Coffee,2017-03-16 16:16:17,Afternoon,Weekday
Coffee,2017-03-16 16:19:04,Afternoon,Weekday
Tea,2017-03-16 16:42:16,Afternoon,Weekday
Bakewell,2017-03-16 16:42:16,Afternoon,Weekday
Bread,2017-03-16 16:42:16,Afternoon,Weekday
Smoothies,2017-03-16 16:44:17,Afternoon,Weekday
Coffee,2017-03-16 16:44:17,Afternoon,Weekday
Cake,2017-03-16 16:44:17,Afternoon,Weekday
Bread,2017-03-16 16:44:17,Afternoon,Weekday
Hot chocolate,2017-03-16 17:30:10,Evening,Weekday
Tea,2017-03-17 08:12:49,Morning,Weekday
Scone,2017-03-17 08:12:49,Morning,Weekday
Baguette,2017-03-17 08:15:33,Morning,Weekday
Cookies,2017-03-17 08:15:33,Morning,Weekday
Coffee,2017-03-17 08:19:53,Morning,Weekday
Bakewell,2017-03-17 08:19:53,Morning,Weekday
Mortimer,2017-03-17 08:24:48,Morning,Weekday
Bread,2017-03-17 08:59:41,Morning,Weekday
Bread,2017-03-17 09:00:36,Morning,Weekday
Coffee,2017-03-17 09:02:44,Morning,Weekday
Pastry,2017-03-17 09:02:44,Morning,Weekday
Coffee,2017-03-17 09:04:51,Morning,Weekday
Bread,2017-03-17 09:11:59,Morning,Weekday
Pastry,2017-03-17 09:11:59,Morning,Weekday
Bread,2017-03-17 09:13:57,Morning,Weekday
Coffee,2017-03-17 09:14:45,Morning,Weekday
Baguette,2017-03-17 09:36:07,Morning,Weekday
Coffee,2017-03-17 09:52:05,Morning,Weekday
Bread,2017-03-17 09:52:05,Morning,Weekday
Bread,2017-03-17 09:52:05,Morning,Weekday
Coffee,2017-03-17 09:52:41,Morning,Weekday
Coffee,2017-03-17 09:52:41,Morning,Weekday
Toast,2017-03-17 09:52:41,Morning,Weekday
Cake,2017-03-17 10:04:39,Morning,Weekday
Bread,2017-03-17 10:04:39,Morning,Weekday
Coffee,2017-03-17 10:10:09,Morning,Weekday
Coffee,2017-03-17 10:10:54,Morning,Weekday
Coffee,2017-03-17 10:13:43,Morning,Weekday
Coffee,2017-03-17 10:13:43,Morning,Weekday
Juice,2017-03-17 10:13:43,Morning,Weekday
Cake,2017-03-17 10:13:43,Morning,Weekday
Cookies,2017-03-17 10:13:43,Morning,Weekday
Baguette,2017-03-17 10:14:59,Morning,Weekday
Tea,2017-03-17 10:20:17,Morning,Weekday
Cake,2017-03-17 10:20:17,Morning,Weekday
Pastry,2017-03-17 10:21:59,Morning,Weekday
Coffee,2017-03-17 10:21:59,Morning,Weekday
Tea,2017-03-17 10:22:27,Morning,Weekday
Tea,2017-03-17 10:23:34,Morning,Weekday
Coffee,2017-03-17 10:25:21,Morning,Weekday
Pastry,2017-03-17 10:25:21,Morning,Weekday
Bread,2017-03-17 10:25:34,Morning,Weekday
Scandinavian,2017-03-17 10:28:48,Morning,Weekday
Cake,2017-03-17 11:17:38,Morning,Weekday
Tiffin,2017-03-17 11:17:38,Morning,Weekday
Coffee,2017-03-17 11:17:38,Morning,Weekday
Coffee,2017-03-17 11:17:38,Morning,Weekday
Tea,2017-03-17 11:36:36,Morning,Weekday
Hot chocolate,2017-03-17 11:36:36,Morning,Weekday
Pastry,2017-03-17 11:36:36,Morning,Weekday
Cake,2017-03-17 11:36:36,Morning,Weekday
Brownie,2017-03-17 11:47:51,Morning,Weekday
Bread,2017-03-17 11:47:51,Morning,Weekday
Bread,2017-03-17 11:56:33,Morning,Weekday
Coffee,2017-03-17 11:58:28,Morning,Weekday
Toast,2017-03-17 12:07:01,Afternoon,Weekday
Coffee,2017-03-17 12:07:01,Afternoon,Weekday
Tea,2017-03-17 12:07:33,Afternoon,Weekday
Toast,2017-03-17 12:07:33,Afternoon,Weekday
Coffee,2017-03-17 12:16:56,Afternoon,Weekday
Coffee,2017-03-17 12:16:56,Afternoon,Weekday
Sandwich,2017-03-17 12:16:56,Afternoon,Weekday
Pastry,2017-03-17 12:16:56,Afternoon,Weekday
Coffee,2017-03-17 12:35:11,Afternoon,Weekday
Bread,2017-03-17 13:06:26,Afternoon,Weekday
Coffee,2017-03-17 13:20:49,Afternoon,Weekday
Tiffin,2017-03-17 13:22:42,Afternoon,Weekday
Coffee,2017-03-17 13:29:28,Afternoon,Weekday
Cake,2017-03-17 13:37:15,Afternoon,Weekday
Cake,2017-03-17 13:37:15,Afternoon,Weekday
Brownie,2017-03-17 13:37:15,Afternoon,Weekday
Half slice Monster ,2017-03-17 13:37:45,Afternoon,Weekday
Coffee,2017-03-17 13:50:14,Afternoon,Weekday
Coffee,2017-03-17 13:50:14,Afternoon,Weekday
Mineral water,2017-03-17 13:50:14,Afternoon,Weekday
Bread,2017-03-17 13:53:11,Afternoon,Weekday
Coffee,2017-03-17 13:53:11,Afternoon,Weekday
Cookies,2017-03-17 13:53:11,Afternoon,Weekday
Brownie,2017-03-17 13:53:11,Afternoon,Weekday
Coffee,2017-03-17 13:54:31,Afternoon,Weekday
Soup,2017-03-17 13:54:31,Afternoon,Weekday
Sandwich,2017-03-17 13:54:31,Afternoon,Weekday
Coffee,2017-03-17 14:06:14,Afternoon,Weekday
Coffee granules ,2017-03-17 14:06:14,Afternoon,Weekday
Extra Salami or Feta,2017-03-17 14:06:14,Afternoon,Weekday
Salad,2017-03-17 14:06:14,Afternoon,Weekday
Salad,2017-03-17 14:22:53,Afternoon,Weekday
Coffee,2017-03-17 14:22:53,Afternoon,Weekday
Coffee,2017-03-17 14:22:53,Afternoon,Weekday
Coffee,2017-03-17 14:29:34,Afternoon,Weekday
Coffee,2017-03-17 14:29:34,Afternoon,Weekday
Cake,2017-03-17 14:29:34,Afternoon,Weekday
Salad,2017-03-17 14:29:34,Afternoon,Weekday
Cake,2017-03-17 14:35:40,Afternoon,Weekday
Cookies,2017-03-17 14:35:40,Afternoon,Weekday
Coffee,2017-03-17 14:50:00,Afternoon,Weekday
Coffee,2017-03-17 14:50:00,Afternoon,Weekday
Cookies,2017-03-17 14:50:00,Afternoon,Weekday
Scone,2017-03-17 14:53:09,Afternoon,Weekday
Coffee,2017-03-17 14:53:09,Afternoon,Weekday
Coffee,2017-03-17 15:08:39,Afternoon,Weekday
Coffee,2017-03-17 15:08:39,Afternoon,Weekday
Salad,2017-03-17 15:08:39,Afternoon,Weekday
Coke,2017-03-17 15:10:55,Afternoon,Weekday
Coffee,2017-03-17 15:20:39,Afternoon,Weekday
Cake,2017-03-17 15:20:39,Afternoon,Weekday
Cake,2017-03-17 15:20:39,Afternoon,Weekday
Hot chocolate,2017-03-17 15:36:43,Afternoon,Weekday
Coffee,2017-03-17 15:36:43,Afternoon,Weekday
Tiffin,2017-03-17 15:36:43,Afternoon,Weekday
Hot chocolate,2017-03-17 16:00:09,Afternoon,Weekday
Coffee,2017-03-17 16:00:09,Afternoon,Weekday
Scone,2017-03-17 16:00:09,Afternoon,Weekday
Bread,2017-03-17 16:23:29,Afternoon,Weekday
Hot chocolate,2017-03-17 16:32:49,Afternoon,Weekday
Hot chocolate,2017-03-17 16:32:49,Afternoon,Weekday
Coffee,2017-03-17 16:32:49,Afternoon,Weekday
Tiffin,2017-03-17 16:44:37,Afternoon,Weekday
Coffee,2017-03-18 08:13:38,Morning,Weekend
Sandwich,2017-03-18 08:13:38,Morning,Weekend
Sandwich,2017-03-18 08:13:38,Morning,Weekend
Hot chocolate,2017-03-18 08:22:10,Morning,Weekend
Coffee,2017-03-18 08:22:10,Morning,Weekend
Pastry,2017-03-18 08:22:10,Morning,Weekend
Coffee,2017-03-18 08:35:31,Morning,Weekend
Medialuna,2017-03-18 08:35:31,Morning,Weekend
Coffee,2017-03-18 08:49:43,Morning,Weekend
Pastry,2017-03-18 08:49:43,Morning,Weekend
Coffee,2017-03-18 08:52:09,Morning,Weekend
Coffee,2017-03-18 08:52:09,Morning,Weekend
Medialuna,2017-03-18 08:52:09,Morning,Weekend
Cookies,2017-03-18 08:52:09,Morning,Weekend
Bread,2017-03-18 08:58:23,Morning,Weekend
Bread,2017-03-18 08:58:23,Morning,Weekend
Bread,2017-03-18 08:58:23,Morning,Weekend
Pastry,2017-03-18 08:58:23,Morning,Weekend
Coffee,2017-03-18 09:10:02,Morning,Weekend
Bread,2017-03-18 09:11:53,Morning,Weekend
Baguette,2017-03-18 09:11:53,Morning,Weekend
Toast,2017-03-18 09:14:05,Morning,Weekend
Coffee,2017-03-18 09:14:05,Morning,Weekend
Farm House,2017-03-18 09:45:19,Morning,Weekend
Cake,2017-03-18 09:45:19,Morning,Weekend
Pastry,2017-03-18 09:49:23,Morning,Weekend
Bread,2017-03-18 09:49:23,Morning,Weekend
Coffee,2017-03-18 09:52:50,Morning,Weekend
Coffee,2017-03-18 10:03:26,Morning,Weekend
Cookies,2017-03-18 10:03:26,Morning,Weekend
Bread,2017-03-18 10:13:32,Morning,Weekend
Bread,2017-03-18 10:13:32,Morning,Weekend
Coffee,2017-03-18 10:14:20,Morning,Weekend
Pastry,2017-03-18 10:14:20,Morning,Weekend
Medialuna,2017-03-18 10:14:20,Morning,Weekend
Cake,2017-03-18 10:19:12,Morning,Weekend
Scone,2017-03-18 10:19:12,Morning,Weekend
Scandinavian,2017-03-18 10:19:12,Morning,Weekend
Coffee,2017-03-18 10:37:11,Morning,Weekend
Coffee,2017-03-18 10:37:44,Morning,Weekend
Coffee,2017-03-18 10:38:02,Morning,Weekend
Afternoon with the baker,2017-03-18 10:45:13,Morning,Weekend
Coffee,2017-03-18 10:47:36,Morning,Weekend
Duck egg,2017-03-18 10:47:36,Morning,Weekend
Bread,2017-03-18 10:55:24,Morning,Weekend
Tea,2017-03-18 10:57:35,Morning,Weekend
Toast,2017-03-18 10:58:35,Morning,Weekend
Coffee,2017-03-18 10:58:35,Morning,Weekend
Bread,2017-03-18 10:58:51,Morning,Weekend
Coffee,2017-03-18 11:01:29,Morning,Weekend
Toast,2017-03-18 11:01:29,Morning,Weekend
Bread,2017-03-18 11:05:08,Morning,Weekend
Truffles,2017-03-18 11:05:08,Morning,Weekend
Juice,2017-03-18 11:14:50,Morning,Weekend
Coffee,2017-03-18 11:14:50,Morning,Weekend
Bread,2017-03-18 11:14:50,Morning,Weekend
Toast,2017-03-18 11:14:50,Morning,Weekend
Coffee,2017-03-18 11:22:05,Morning,Weekend
Tea,2017-03-18 11:33:22,Morning,Weekend
Coffee,2017-03-18 11:42:06,Morning,Weekend
Tiffin,2017-03-18 11:42:06,Morning,Weekend
Scone,2017-03-18 11:42:06,Morning,Weekend
Bread,2017-03-18 11:42:06,Morning,Weekend
Coffee,2017-03-18 11:45:27,Morning,Weekend
Brownie,2017-03-18 11:45:27,Morning,Weekend
Jam,2017-03-18 11:49:46,Morning,Weekend
Mineral water,2017-03-18 11:51:40,Morning,Weekend
Scone,2017-03-18 11:51:40,Morning,Weekend
Mineral water,2017-03-18 11:52:25,Morning,Weekend
Coffee,2017-03-18 12:02:47,Afternoon,Weekend
Hot chocolate,2017-03-18 12:02:47,Afternoon,Weekend
Bread,2017-03-18 12:02:47,Afternoon,Weekend
Scone,2017-03-18 12:02:47,Afternoon,Weekend
Bread,2017-03-18 12:03:33,Afternoon,Weekend
Coffee,2017-03-18 12:07:43,Afternoon,Weekend
Salad,2017-03-18 12:07:43,Afternoon,Weekend
Sandwich,2017-03-18 12:07:43,Afternoon,Weekend
Bread,2017-03-18 12:12:06,Afternoon,Weekend
Coffee,2017-03-18 12:17:34,Afternoon,Weekend
Coffee,2017-03-18 12:17:34,Afternoon,Weekend
Coffee,2017-03-18 12:27:08,Afternoon,Weekend
Coffee,2017-03-18 12:27:08,Afternoon,Weekend
Scone,2017-03-18 12:27:08,Afternoon,Weekend
Tiffin,2017-03-18 12:27:08,Afternoon,Weekend
Coffee,2017-03-18 12:27:57,Afternoon,Weekend
Tea,2017-03-18 12:33:25,Afternoon,Weekend
Coffee,2017-03-18 12:33:25,Afternoon,Weekend
Coffee,2017-03-18 12:33:25,Afternoon,Weekend
Soup,2017-03-18 12:38:34,Afternoon,Weekend
Mineral water,2017-03-18 12:38:34,Afternoon,Weekend
Brownie,2017-03-18 12:38:34,Afternoon,Weekend
Mineral water,2017-03-18 12:41:01,Afternoon,Weekend
Bread,2017-03-18 12:43:56,Afternoon,Weekend
Scone,2017-03-18 12:43:56,Afternoon,Weekend
Cookies,2017-03-18 12:43:56,Afternoon,Weekend
Soup,2017-03-18 12:43:56,Afternoon,Weekend
Spanish Brunch,2017-03-18 12:45:11,Afternoon,Weekend
The Nomad,2017-03-18 12:45:11,Afternoon,Weekend
Coffee,2017-03-18 12:45:11,Afternoon,Weekend
Bread,2017-03-18 12:47:39,Afternoon,Weekend
Sandwich,2017-03-18 13:03:43,Afternoon,Weekend
Coffee,2017-03-18 13:03:43,Afternoon,Weekend
Tiffin,2017-03-18 13:03:43,Afternoon,Weekend
Cake,2017-03-18 13:03:43,Afternoon,Weekend
Coffee,2017-03-18 13:04:35,Afternoon,Weekend
Cookies,2017-03-18 13:04:35,Afternoon,Weekend
Tiffin,2017-03-18 13:05:53,Afternoon,Weekend
Sandwich,2017-03-18 13:08:18,Afternoon,Weekend
Salad,2017-03-18 13:08:18,Afternoon,Weekend
Bread,2017-03-18 13:08:18,Afternoon,Weekend
Juice,2017-03-18 13:08:18,Afternoon,Weekend
Sandwich,2017-03-18 13:10:12,Afternoon,Weekend
Tea,2017-03-18 13:10:12,Afternoon,Weekend
Cake,2017-03-18 13:10:12,Afternoon,Weekend
Coffee,2017-03-18 13:10:12,Afternoon,Weekend
Bread,2017-03-18 13:12:34,Afternoon,Weekend
Bread,2017-03-18 13:14:10,Afternoon,Weekend
Jam,2017-03-18 13:14:10,Afternoon,Weekend
Bread,2017-03-18 13:15:35,Afternoon,Weekend
The Nomad,2017-03-18 13:15:35,Afternoon,Weekend
Jam,2017-03-18 13:15:35,Afternoon,Weekend
Bread,2017-03-18 13:19:42,Afternoon,Weekend
Coffee,2017-03-18 13:27:00,Afternoon,Weekend
Hot chocolate,2017-03-18 13:27:00,Afternoon,Weekend
Brownie,2017-03-18 13:27:00,Afternoon,Weekend
Bread,2017-03-18 13:27:00,Afternoon,Weekend
Bread,2017-03-18 13:27:46,Afternoon,Weekend
Coffee,2017-03-18 13:47:49,Afternoon,Weekend
Tea,2017-03-18 13:47:49,Afternoon,Weekend
Spanish Brunch,2017-03-18 13:47:49,Afternoon,Weekend
Fudge,2017-03-18 13:50:20,Afternoon,Weekend
Baguette,2017-03-18 13:50:20,Afternoon,Weekend
Sandwich,2017-03-18 14:00:12,Afternoon,Weekend
Bread,2017-03-18 14:01:42,Afternoon,Weekend
Sandwich,2017-03-18 14:03:24,Afternoon,Weekend
Scandinavian,2017-03-18 14:15:24,Afternoon,Weekend
Tea,2017-03-18 14:24:13,Afternoon,Weekend
Scone,2017-03-18 14:24:13,Afternoon,Weekend
Tea,2017-03-18 14:41:03,Afternoon,Weekend
Tiffin,2017-03-18 14:41:03,Afternoon,Weekend
Brownie,2017-03-18 14:41:03,Afternoon,Weekend
Scone,2017-03-18 14:54:18,Afternoon,Weekend
Bread,2017-03-18 14:54:18,Afternoon,Weekend
Coffee,2017-03-18 15:00:35,Afternoon,Weekend
Coffee,2017-03-18 15:00:35,Afternoon,Weekend
Cake,2017-03-18 15:00:35,Afternoon,Weekend
Scone,2017-03-18 15:00:35,Afternoon,Weekend
Bread,2017-03-18 15:03:12,Afternoon,Weekend
Cake,2017-03-18 15:06:07,Afternoon,Weekend
Coffee,2017-03-18 15:06:07,Afternoon,Weekend
Cake,2017-03-18 15:09:04,Afternoon,Weekend
Cake,2017-03-18 15:09:04,Afternoon,Weekend
Bread,2017-03-18 15:09:04,Afternoon,Weekend
Tea,2017-03-18 15:09:04,Afternoon,Weekend
Coffee,2017-03-18 15:41:43,Afternoon,Weekend
Tea,2017-03-18 15:41:43,Afternoon,Weekend
Scone,2017-03-18 15:42:22,Afternoon,Weekend
Hot chocolate,2017-03-18 15:46:34,Afternoon,Weekend
Coffee,2017-03-18 15:46:34,Afternoon,Weekend
Cake,2017-03-18 15:46:34,Afternoon,Weekend
Half slice Monster ,2017-03-18 15:52:38,Afternoon,Weekend
Tea,2017-03-18 15:54:29,Afternoon,Weekend
Chicken Stew,2017-03-18 15:54:29,Afternoon,Weekend
Tea,2017-03-18 16:09:48,Afternoon,Weekend
Cookies,2017-03-18 16:09:48,Afternoon,Weekend
Cake,2017-03-18 16:09:48,Afternoon,Weekend
Coffee,2017-03-18 16:26:57,Afternoon,Weekend
Tea,2017-03-18 16:26:57,Afternoon,Weekend
Cake,2017-03-18 16:26:57,Afternoon,Weekend
Coffee,2017-03-18 16:52:04,Afternoon,Weekend
Smoothies,2017-03-18 16:52:04,Afternoon,Weekend
Soup,2017-03-18 16:52:04,Afternoon,Weekend
Sandwich,2017-03-18 16:52:04,Afternoon,Weekend
Cake,2017-03-18 16:52:04,Afternoon,Weekend
Coffee,2017-03-18 17:03:07,Evening,Weekend
Coke,2017-03-18 17:03:07,Evening,Weekend
Salad,2017-03-18 17:03:07,Evening,Weekend
Coffee,2017-03-19 09:39:11,Morning,Weekend
Coffee,2017-03-19 09:50:25,Morning,Weekend
Coffee,2017-03-19 09:56:28,Morning,Weekend
Tiffin,2017-03-19 09:56:28,Morning,Weekend
Spanish Brunch,2017-03-19 10:01:05,Morning,Weekend
Scone,2017-03-19 10:01:05,Morning,Weekend
Coffee,2017-03-19 10:01:05,Morning,Weekend
Bread,2017-03-19 10:01:05,Morning,Weekend
Coffee,2017-03-19 10:03:48,Morning,Weekend
Medialuna,2017-03-19 10:03:48,Morning,Weekend
Bread,2017-03-19 10:31:39,Morning,Weekend
Tea,2017-03-19 10:43:24,Morning,Weekend
Bread,2017-03-19 10:44:50,Morning,Weekend
Coffee,2017-03-19 10:58:09,Morning,Weekend
Coffee,2017-03-19 10:58:09,Morning,Weekend
Cake,2017-03-19 10:58:09,Morning,Weekend
Tea,2017-03-19 11:00:01,Morning,Weekend
Coffee,2017-03-19 11:14:38,Morning,Weekend
Coffee,2017-03-19 11:14:38,Morning,Weekend
Medialuna,2017-03-19 11:14:38,Morning,Weekend
Tiffin,2017-03-19 11:14:38,Morning,Weekend
Coffee,2017-03-19 11:24:14,Morning,Weekend
Bread,2017-03-19 11:24:14,Morning,Weekend
Bread,2017-03-19 11:24:14,Morning,Weekend
Bread,2017-03-19 11:25:55,Morning,Weekend
Medialuna,2017-03-19 11:25:55,Morning,Weekend
Coffee,2017-03-19 11:27:31,Morning,Weekend
Tea,2017-03-19 11:28:39,Morning,Weekend
Tea,2017-03-19 11:28:39,Morning,Weekend
Scone,2017-03-19 11:28:39,Morning,Weekend
Hot chocolate,2017-03-19 11:29:55,Morning,Weekend
Tea,2017-03-19 11:29:55,Morning,Weekend
Bread,2017-03-19 11:29:55,Morning,Weekend
Cake,2017-03-19 11:29:55,Morning,Weekend
Bread,2017-03-19 11:43:19,Morning,Weekend
Spanish Brunch,2017-03-19 11:43:19,Morning,Weekend
Bread,2017-03-19 11:45:36,Morning,Weekend
Spanish Brunch,2017-03-19 11:47:39,Morning,Weekend
Truffles,2017-03-19 11:47:39,Morning,Weekend
Juice,2017-03-19 11:47:39,Morning,Weekend
Coffee,2017-03-19 11:47:39,Morning,Weekend
Tiffin,2017-03-19 11:47:39,Morning,Weekend
Coffee,2017-03-19 11:52:41,Morning,Weekend
Bread,2017-03-19 11:59:11,Morning,Weekend
Bread,2017-03-19 11:59:11,Morning,Weekend
Bread,2017-03-19 12:02:29,Afternoon,Weekend
Farm House,2017-03-19 12:04:24,Afternoon,Weekend
Coffee,2017-03-19 12:06:55,Afternoon,Weekend
Scone,2017-03-19 12:06:55,Afternoon,Weekend
Bread,2017-03-19 12:27:32,Afternoon,Weekend
Coffee,2017-03-19 12:36:09,Afternoon,Weekend
Coffee,2017-03-19 12:36:09,Afternoon,Weekend
Spanish Brunch,2017-03-19 12:36:09,Afternoon,Weekend
Coffee,2017-03-19 12:36:09,Afternoon,Weekend
Art Tray,2017-03-19 12:36:09,Afternoon,Weekend
Spanish Brunch,2017-03-19 12:36:55,Afternoon,Weekend
Hot chocolate,2017-03-19 12:36:55,Afternoon,Weekend
Coffee,2017-03-19 12:38:21,Afternoon,Weekend
Coffee,2017-03-19 12:38:21,Afternoon,Weekend
Cake,2017-03-19 12:38:21,Afternoon,Weekend
Scone,2017-03-19 12:38:21,Afternoon,Weekend
Tiffin,2017-03-19 12:39:59,Afternoon,Weekend
Coffee,2017-03-19 12:39:59,Afternoon,Weekend
Tea,2017-03-19 12:40:57,Afternoon,Weekend
Cookies,2017-03-19 12:40:57,Afternoon,Weekend
Coffee,2017-03-19 12:41:55,Afternoon,Weekend
Bread,2017-03-19 12:41:55,Afternoon,Weekend
Sandwich,2017-03-19 12:59:04,Afternoon,Weekend
Muffin,2017-03-19 12:59:04,Afternoon,Weekend
Bread,2017-03-19 12:59:04,Afternoon,Weekend
Cookies,2017-03-19 12:59:04,Afternoon,Weekend
Farm House,2017-03-19 13:11:00,Afternoon,Weekend
Spanish Brunch,2017-03-19 13:30:32,Afternoon,Weekend
Salad,2017-03-19 13:30:32,Afternoon,Weekend
Tea,2017-03-19 13:30:32,Afternoon,Weekend
Coffee,2017-03-19 13:30:32,Afternoon,Weekend
Pastry,2017-03-19 13:30:32,Afternoon,Weekend
Cake,2017-03-19 13:30:32,Afternoon,Weekend
Smoothies,2017-03-19 13:40:51,Afternoon,Weekend
Coffee,2017-03-19 13:40:51,Afternoon,Weekend
Soup,2017-03-19 13:40:51,Afternoon,Weekend
Salad,2017-03-19 13:40:51,Afternoon,Weekend
Sandwich,2017-03-19 13:43:43,Afternoon,Weekend
Tea,2017-03-19 13:43:43,Afternoon,Weekend
Coffee,2017-03-19 13:43:43,Afternoon,Weekend
Sandwich,2017-03-19 13:49:50,Afternoon,Weekend
Sandwich,2017-03-19 13:49:50,Afternoon,Weekend
Spanish Brunch,2017-03-19 13:56:04,Afternoon,Weekend
Toast,2017-03-19 13:56:04,Afternoon,Weekend
Salad,2017-03-19 13:56:04,Afternoon,Weekend
Baguette,2017-03-19 13:56:04,Afternoon,Weekend
Sandwich,2017-03-19 14:22:57,Afternoon,Weekend
Sandwich,2017-03-19 14:22:57,Afternoon,Weekend
Cake,2017-03-19 14:41:55,Afternoon,Weekend
Bread,2017-03-19 14:41:55,Afternoon,Weekend
Muffin,2017-03-19 14:41:55,Afternoon,Weekend
Coffee,2017-03-19 14:43:43,Afternoon,Weekend
Coffee,2017-03-19 14:43:43,Afternoon,Weekend
Pastry,2017-03-19 14:43:43,Afternoon,Weekend
Coffee,2017-03-19 14:51:08,Afternoon,Weekend
Coffee,2017-03-19 14:51:08,Afternoon,Weekend
Sandwich,2017-03-19 14:51:08,Afternoon,Weekend
Chicken Stew,2017-03-19 14:51:08,Afternoon,Weekend
Cake,2017-03-19 14:52:59,Afternoon,Weekend
Coffee,2017-03-19 14:52:59,Afternoon,Weekend
Coffee,2017-03-19 14:52:59,Afternoon,Weekend
Bread,2017-03-19 15:06:25,Afternoon,Weekend
Spanish Brunch,2017-03-19 15:08:21,Afternoon,Weekend
Coffee,2017-03-19 15:08:21,Afternoon,Weekend
Coke,2017-03-19 15:08:21,Afternoon,Weekend
Bread,2017-03-19 15:08:21,Afternoon,Weekend
Mineral water,2017-03-19 15:08:21,Afternoon,Weekend
Soup,2017-03-19 15:08:21,Afternoon,Weekend
Tea,2017-03-19 15:16:00,Afternoon,Weekend
Cake,2017-03-19 15:16:00,Afternoon,Weekend
Coffee,2017-03-19 15:17:04,Afternoon,Weekend
Sandwich,2017-03-19 15:17:04,Afternoon,Weekend
Sandwich,2017-03-19 15:17:04,Afternoon,Weekend
Muffin,2017-03-19 15:17:04,Afternoon,Weekend
Coffee,2017-03-19 15:29:10,Afternoon,Weekend
Coffee,2017-03-19 15:34:07,Afternoon,Weekend
Tea,2017-03-19 15:34:07,Afternoon,Weekend
Cake,2017-03-19 15:34:07,Afternoon,Weekend
Scone,2017-03-19 15:34:07,Afternoon,Weekend
Pastry,2017-03-19 15:44:45,Afternoon,Weekend
Scone,2017-03-19 15:44:45,Afternoon,Weekend
Coffee,2017-03-19 16:37:37,Afternoon,Weekend
Afternoon with the baker,2017-03-19 18:33:00,Evening,Weekend
Coffee,2017-03-20 08:25:34,Morning,Weekday
Coffee,2017-03-20 08:57:53,Morning,Weekday
Coffee,2017-03-20 09:00:54,Morning,Weekday
Bread,2017-03-20 09:00:54,Morning,Weekday
Coffee,2017-03-20 09:15:08,Morning,Weekday
Bread,2017-03-20 09:15:08,Morning,Weekday
Coffee,2017-03-20 09:35:56,Morning,Weekday
Coffee,2017-03-20 09:38:09,Morning,Weekday
Bread,2017-03-20 09:38:09,Morning,Weekday
Coffee,2017-03-20 10:03:58,Morning,Weekday
Coffee,2017-03-20 10:03:58,Morning,Weekday
Pastry,2017-03-20 10:03:58,Morning,Weekday
Bread,2017-03-20 10:03:58,Morning,Weekday
Bread,2017-03-20 10:03:58,Morning,Weekday
Toast,2017-03-20 10:03:58,Morning,Weekday
Pastry,2017-03-20 10:17:11,Morning,Weekday
Cake,2017-03-20 10:17:11,Morning,Weekday
Bread,2017-03-20 10:17:11,Morning,Weekday
Coffee,2017-03-20 10:18:08,Morning,Weekday
Muffin,2017-03-20 10:18:08,Morning,Weekday
Baguette,2017-03-20 10:28:27,Morning,Weekday
Coffee,2017-03-20 10:31:50,Morning,Weekday
Bread,2017-03-20 10:31:50,Morning,Weekday
Coffee,2017-03-20 10:37:22,Morning,Weekday
Mineral water,2017-03-20 10:37:22,Morning,Weekday
Cookies,2017-03-20 10:37:22,Morning,Weekday
Toast,2017-03-20 10:37:22,Morning,Weekday
Tea,2017-03-20 10:46:56,Morning,Weekday
Spanish Brunch,2017-03-20 10:46:56,Morning,Weekday
Coffee,2017-03-20 10:51:22,Morning,Weekday
Coffee,2017-03-20 11:03:54,Morning,Weekday
Bread,2017-03-20 11:04:22,Morning,Weekday
Coffee granules ,2017-03-20 11:15:42,Morning,Weekday
Cake,2017-03-20 11:25:24,Morning,Weekday
Muffin,2017-03-20 11:25:24,Morning,Weekday
Juice,2017-03-20 11:25:24,Morning,Weekday
Coffee,2017-03-20 11:30:55,Morning,Weekday
Cake,2017-03-20 11:32:58,Morning,Weekday
Juice,2017-03-20 11:44:04,Morning,Weekday
Sandwich,2017-03-20 11:44:04,Morning,Weekday
Coffee,2017-03-20 11:54:58,Morning,Weekday
Pastry,2017-03-20 11:54:58,Morning,Weekday
Coffee,2017-03-20 11:55:58,Morning,Weekday
Muffin,2017-03-20 11:55:58,Morning,Weekday
Truffles,2017-03-20 11:58:20,Morning,Weekday
Sandwich,2017-03-20 11:58:20,Morning,Weekday
Coffee,2017-03-20 11:59:12,Morning,Weekday
Baguette,2017-03-20 11:59:12,Morning,Weekday
Farm House,2017-03-20 12:03:06,Afternoon,Weekday
Pastry,2017-03-20 12:13:54,Afternoon,Weekday
Jam,2017-03-20 12:17:00,Afternoon,Weekday
Sandwich,2017-03-20 12:19:46,Afternoon,Weekday
Coffee,2017-03-20 12:23:43,Afternoon,Weekday
Coffee,2017-03-20 12:23:43,Afternoon,Weekday
Hot chocolate,2017-03-20 12:30:41,Afternoon,Weekday
Coffee,2017-03-20 12:30:41,Afternoon,Weekday
Brownie,2017-03-20 12:30:41,Afternoon,Weekday
Muffin,2017-03-20 12:30:41,Afternoon,Weekday
Bread,2017-03-20 12:30:41,Afternoon,Weekday
Coffee,2017-03-20 12:34:07,Afternoon,Weekday
Bread,2017-03-20 12:34:07,Afternoon,Weekday
Sandwich,2017-03-20 12:38:22,Afternoon,Weekday
Coffee,2017-03-20 12:38:22,Afternoon,Weekday
Spanish Brunch,2017-03-20 12:40:11,Afternoon,Weekday
Coffee,2017-03-20 12:40:11,Afternoon,Weekday
Coffee,2017-03-20 12:54:57,Afternoon,Weekday
Toast,2017-03-20 12:54:57,Afternoon,Weekday
Coffee,2017-03-20 13:39:18,Afternoon,Weekday
Muffin,2017-03-20 13:40:04,Afternoon,Weekday
Coffee,2017-03-20 13:46:55,Afternoon,Weekday
Tea,2017-03-20 13:53:18,Afternoon,Weekday
Brownie,2017-03-20 13:53:18,Afternoon,Weekday
Hot chocolate,2017-03-20 14:04:07,Afternoon,Weekday
Tea,2017-03-20 14:04:07,Afternoon,Weekday
Bread,2017-03-20 14:04:07,Afternoon,Weekday
Bread,2017-03-20 14:05:43,Afternoon,Weekday
Salad,2017-03-20 14:05:43,Afternoon,Weekday
Salad,2017-03-20 14:06:43,Afternoon,Weekday
Tea,2017-03-20 14:06:43,Afternoon,Weekday
Coffee,2017-03-20 14:59:23,Afternoon,Weekday
Muffin,2017-03-20 14:59:23,Afternoon,Weekday
Tea,2017-03-20 15:08:07,Afternoon,Weekday
Farm House,2017-03-20 15:25:34,Afternoon,Weekday
Tea,2017-03-20 15:55:32,Afternoon,Weekday
Coffee,2017-03-20 15:55:32,Afternoon,Weekday
Bread,2017-03-20 15:55:32,Afternoon,Weekday
Pastry,2017-03-20 15:55:32,Afternoon,Weekday
Farm House,2017-03-20 16:05:52,Afternoon,Weekday
Coffee,2017-03-20 16:05:52,Afternoon,Weekday
Cookies,2017-03-20 16:05:52,Afternoon,Weekday
Tea,2017-03-20 16:32:06,Afternoon,Weekday
Medialuna,2017-03-20 16:32:06,Afternoon,Weekday
Coffee,2017-03-20 16:33:30,Afternoon,Weekday
Cookies,2017-03-20 16:58:41,Afternoon,Weekday
Coffee,2017-03-20 16:58:41,Afternoon,Weekday
Pastry,2017-03-21 08:20:31,Morning,Weekday
Pastry,2017-03-21 08:30:16,Morning,Weekday
Coffee,2017-03-21 08:30:16,Morning,Weekday
Pastry,2017-03-21 08:56:00,Morning,Weekday
Cake,2017-03-21 08:56:00,Morning,Weekday
Bread,2017-03-21 09:09:04,Morning,Weekday
Scandinavian,2017-03-21 09:09:04,Morning,Weekday
Bread,2017-03-21 09:09:04,Morning,Weekday
Bread,2017-03-21 09:12:25,Morning,Weekday
Coffee,2017-03-21 09:12:25,Morning,Weekday
Coffee,2017-03-21 09:52:11,Morning,Weekday
Toast,2017-03-21 09:52:11,Morning,Weekday
Coffee,2017-03-21 09:53:02,Morning,Weekday
Coffee,2017-03-21 09:54:03,Morning,Weekday
Pastry,2017-03-21 09:54:03,Morning,Weekday
Coffee,2017-03-21 09:54:33,Morning,Weekday
Cookies,2017-03-21 09:59:50,Morning,Weekday
Cake,2017-03-21 09:59:50,Morning,Weekday
Mineral water,2017-03-21 09:59:50,Morning,Weekday
Coffee,2017-03-21 10:40:50,Morning,Weekday
Toast,2017-03-21 10:40:50,Morning,Weekday
Baguette,2017-03-21 10:54:19,Morning,Weekday
Farm House,2017-03-21 10:58:06,Morning,Weekday
Cake,2017-03-21 11:04:33,Morning,Weekday
Tea,2017-03-21 11:04:33,Morning,Weekday
Coffee,2017-03-21 11:04:33,Morning,Weekday
Farm House,2017-03-21 11:12:08,Morning,Weekday
Coffee,2017-03-21 11:12:08,Morning,Weekday
Coffee,2017-03-21 11:18:52,Morning,Weekday
Coffee,2017-03-21 11:18:52,Morning,Weekday
Bread,2017-03-21 11:20:42,Morning,Weekday
Coffee,2017-03-21 12:05:24,Afternoon,Weekday
Muffin,2017-03-21 12:05:24,Afternoon,Weekday
Christmas common,2017-03-21 12:12:56,Afternoon,Weekday
Coffee,2017-03-21 12:41:29,Afternoon,Weekday
Sandwich,2017-03-21 12:41:29,Afternoon,Weekday
Soup,2017-03-21 12:41:29,Afternoon,Weekday
Sandwich,2017-03-21 12:42:28,Afternoon,Weekday
Mineral water,2017-03-21 12:42:28,Afternoon,Weekday
Bread,2017-03-21 12:55:09,Afternoon,Weekday
Coffee,2017-03-21 12:59:19,Afternoon,Weekday
Bread,2017-03-21 12:59:19,Afternoon,Weekday
Spanish Brunch,2017-03-21 12:59:19,Afternoon,Weekday
Sandwich,2017-03-21 12:59:19,Afternoon,Weekday
Bread,2017-03-21 12:59:19,Afternoon,Weekday
Farm House,2017-03-21 12:59:19,Afternoon,Weekday
Coffee,2017-03-21 13:21:56,Afternoon,Weekday
Cake,2017-03-21 13:21:56,Afternoon,Weekday
Coffee,2017-03-21 13:26:40,Afternoon,Weekday
Tea,2017-03-21 13:28:26,Afternoon,Weekday
Soup,2017-03-21 13:28:26,Afternoon,Weekday
Coffee,2017-03-21 13:32:05,Afternoon,Weekday
Cookies,2017-03-21 13:32:05,Afternoon,Weekday
Coffee,2017-03-21 13:54:28,Afternoon,Weekday
Sandwich,2017-03-21 13:54:28,Afternoon,Weekday
Coffee,2017-03-21 13:55:37,Afternoon,Weekday
Coffee,2017-03-21 13:55:37,Afternoon,Weekday
Bread,2017-03-21 13:55:37,Afternoon,Weekday
Jam,2017-03-21 14:08:21,Afternoon,Weekday
Cake,2017-03-21 14:14:44,Afternoon,Weekday
Bread,2017-03-21 14:14:44,Afternoon,Weekday
Sandwich,2017-03-21 14:21:35,Afternoon,Weekday
Coffee,2017-03-21 14:21:35,Afternoon,Weekday
Truffles,2017-03-21 14:23:52,Afternoon,Weekday
Coffee,2017-03-21 14:24:24,Afternoon,Weekday
Truffles,2017-03-21 14:24:24,Afternoon,Weekday
Coffee,2017-03-21 14:35:10,Afternoon,Weekday
Soup,2017-03-21 14:35:10,Afternoon,Weekday
Sandwich,2017-03-21 14:35:10,Afternoon,Weekday
Sandwich,2017-03-21 14:37:02,Afternoon,Weekday
Coffee,2017-03-21 14:37:02,Afternoon,Weekday
Tea,2017-03-21 14:37:02,Afternoon,Weekday
Sandwich,2017-03-21 14:55:09,Afternoon,Weekday
Coffee,2017-03-21 14:55:09,Afternoon,Weekday
Tea,2017-03-21 14:55:09,Afternoon,Weekday
Coffee,2017-03-21 15:01:13,Afternoon,Weekday
Cookies,2017-03-21 15:01:13,Afternoon,Weekday
Coffee,2017-03-21 15:22:57,Afternoon,Weekday
Bread,2017-03-21 15:22:57,Afternoon,Weekday
Muffin,2017-03-21 15:22:57,Afternoon,Weekday
Baguette,2017-03-21 15:22:57,Afternoon,Weekday
Bread,2017-03-21 15:28:53,Afternoon,Weekday
Christmas common,2017-03-21 15:28:53,Afternoon,Weekday
Coffee,2017-03-21 15:34:55,Afternoon,Weekday
Bread,2017-03-21 15:34:55,Afternoon,Weekday
Cookies,2017-03-21 15:34:55,Afternoon,Weekday
Cake,2017-03-21 15:34:55,Afternoon,Weekday
Coffee,2017-03-21 15:35:07,Afternoon,Weekday
Bread,2017-03-21 15:45:37,Afternoon,Weekday
Coffee,2017-03-21 15:46:16,Afternoon,Weekday
Cake,2017-03-21 15:46:16,Afternoon,Weekday
Bread,2017-03-21 15:46:16,Afternoon,Weekday
Half slice Monster ,2017-03-21 15:49:32,Afternoon,Weekday
Juice,2017-03-21 15:49:32,Afternoon,Weekday
Cookies,2017-03-21 15:49:32,Afternoon,Weekday
Coffee,2017-03-21 15:49:32,Afternoon,Weekday
Coffee,2017-03-21 16:05:23,Afternoon,Weekday
Bread,2017-03-21 16:05:23,Afternoon,Weekday
Bread,2017-03-21 16:51:50,Afternoon,Weekday
Tea,2017-03-21 17:24:45,Evening,Weekday
Muffin,2017-03-21 17:24:45,Evening,Weekday
Bread,2017-03-21 17:24:45,Evening,Weekday
Baguette,2017-03-22 08:16:03,Morning,Weekday
Farm House,2017-03-22 08:16:03,Morning,Weekday
Coffee,2017-03-22 08:55:03,Morning,Weekday
Cookies,2017-03-22 09:00:24,Morning,Weekday
Coffee,2017-03-22 09:13:22,Morning,Weekday
Bread,2017-03-22 09:13:22,Morning,Weekday
Brownie,2017-03-22 09:13:22,Morning,Weekday
Coffee,2017-03-22 09:18:53,Morning,Weekday
Sandwich,2017-03-22 09:18:53,Morning,Weekday
Cherry me Dried fruit,2017-03-22 09:27:17,Morning,Weekday
Coffee,2017-03-22 09:27:17,Morning,Weekday
Coffee,2017-03-22 09:33:16,Morning,Weekday
Coffee,2017-03-22 09:36:40,Morning,Weekday
Pastry,2017-03-22 09:36:40,Morning,Weekday
Muffin,2017-03-22 09:36:40,Morning,Weekday
Coke,2017-03-22 09:36:40,Morning,Weekday
Bread,2017-03-22 09:51:42,Morning,Weekday
Coffee,2017-03-22 09:56:12,Morning,Weekday
Scandinavian,2017-03-22 09:56:12,Morning,Weekday
Brownie,2017-03-22 09:56:12,Morning,Weekday
Pastry,2017-03-22 09:56:58,Morning,Weekday
Coffee,2017-03-22 09:56:58,Morning,Weekday
Coffee,2017-03-22 10:12:09,Morning,Weekday
Baguette,2017-03-22 10:17:07,Morning,Weekday
Farm House,2017-03-22 10:30:11,Morning,Weekday
Bread,2017-03-22 10:43:20,Morning,Weekday
Bread,2017-03-22 10:43:20,Morning,Weekday
Bread,2017-03-22 10:52:14,Morning,Weekday
Toast,2017-03-22 10:54:34,Morning,Weekday
Coffee,2017-03-22 10:54:34,Morning,Weekday
Coffee,2017-03-22 11:24:22,Morning,Weekday
Tea,2017-03-22 11:24:22,Morning,Weekday
Cookies,2017-03-22 11:24:22,Morning,Weekday
Tea,2017-03-22 11:26:09,Morning,Weekday
Smoothies,2017-03-22 11:26:09,Morning,Weekday
Farm House,2017-03-22 11:26:39,Morning,Weekday
Coffee,2017-03-22 11:41:26,Morning,Weekday
Bread,2017-03-22 11:48:55,Morning,Weekday
Chicken Stew,2017-03-22 12:10:11,Afternoon,Weekday
Juice,2017-03-22 12:10:11,Afternoon,Weekday
Coffee,2017-03-22 12:17:41,Afternoon,Weekday
Bread,2017-03-22 12:17:41,Afternoon,Weekday
Sandwich,2017-03-22 12:17:41,Afternoon,Weekday
Bread,2017-03-22 12:21:50,Afternoon,Weekday
Coffee,2017-03-22 12:25:38,Afternoon,Weekday
Toast,2017-03-22 12:25:38,Afternoon,Weekday
Soup,2017-03-22 12:27:13,Afternoon,Weekday
Cake,2017-03-22 12:27:13,Afternoon,Weekday
Coffee,2017-03-22 12:27:13,Afternoon,Weekday
Coffee,2017-03-22 12:27:13,Afternoon,Weekday
Coffee,2017-03-22 12:31:37,Afternoon,Weekday
Toast,2017-03-22 12:31:37,Afternoon,Weekday
Granola,2017-03-22 12:32:46,Afternoon,Weekday
Spanish Brunch,2017-03-22 12:32:46,Afternoon,Weekday
Bread,2017-03-22 12:32:46,Afternoon,Weekday
Mineral water,2017-03-22 12:32:46,Afternoon,Weekday
Tea,2017-03-22 12:32:46,Afternoon,Weekday
Bread,2017-03-22 12:38:01,Afternoon,Weekday
Sandwich,2017-03-22 12:48:14,Afternoon,Weekday
Coke,2017-03-22 12:48:14,Afternoon,Weekday
Soup,2017-03-22 12:48:41,Afternoon,Weekday
Coffee,2017-03-22 12:48:41,Afternoon,Weekday
Bread,2017-03-22 12:57:59,Afternoon,Weekday
Coffee,2017-03-22 13:20:21,Afternoon,Weekday
Coffee,2017-03-22 13:20:21,Afternoon,Weekday
Coffee,2017-03-22 13:52:06,Afternoon,Weekday
Coffee,2017-03-22 13:52:06,Afternoon,Weekday
Sandwich,2017-03-22 13:52:06,Afternoon,Weekday
Coffee,2017-03-22 14:12:36,Afternoon,Weekday
Tea,2017-03-22 14:12:36,Afternoon,Weekday
Cake,2017-03-22 14:12:36,Afternoon,Weekday
Bread,2017-03-22 14:12:36,Afternoon,Weekday
Pastry,2017-03-22 14:13:57,Afternoon,Weekday
Juice,2017-03-22 14:13:57,Afternoon,Weekday
Soup,2017-03-22 14:14:41,Afternoon,Weekday
Jam,2017-03-22 14:14:41,Afternoon,Weekday
Coffee,2017-03-22 14:16:48,Afternoon,Weekday
Coffee,2017-03-22 14:16:48,Afternoon,Weekday
Tea,2017-03-22 14:16:48,Afternoon,Weekday
Salad,2017-03-22 14:16:48,Afternoon,Weekday
Spanish Brunch,2017-03-22 14:16:48,Afternoon,Weekday
Bread,2017-03-22 14:17:59,Afternoon,Weekday
Pastry,2017-03-22 14:19:00,Afternoon,Weekday
Bread,2017-03-22 14:37:12,Afternoon,Weekday
Cake,2017-03-22 14:37:12,Afternoon,Weekday
Bread,2017-03-22 14:37:12,Afternoon,Weekday
Juice,2017-03-22 14:37:12,Afternoon,Weekday
Coffee,2017-03-22 14:37:12,Afternoon,Weekday
Mortimer,2017-03-22 14:57:31,Afternoon,Weekday
Coffee,2017-03-22 15:15:29,Afternoon,Weekday
Coffee,2017-03-22 15:53:40,Afternoon,Weekday
Coffee,2017-03-22 15:53:40,Afternoon,Weekday
Coke,2017-03-22 15:56:58,Afternoon,Weekday
Truffles,2017-03-22 16:04:20,Afternoon,Weekday
Juice,2017-03-22 16:04:20,Afternoon,Weekday
Coffee,2017-03-22 16:06:14,Afternoon,Weekday
Tea,2017-03-22 16:06:14,Afternoon,Weekday
Soup,2017-03-22 16:06:14,Afternoon,Weekday
Bread,2017-03-22 16:06:14,Afternoon,Weekday
Coffee,2017-03-22 16:25:42,Afternoon,Weekday
Juice,2017-03-22 17:04:07,Evening,Weekday
Tea,2017-03-22 17:04:07,Evening,Weekday
Cookies,2017-03-22 17:04:07,Evening,Weekday
Bread,2017-03-22 17:04:07,Evening,Weekday
Jam,2017-03-22 17:04:07,Evening,Weekday
Coffee,2017-03-23 08:26:51,Morning,Weekday
Coffee,2017-03-23 08:30:08,Morning,Weekday
Pastry,2017-03-23 08:30:08,Morning,Weekday
Bread,2017-03-23 08:51:46,Morning,Weekday
Pastry,2017-03-23 08:51:46,Morning,Weekday
Coffee,2017-03-23 09:11:31,Morning,Weekday
Coffee,2017-03-23 09:22:47,Morning,Weekday
Bread,2017-03-23 09:35:44,Morning,Weekday
Coffee,2017-03-23 09:52:27,Morning,Weekday
Bread,2017-03-23 10:14:22,Morning,Weekday
Coffee,2017-03-23 10:16:00,Morning,Weekday
Coffee,2017-03-23 10:16:00,Morning,Weekday
Bread,2017-03-23 10:16:00,Morning,Weekday
Pastry,2017-03-23 10:16:00,Morning,Weekday
Cake,2017-03-23 10:18:01,Morning,Weekday
Bread,2017-03-23 10:37:19,Morning,Weekday
Juice,2017-03-23 10:46:42,Morning,Weekday
Tiffin,2017-03-23 10:46:42,Morning,Weekday
Coffee,2017-03-23 10:49:10,Morning,Weekday
Brownie,2017-03-23 10:49:10,Morning,Weekday
Cookies,2017-03-23 10:49:10,Morning,Weekday
Cookies,2017-03-23 10:52:01,Morning,Weekday
Pastry,2017-03-23 10:52:01,Morning,Weekday
Tea,2017-03-23 10:52:01,Morning,Weekday
Juice,2017-03-23 10:56:06,Morning,Weekday
Bread,2017-03-23 10:56:06,Morning,Weekday
Coffee,2017-03-23 11:01:32,Morning,Weekday
Toast,2017-03-23 11:01:32,Morning,Weekday
Bread,2017-03-23 11:01:32,Morning,Weekday
Bread,2017-03-23 11:15:08,Morning,Weekday
Juice,2017-03-23 11:25:04,Morning,Weekday
Hot chocolate,2017-03-23 11:25:04,Morning,Weekday
Coffee,2017-03-23 11:25:04,Morning,Weekday
Cake,2017-03-23 11:25:04,Morning,Weekday
Bread,2017-03-23 11:29:55,Morning,Weekday
Brownie,2017-03-23 11:29:55,Morning,Weekday
Pastry,2017-03-23 11:30:23,Morning,Weekday
Coffee,2017-03-23 11:30:23,Morning,Weekday
Bread,2017-03-23 11:33:54,Morning,Weekday
Tiffin,2017-03-23 11:33:54,Morning,Weekday
Brownie,2017-03-23 11:33:54,Morning,Weekday
Bread,2017-03-23 11:33:54,Morning,Weekday
Farm House,2017-03-23 11:33:54,Morning,Weekday
Bread,2017-03-23 11:44:27,Morning,Weekday
Sandwich,2017-03-23 11:44:27,Morning,Weekday
Bread,2017-03-23 12:16:36,Afternoon,Weekday
Brownie,2017-03-23 12:18:08,Afternoon,Weekday
Bread,2017-03-23 12:31:09,Afternoon,Weekday
Soup,2017-03-23 12:42:52,Afternoon,Weekday
Sandwich,2017-03-23 12:42:52,Afternoon,Weekday
Mineral water,2017-03-23 12:42:52,Afternoon,Weekday
Juice,2017-03-23 12:42:52,Afternoon,Weekday
Coffee,2017-03-23 12:42:52,Afternoon,Weekday
Pastry,2017-03-23 12:46:12,Afternoon,Weekday
Coffee,2017-03-23 12:46:12,Afternoon,Weekday
Cake,2017-03-23 12:48:02,Afternoon,Weekday
Chicken Stew,2017-03-23 12:48:02,Afternoon,Weekday
Soup,2017-03-23 12:48:02,Afternoon,Weekday
Bread,2017-03-23 12:48:02,Afternoon,Weekday
Coffee,2017-03-23 13:06:25,Afternoon,Weekday
Chicken Stew,2017-03-23 13:06:25,Afternoon,Weekday
Spanish Brunch,2017-03-23 13:11:35,Afternoon,Weekday
Chicken Stew,2017-03-23 13:11:35,Afternoon,Weekday
Juice,2017-03-23 13:11:35,Afternoon,Weekday
Coffee,2017-03-23 13:16:06,Afternoon,Weekday
Cookies,2017-03-23 13:16:06,Afternoon,Weekday
Bread,2017-03-23 13:16:56,Afternoon,Weekday
Sandwich,2017-03-23 13:16:56,Afternoon,Weekday
Soup,2017-03-23 13:17:35,Afternoon,Weekday
Argentina Night,2017-03-23 13:44:49,Afternoon,Weekday
Bread,2017-03-23 13:44:49,Afternoon,Weekday
Sandwich,2017-03-23 13:44:49,Afternoon,Weekday
Bread,2017-03-23 13:46:24,Afternoon,Weekday
Coffee,2017-03-23 13:46:24,Afternoon,Weekday
Salad,2017-03-23 13:53:17,Afternoon,Weekday
Truffles,2017-03-23 13:53:17,Afternoon,Weekday
Coke,2017-03-23 13:53:17,Afternoon,Weekday
Baguette,2017-03-23 13:53:17,Afternoon,Weekday
Pastry,2017-03-23 14:00:35,Afternoon,Weekday
Medialuna,2017-03-23 14:00:35,Afternoon,Weekday
Medialuna,2017-03-23 14:00:35,Afternoon,Weekday
Tea,2017-03-23 14:01:35,Afternoon,Weekday
Tea,2017-03-23 14:01:35,Afternoon,Weekday
Bread,2017-03-23 14:01:35,Afternoon,Weekday
Soup,2017-03-23 14:01:35,Afternoon,Weekday
Spanish Brunch,2017-03-23 14:01:35,Afternoon,Weekday
Chicken Stew,2017-03-23 14:01:35,Afternoon,Weekday
Sandwich,2017-03-23 14:06:47,Afternoon,Weekday
Spanish Brunch,2017-03-23 14:06:47,Afternoon,Weekday
Coffee,2017-03-23 14:06:47,Afternoon,Weekday
Coffee,2017-03-23 14:06:47,Afternoon,Weekday
Bread,2017-03-23 14:06:47,Afternoon,Weekday
Juice,2017-03-23 14:06:47,Afternoon,Weekday
Nomad bag,2017-03-23 14:06:47,Afternoon,Weekday
Coffee,2017-03-23 14:09:37,Afternoon,Weekday
Tiffin,2017-03-23 14:29:09,Afternoon,Weekday
Coffee,2017-03-23 14:30:20,Afternoon,Weekday
Baguette,2017-03-23 14:38:53,Afternoon,Weekday
Pastry,2017-03-23 14:38:53,Afternoon,Weekday
Pastry,2017-03-23 14:42:39,Afternoon,Weekday
Coffee,2017-03-23 14:42:39,Afternoon,Weekday
Coffee,2017-03-23 14:43:26,Afternoon,Weekday
Bread,2017-03-23 14:43:26,Afternoon,Weekday
Tea,2017-03-23 14:46:34,Afternoon,Weekday
Brownie,2017-03-23 14:46:34,Afternoon,Weekday
Coffee,2017-03-23 14:49:33,Afternoon,Weekday
Cake,2017-03-23 15:07:32,Afternoon,Weekday
Coffee,2017-03-23 15:14:23,Afternoon,Weekday
Coffee,2017-03-23 15:18:08,Afternoon,Weekday
Cake,2017-03-23 15:18:08,Afternoon,Weekday
Bread,2017-03-23 15:19:11,Afternoon,Weekday
Coffee,2017-03-23 15:19:11,Afternoon,Weekday
Truffles,2017-03-23 15:19:11,Afternoon,Weekday
Chicken Stew,2017-03-23 15:19:11,Afternoon,Weekday
Farm House,2017-03-23 15:43:04,Afternoon,Weekday
Bread,2017-03-23 15:48:14,Afternoon,Weekday
Coffee,2017-03-23 15:56:13,Afternoon,Weekday
Hot chocolate,2017-03-23 16:07:04,Afternoon,Weekday
Drinking chocolate spoons ,2017-03-23 16:07:04,Afternoon,Weekday
Tiffin,2017-03-23 16:34:12,Afternoon,Weekday
Smoothies,2017-03-23 16:34:12,Afternoon,Weekday
Coffee,2017-03-23 16:34:12,Afternoon,Weekday
Mortimer,2017-03-23 17:05:04,Evening,Weekday
Cookies,2017-03-24 08:01:27,Morning,Weekday
Brownie,2017-03-24 08:01:27,Morning,Weekday
Coffee,2017-03-24 08:01:27,Morning,Weekday
Tea,2017-03-24 08:54:54,Morning,Weekday
Coffee,2017-03-24 08:54:54,Morning,Weekday
Coffee,2017-03-24 08:54:54,Morning,Weekday
Coffee,2017-03-24 09:04:56,Morning,Weekday
Coffee,2017-03-24 09:10:34,Morning,Weekday
Medialuna,2017-03-24 09:10:34,Morning,Weekday
Coffee,2017-03-24 09:12:47,Morning,Weekday
Farm House,2017-03-24 09:12:47,Morning,Weekday
Baguette,2017-03-24 09:15:00,Morning,Weekday
Bread,2017-03-24 09:18:30,Morning,Weekday
Pastry,2017-03-24 09:18:30,Morning,Weekday
Coffee,2017-03-24 09:50:01,Morning,Weekday
Tea,2017-03-24 10:06:08,Morning,Weekday
Coffee,2017-03-24 10:06:08,Morning,Weekday
Coffee,2017-03-24 10:06:08,Morning,Weekday
Tiffin,2017-03-24 10:18:56,Morning,Weekday
Coffee,2017-03-24 10:18:56,Morning,Weekday
Tea,2017-03-24 10:19:28,Morning,Weekday
Pastry,2017-03-24 10:19:28,Morning,Weekday
Coffee,2017-03-24 10:28:47,Morning,Weekday
Bread,2017-03-24 10:40:06,Morning,Weekday
Baguette,2017-03-24 10:40:06,Morning,Weekday
Coffee,2017-03-24 10:50:59,Morning,Weekday
Juice,2017-03-24 10:50:59,Morning,Weekday
Spanish Brunch,2017-03-24 10:52:44,Morning,Weekday
Bread,2017-03-24 10:52:44,Morning,Weekday
Coffee,2017-03-24 11:02:43,Morning,Weekday
Bread,2017-03-24 11:06:12,Morning,Weekday
Scandinavian,2017-03-24 11:06:12,Morning,Weekday
Pastry,2017-03-24 11:06:12,Morning,Weekday
Coffee,2017-03-24 11:08:52,Morning,Weekday
Cookies,2017-03-24 11:08:52,Morning,Weekday
Scandinavian,2017-03-24 11:08:52,Morning,Weekday
Coffee,2017-03-24 11:13:47,Morning,Weekday
Muffin,2017-03-24 11:13:47,Morning,Weekday
Bread,2017-03-24 11:13:47,Morning,Weekday
Coffee,2017-03-24 11:15:26,Morning,Weekday
Coffee,2017-03-24 11:18:49,Morning,Weekday
Pastry,2017-03-24 11:18:49,Morning,Weekday
Bread,2017-03-24 11:18:49,Morning,Weekday
Coffee,2017-03-24 11:29:38,Morning,Weekday
Coffee,2017-03-24 11:29:38,Morning,Weekday
Coffee,2017-03-24 11:29:38,Morning,Weekday
Tea,2017-03-24 11:29:38,Morning,Weekday
Coffee,2017-03-24 11:31:40,Morning,Weekday
Coffee,2017-03-24 11:31:40,Morning,Weekday
Bread,2017-03-24 11:31:40,Morning,Weekday
Cake,2017-03-24 11:31:40,Morning,Weekday
Baguette,2017-03-24 11:32:31,Morning,Weekday
Coffee,2017-03-24 11:34:03,Morning,Weekday
Pastry,2017-03-24 11:34:03,Morning,Weekday
Bread,2017-03-24 11:46:37,Morning,Weekday
Coffee,2017-03-24 11:50:26,Morning,Weekday
Coffee,2017-03-24 11:50:26,Morning,Weekday
Brownie,2017-03-24 11:50:26,Morning,Weekday
Bread,2017-03-24 11:57:06,Morning,Weekday
Tiffin,2017-03-24 11:57:06,Morning,Weekday
Bread,2017-03-24 12:07:54,Afternoon,Weekday
Cookies,2017-03-24 12:27:59,Afternoon,Weekday
Bread,2017-03-24 12:27:59,Afternoon,Weekday
Coffee,2017-03-24 12:40:43,Afternoon,Weekday
Bread,2017-03-24 12:47:11,Afternoon,Weekday
Muffin,2017-03-24 12:47:11,Afternoon,Weekday
Tiffin,2017-03-24 12:51:02,Afternoon,Weekday
Chicken Stew,2017-03-24 12:51:02,Afternoon,Weekday
Bread,2017-03-24 12:51:02,Afternoon,Weekday
Bread,2017-03-24 12:53:28,Afternoon,Weekday
Chicken Stew,2017-03-24 12:53:28,Afternoon,Weekday
Coffee,2017-03-24 12:59:29,Afternoon,Weekday
Coffee,2017-03-24 12:59:29,Afternoon,Weekday
Spanish Brunch,2017-03-24 12:59:29,Afternoon,Weekday
Salad,2017-03-24 13:04:28,Afternoon,Weekday
Bread,2017-03-24 13:37:04,Afternoon,Weekday
Coffee,2017-03-24 13:47:08,Afternoon,Weekday
Sandwich,2017-03-24 13:47:08,Afternoon,Weekday
Coffee,2017-03-24 13:49:41,Afternoon,Weekday
Hot chocolate,2017-03-24 13:49:41,Afternoon,Weekday
Toast,2017-03-24 13:49:41,Afternoon,Weekday
Sandwich,2017-03-24 13:49:41,Afternoon,Weekday
Soup,2017-03-24 13:49:41,Afternoon,Weekday
Cake,2017-03-24 13:49:41,Afternoon,Weekday
Coffee,2017-03-24 13:58:45,Afternoon,Weekday
Muffin,2017-03-24 14:12:11,Afternoon,Weekday
Cake,2017-03-24 14:12:11,Afternoon,Weekday
Cookies,2017-03-24 14:13:56,Afternoon,Weekday
Cake,2017-03-24 14:13:56,Afternoon,Weekday
Coffee,2017-03-24 14:13:56,Afternoon,Weekday
Coffee,2017-03-24 14:13:56,Afternoon,Weekday
Coffee,2017-03-24 14:27:30,Afternoon,Weekday
Truffles,2017-03-24 14:27:30,Afternoon,Weekday
Soup,2017-03-24 14:27:30,Afternoon,Weekday
Sandwich,2017-03-24 14:27:30,Afternoon,Weekday
Spanish Brunch,2017-03-24 14:37:19,Afternoon,Weekday
Bread,2017-03-24 14:37:19,Afternoon,Weekday
Mineral water,2017-03-24 14:44:56,Afternoon,Weekday
Truffles,2017-03-24 14:44:56,Afternoon,Weekday
Jam,2017-03-24 14:46:00,Afternoon,Weekday
Jam,2017-03-24 14:46:00,Afternoon,Weekday
Coffee,2017-03-24 14:49:20,Afternoon,Weekday
Toast,2017-03-24 14:49:20,Afternoon,Weekday
Spanish Brunch,2017-03-24 15:24:22,Afternoon,Weekday
Baguette,2017-03-24 15:24:22,Afternoon,Weekday
Coffee,2017-03-24 15:27:27,Afternoon,Weekday
Juice,2017-03-24 15:27:27,Afternoon,Weekday
Cake,2017-03-24 15:27:27,Afternoon,Weekday
Brownie,2017-03-24 15:44:45,Afternoon,Weekday
Coffee,2017-03-24 15:44:45,Afternoon,Weekday
Coffee,2017-03-24 15:44:45,Afternoon,Weekday
Tea,2017-03-24 15:54:36,Afternoon,Weekday
Cake,2017-03-24 15:54:36,Afternoon,Weekday
Bread,2017-03-24 15:54:36,Afternoon,Weekday
Bread,2017-03-24 16:05:47,Afternoon,Weekday
Bread,2017-03-24 16:05:47,Afternoon,Weekday
Eggs,2017-03-24 16:05:47,Afternoon,Weekday
Tea,2017-03-24 16:07:57,Afternoon,Weekday
Juice,2017-03-24 16:07:57,Afternoon,Weekday
Cookies,2017-03-24 16:07:57,Afternoon,Weekday
Coffee,2017-03-24 16:15:02,Afternoon,Weekday
Coffee,2017-03-24 16:15:02,Afternoon,Weekday
Cake,2017-03-24 16:15:02,Afternoon,Weekday
Bread,2017-03-24 16:15:02,Afternoon,Weekday
Coffee,2017-03-24 16:31:13,Afternoon,Weekday
Cake,2017-03-24 16:31:13,Afternoon,Weekday
Tiffin,2017-03-24 16:39:25,Afternoon,Weekday
Truffles,2017-03-24 16:39:25,Afternoon,Weekday
Coffee,2017-03-24 16:39:25,Afternoon,Weekday
Tea,2017-03-24 16:56:08,Afternoon,Weekday
Truffles,2017-03-24 16:56:08,Afternoon,Weekday
Bread,2017-03-25 08:17:14,Morning,Weekend
Coffee,2017-03-25 08:18:32,Morning,Weekend
Coffee,2017-03-25 08:40:25,Morning,Weekend
Baguette,2017-03-25 08:40:25,Morning,Weekend
Coffee,2017-03-25 08:54:35,Morning,Weekend
Toast,2017-03-25 08:54:35,Morning,Weekend
Juice,2017-03-25 08:56:00,Morning,Weekend
Coffee,2017-03-25 08:56:00,Morning,Weekend
Bread,2017-03-25 08:56:00,Morning,Weekend
Spanish Brunch,2017-03-25 08:56:00,Morning,Weekend
Farm House,2017-03-25 09:03:45,Morning,Weekend
Bread,2017-03-25 09:05:24,Morning,Weekend
Cake,2017-03-25 09:05:24,Morning,Weekend
Pastry,2017-03-25 09:05:24,Morning,Weekend
Coffee,2017-03-25 09:06:44,Morning,Weekend
Bread,2017-03-25 09:29:49,Morning,Weekend
Pastry,2017-03-25 09:29:49,Morning,Weekend
Farm House,2017-03-25 09:37:53,Morning,Weekend
Cookies,2017-03-25 09:37:53,Morning,Weekend
Pastry,2017-03-25 09:39:39,Morning,Weekend
Baguette,2017-03-25 09:41:05,Morning,Weekend
Farm House,2017-03-25 09:41:05,Morning,Weekend
Jammie Dodgers,2017-03-25 09:47:14,Morning,Weekend
Tea,2017-03-25 09:47:14,Morning,Weekend
Bread,2017-03-25 09:49:51,Morning,Weekend
Scandinavian,2017-03-25 09:49:51,Morning,Weekend
Bread,2017-03-25 09:51:22,Morning,Weekend
Pastry,2017-03-25 09:51:22,Morning,Weekend
Coffee,2017-03-25 09:53:20,Morning,Weekend
Muffin,2017-03-25 09:53:20,Morning,Weekend
Scandinavian,2017-03-25 10:04:58,Morning,Weekend
Baguette,2017-03-25 10:04:58,Morning,Weekend
Muffin,2017-03-25 10:04:58,Morning,Weekend
Cake,2017-03-25 10:04:58,Morning,Weekend
Pastry,2017-03-25 10:07:29,Morning,Weekend
Jammie Dodgers,2017-03-25 10:07:29,Morning,Weekend
Cookies,2017-03-25 10:07:29,Morning,Weekend
Bread,2017-03-25 10:09:54,Morning,Weekend
Hot chocolate,2017-03-25 10:09:54,Morning,Weekend
Hot chocolate,2017-03-25 10:09:54,Morning,Weekend
Drinking chocolate spoons ,2017-03-25 10:09:54,Morning,Weekend
Muffin,2017-03-25 10:09:54,Morning,Weekend
Pastry,2017-03-25 10:09:54,Morning,Weekend
Scandinavian,2017-03-25 10:10:44,Morning,Weekend
Bread,2017-03-25 10:12:05,Morning,Weekend
Bread,2017-03-25 10:12:05,Morning,Weekend
Coffee,2017-03-25 10:14:49,Morning,Weekend
Cake,2017-03-25 10:14:49,Morning,Weekend
Bread,2017-03-25 10:17:28,Morning,Weekend
Bread,2017-03-25 10:36:06,Morning,Weekend
Pastry,2017-03-25 10:36:06,Morning,Weekend
Pastry,2017-03-25 10:36:06,Morning,Weekend
Bread,2017-03-25 10:36:37,Morning,Weekend
Bread,2017-03-25 10:42:46,Morning,Weekend
Coffee,2017-03-25 10:43:52,Morning,Weekend
Spanish Brunch,2017-03-25 10:58:08,Morning,Weekend
Coffee,2017-03-25 10:58:08,Morning,Weekend
Coffee,2017-03-25 11:00:25,Morning,Weekend
Juice,2017-03-25 11:00:25,Morning,Weekend
Jammie Dodgers,2017-03-25 11:00:25,Morning,Weekend
Cookies,2017-03-25 11:00:25,Morning,Weekend
Muffin,2017-03-25 11:02:14,Morning,Weekend
Pastry,2017-03-25 11:02:14,Morning,Weekend
Bread,2017-03-25 11:02:14,Morning,Weekend
Coffee,2017-03-25 11:02:52,Morning,Weekend
Coffee,2017-03-25 11:04:26,Morning,Weekend
Juice,2017-03-25 11:04:26,Morning,Weekend
Pastry,2017-03-25 11:04:26,Morning,Weekend
Hot chocolate,2017-03-25 11:05:39,Morning,Weekend
Coffee,2017-03-25 11:05:39,Morning,Weekend
Bread,2017-03-25 11:05:39,Morning,Weekend
Scandinavian,2017-03-25 11:05:39,Morning,Weekend
Cookies,2017-03-25 11:05:39,Morning,Weekend
Tiffin,2017-03-25 11:06:56,Morning,Weekend
Coffee,2017-03-25 11:06:56,Morning,Weekend
Bread,2017-03-25 11:06:56,Morning,Weekend
Coffee,2017-03-25 11:11:17,Morning,Weekend
Coffee,2017-03-25 11:11:17,Morning,Weekend
Pastry,2017-03-25 11:11:17,Morning,Weekend
Coffee,2017-03-25 11:13:02,Morning,Weekend
Bread,2017-03-25 11:13:02,Morning,Weekend
Cake,2017-03-25 11:13:02,Morning,Weekend
Farm House,2017-03-25 11:21:36,Morning,Weekend
Coffee granules ,2017-03-25 11:21:36,Morning,Weekend
Coffee,2017-03-25 11:35:41,Morning,Weekend
Bread,2017-03-25 11:35:41,Morning,Weekend
Muffin,2017-03-25 11:35:41,Morning,Weekend
Bread,2017-03-25 11:36:46,Morning,Weekend
Coffee,2017-03-25 11:41:48,Morning,Weekend
Muffin,2017-03-25 11:41:48,Morning,Weekend
Cake,2017-03-25 11:41:48,Morning,Weekend
Pastry,2017-03-25 11:41:48,Morning,Weekend
Spanish Brunch,2017-03-25 11:41:48,Morning,Weekend
Smoothies,2017-03-25 11:41:48,Morning,Weekend
Duck egg,2017-03-25 11:44:00,Morning,Weekend
Spanish Brunch,2017-03-25 11:44:00,Morning,Weekend
Coffee,2017-03-25 11:44:00,Morning,Weekend
Scandinavian,2017-03-25 11:50:59,Morning,Weekend
Cookies,2017-03-25 11:51:41,Morning,Weekend
Muffin,2017-03-25 11:51:41,Morning,Weekend
Pastry,2017-03-25 11:51:41,Morning,Weekend
Muffin,2017-03-25 11:53:37,Morning,Weekend
Juice,2017-03-25 11:53:37,Morning,Weekend
Smoothies,2017-03-25 11:53:37,Morning,Weekend
Bread,2017-03-25 11:58:40,Morning,Weekend
Cake,2017-03-25 11:58:40,Morning,Weekend
Coffee,2017-03-25 11:59:20,Morning,Weekend
Cookies,2017-03-25 12:00:59,Afternoon,Weekend
Scandinavian,2017-03-25 12:02:06,Afternoon,Weekend
Eggs,2017-03-25 12:02:06,Afternoon,Weekend
Bread,2017-03-25 12:05:56,Afternoon,Weekend
The Nomad,2017-03-25 12:16:23,Afternoon,Weekend
Cake,2017-03-25 12:19:15,Afternoon,Weekend
Scandinavian,2017-03-25 12:19:15,Afternoon,Weekend
Coffee,2017-03-25 12:19:15,Afternoon,Weekend
Coffee,2017-03-25 12:19:15,Afternoon,Weekend
Bread,2017-03-25 12:24:30,Afternoon,Weekend
Cake,2017-03-25 12:24:30,Afternoon,Weekend
Juice,2017-03-25 12:24:30,Afternoon,Weekend
Muffin,2017-03-25 12:29:04,Afternoon,Weekend
Coffee,2017-03-25 12:31:06,Afternoon,Weekend
Sandwich,2017-03-25 12:31:06,Afternoon,Weekend
Bread,2017-03-25 12:36:15,Afternoon,Weekend
Coffee,2017-03-25 12:38:34,Afternoon,Weekend
Salad,2017-03-25 12:38:34,Afternoon,Weekend
Juice,2017-03-25 12:47:16,Afternoon,Weekend
Tea,2017-03-25 12:48:55,Afternoon,Weekend
Bread,2017-03-25 12:49:53,Afternoon,Weekend
Coffee,2017-03-25 12:50:57,Afternoon,Weekend
Coffee,2017-03-25 12:50:57,Afternoon,Weekend
Spanish Brunch,2017-03-25 12:52:53,Afternoon,Weekend
Tea,2017-03-25 12:52:53,Afternoon,Weekend
Juice,2017-03-25 12:52:53,Afternoon,Weekend
Coffee,2017-03-25 12:52:53,Afternoon,Weekend
Truffles,2017-03-25 12:57:42,Afternoon,Weekend
Mineral water,2017-03-25 12:57:42,Afternoon,Weekend
Soup,2017-03-25 12:57:42,Afternoon,Weekend
Coke,2017-03-25 13:07:20,Afternoon,Weekend
Salad,2017-03-25 13:08:08,Afternoon,Weekend
Soup,2017-03-25 13:08:08,Afternoon,Weekend
Smoothies,2017-03-25 13:08:08,Afternoon,Weekend
Coffee,2017-03-25 13:11:01,Afternoon,Weekend
Coffee,2017-03-25 13:11:01,Afternoon,Weekend
Soup,2017-03-25 13:11:01,Afternoon,Weekend
Spanish Brunch,2017-03-25 13:11:01,Afternoon,Weekend
Coffee,2017-03-25 13:12:07,Afternoon,Weekend
Bread,2017-03-25 13:12:07,Afternoon,Weekend
Cake,2017-03-25 13:12:07,Afternoon,Weekend
Mineral water,2017-03-25 13:13:19,Afternoon,Weekend
Coffee,2017-03-25 13:19:43,Afternoon,Weekend
Bread,2017-03-25 13:19:43,Afternoon,Weekend
Bread,2017-03-25 13:27:38,Afternoon,Weekend
Coffee,2017-03-25 13:35:27,Afternoon,Weekend
Pastry,2017-03-25 13:35:27,Afternoon,Weekend
Hot chocolate,2017-03-25 13:38:53,Afternoon,Weekend
Smoothies,2017-03-25 13:38:53,Afternoon,Weekend
Spanish Brunch,2017-03-25 13:38:53,Afternoon,Weekend
Coffee,2017-03-25 13:43:16,Afternoon,Weekend
Bread,2017-03-25 13:43:16,Afternoon,Weekend
Truffles,2017-03-25 13:43:16,Afternoon,Weekend
Spanish Brunch,2017-03-25 13:43:16,Afternoon,Weekend
Sandwich,2017-03-25 13:43:16,Afternoon,Weekend
Sandwich,2017-03-25 13:43:16,Afternoon,Weekend
Jammie Dodgers,2017-03-25 13:43:16,Afternoon,Weekend
Cake,2017-03-25 13:43:16,Afternoon,Weekend
Coke,2017-03-25 13:44:16,Afternoon,Weekend
Coffee,2017-03-25 13:44:16,Afternoon,Weekend
Coffee,2017-03-25 13:44:16,Afternoon,Weekend
Hot chocolate,2017-03-25 13:44:16,Afternoon,Weekend
Cake,2017-03-25 13:49:26,Afternoon,Weekend
Spanish Brunch,2017-03-25 13:56:28,Afternoon,Weekend
Coffee,2017-03-25 13:56:28,Afternoon,Weekend
Bread,2017-03-25 14:01:59,Afternoon,Weekend
Coffee,2017-03-25 14:07:23,Afternoon,Weekend
Tea,2017-03-25 14:20:21,Afternoon,Weekend
Coke,2017-03-25 14:20:21,Afternoon,Weekend
Cake,2017-03-25 14:20:21,Afternoon,Weekend
Bread,2017-03-25 14:21:15,Afternoon,Weekend
Tea,2017-03-25 14:21:15,Afternoon,Weekend
Coffee,2017-03-25 14:23:15,Afternoon,Weekend
Bread,2017-03-25 14:23:15,Afternoon,Weekend
Cake,2017-03-25 14:23:15,Afternoon,Weekend
Bread,2017-03-25 14:24:06,Afternoon,Weekend
Coffee,2017-03-25 14:28:00,Afternoon,Weekend
Salad,2017-03-25 14:28:00,Afternoon,Weekend
Extra Salami or Feta,2017-03-25 14:28:00,Afternoon,Weekend
Coffee,2017-03-25 14:29:13,Afternoon,Weekend
Coffee,2017-03-25 14:29:13,Afternoon,Weekend
Sandwich,2017-03-25 14:29:13,Afternoon,Weekend
Sandwich,2017-03-25 14:29:13,Afternoon,Weekend
Sandwich,2017-03-25 14:30:11,Afternoon,Weekend
Hot chocolate,2017-03-25 14:31:33,Afternoon,Weekend
Coffee,2017-03-25 14:31:33,Afternoon,Weekend
Muffin,2017-03-25 14:31:33,Afternoon,Weekend
Bread,2017-03-25 14:33:20,Afternoon,Weekend
Coffee,2017-03-25 14:41:56,Afternoon,Weekend
Salad,2017-03-25 14:41:56,Afternoon,Weekend
Coffee,2017-03-25 14:43:32,Afternoon,Weekend
Salad,2017-03-25 14:43:32,Afternoon,Weekend
Sandwich,2017-03-25 14:59:58,Afternoon,Weekend
Bread,2017-03-25 14:59:58,Afternoon,Weekend
Coffee,2017-03-25 14:59:58,Afternoon,Weekend
Hot chocolate,2017-03-25 15:22:29,Afternoon,Weekend
Cake,2017-03-25 15:22:29,Afternoon,Weekend
Coffee,2017-03-25 15:25:11,Afternoon,Weekend
Smoothies,2017-03-25 15:25:11,Afternoon,Weekend
Cake,2017-03-25 15:25:11,Afternoon,Weekend
Bread,2017-03-25 15:25:11,Afternoon,Weekend
Bread,2017-03-25 15:25:34,Afternoon,Weekend
Cake,2017-03-25 15:31:29,Afternoon,Weekend
Half slice Monster ,2017-03-25 15:31:29,Afternoon,Weekend
Coffee,2017-03-25 15:35:21,Afternoon,Weekend
Juice,2017-03-25 15:35:21,Afternoon,Weekend
Juice,2017-03-25 15:35:21,Afternoon,Weekend
Spanish Brunch,2017-03-25 15:35:21,Afternoon,Weekend
Chicken Stew,2017-03-25 15:35:21,Afternoon,Weekend
The Nomad,2017-03-25 15:35:21,Afternoon,Weekend
Coke,2017-03-25 15:35:21,Afternoon,Weekend
Tea,2017-03-25 15:36:40,Afternoon,Weekend
Coffee,2017-03-25 15:40:32,Afternoon,Weekend
Cake,2017-03-25 15:40:32,Afternoon,Weekend
Coffee,2017-03-25 15:48:42,Afternoon,Weekend
Coffee,2017-03-25 15:48:42,Afternoon,Weekend
Tea,2017-03-25 15:48:42,Afternoon,Weekend
Truffles,2017-03-25 15:50:43,Afternoon,Weekend
Coffee,2017-03-25 16:11:33,Afternoon,Weekend
Coffee,2017-03-25 16:11:33,Afternoon,Weekend
Cake,2017-03-25 16:11:33,Afternoon,Weekend
Muffin,2017-03-25 16:11:33,Afternoon,Weekend
Bread,2017-03-25 16:13:16,Afternoon,Weekend
Bread,2017-03-25 16:17:18,Afternoon,Weekend
Bread,2017-03-25 16:31:03,Afternoon,Weekend
Cookies,2017-03-25 16:31:03,Afternoon,Weekend
Jammie Dodgers,2017-03-25 16:31:03,Afternoon,Weekend
Mineral water,2017-03-25 16:53:58,Afternoon,Weekend
Hot chocolate,2017-03-25 16:56:55,Afternoon,Weekend
Tea,2017-03-25 16:56:55,Afternoon,Weekend
Truffles,2017-03-25 16:56:55,Afternoon,Weekend
Cake,2017-03-25 16:56:55,Afternoon,Weekend
Muffin,2017-03-25 16:56:55,Afternoon,Weekend
Bread,2017-03-25 17:09:03,Evening,Weekend
Coffee,2017-03-25 17:09:03,Evening,Weekend
Juice,2017-03-25 17:09:03,Evening,Weekend
Cake,2017-03-25 17:09:03,Evening,Weekend
Mortimer,2017-03-25 17:15:48,Evening,Weekend
Coffee granules ,2017-03-25 17:15:48,Evening,Weekend
Medialuna,2017-03-26 09:08:01,Morning,Weekend
Bread,2017-03-26 09:08:01,Morning,Weekend
Bread,2017-03-26 09:13:45,Morning,Weekend
Jam,2017-03-26 09:13:45,Morning,Weekend
Coffee,2017-03-26 09:17:30,Morning,Weekend
Medialuna,2017-03-26 09:17:30,Morning,Weekend
Coffee,2017-03-26 09:23:11,Morning,Weekend
Medialuna,2017-03-26 09:23:11,Morning,Weekend
Medialuna,2017-03-26 09:23:38,Morning,Weekend
Coffee,2017-03-26 09:23:38,Morning,Weekend
Pastry,2017-03-26 09:30:22,Morning,Weekend
Medialuna,2017-03-26 09:39:45,Morning,Weekend
Coffee,2017-03-26 09:39:45,Morning,Weekend
Coffee,2017-03-26 09:46:10,Morning,Weekend
Sandwich,2017-03-26 09:46:10,Morning,Weekend
Sandwich,2017-03-26 09:46:10,Morning,Weekend
Medialuna,2017-03-26 09:46:10,Morning,Weekend
Medialuna,2017-03-26 10:13:07,Morning,Weekend
Bread,2017-03-26 10:13:07,Morning,Weekend
Cake,2017-03-26 10:13:07,Morning,Weekend
Muffin,2017-03-26 10:13:07,Morning,Weekend
Granola,2017-03-26 10:13:07,Morning,Weekend
Sandwich,2017-03-26 10:13:07,Morning,Weekend
Coffee,2017-03-26 10:13:07,Morning,Weekend
Hot chocolate,2017-03-26 10:13:07,Morning,Weekend
Tea,2017-03-26 10:13:07,Morning,Weekend
Muffin,2017-03-26 10:16:47,Morning,Weekend
Jam,2017-03-26 10:38:51,Morning,Weekend
Bread,2017-03-26 10:38:51,Morning,Weekend
Coffee,2017-03-26 10:42:26,Morning,Weekend
Bread,2017-03-26 10:58:09,Morning,Weekend
Cake,2017-03-26 10:58:09,Morning,Weekend
Spanish Brunch,2017-03-26 10:58:09,Morning,Weekend
Spanish Brunch,2017-03-26 11:01:00,Morning,Weekend
Juice,2017-03-26 11:01:00,Morning,Weekend
Coffee,2017-03-26 11:01:00,Morning,Weekend
Bread,2017-03-26 11:05:58,Morning,Weekend
Bread,2017-03-26 11:06:47,Morning,Weekend
Bread,2017-03-26 11:06:47,Morning,Weekend
Pastry,2017-03-26 11:09:44,Morning,Weekend
Pastry,2017-03-26 11:09:44,Morning,Weekend
Coffee,2017-03-26 11:16:59,Morning,Weekend
Coffee,2017-03-26 11:29:00,Morning,Weekend
Bread,2017-03-26 11:29:00,Morning,Weekend
Coffee,2017-03-26 11:29:00,Morning,Weekend
Pastry,2017-03-26 11:29:00,Morning,Weekend
Muffin,2017-03-26 11:38:01,Morning,Weekend
Cake,2017-03-26 11:38:01,Morning,Weekend
Coffee,2017-03-26 11:38:01,Morning,Weekend
Tea,2017-03-26 11:38:01,Morning,Weekend
Bread,2017-03-26 11:38:59,Morning,Weekend
Baguette,2017-03-26 11:38:59,Morning,Weekend
Coffee,2017-03-26 11:43:27,Morning,Weekend
Coffee,2017-03-26 11:43:27,Morning,Weekend
Spanish Brunch,2017-03-26 11:43:27,Morning,Weekend
Extra Salami or Feta,2017-03-26 11:43:27,Morning,Weekend
Toast,2017-03-26 11:43:27,Morning,Weekend
Coffee,2017-03-26 11:44:46,Morning,Weekend
Coffee,2017-03-26 11:44:46,Morning,Weekend
Cake,2017-03-26 11:44:46,Morning,Weekend
Bread,2017-03-26 11:46:51,Morning,Weekend
Coffee,2017-03-26 11:52:52,Morning,Weekend
Coffee,2017-03-26 11:52:52,Morning,Weekend
Sandwich,2017-03-26 11:52:52,Morning,Weekend
Pastry,2017-03-26 11:52:52,Morning,Weekend
Bread,2017-03-26 11:58:46,Morning,Weekend
Coffee,2017-03-26 12:05:24,Afternoon,Weekend
Coffee,2017-03-26 12:21:45,Afternoon,Weekend
Baguette,2017-03-26 12:22:30,Afternoon,Weekend
Smoothies,2017-03-26 12:29:52,Afternoon,Weekend
Bread,2017-03-26 12:29:52,Afternoon,Weekend
Bread,2017-03-26 12:30:33,Afternoon,Weekend
Bread,2017-03-26 12:31:29,Afternoon,Weekend
Spanish Brunch,2017-03-26 12:34:10,Afternoon,Weekend
Juice,2017-03-26 12:34:10,Afternoon,Weekend
Coffee,2017-03-26 12:34:10,Afternoon,Weekend
Medialuna,2017-03-26 12:34:10,Afternoon,Weekend
Cake,2017-03-26 12:34:10,Afternoon,Weekend
Truffles,2017-03-26 12:39:27,Afternoon,Weekend
Toast,2017-03-26 12:39:27,Afternoon,Weekend
Spanish Brunch,2017-03-26 12:40:20,Afternoon,Weekend
Tea,2017-03-26 12:40:20,Afternoon,Weekend
Coffee,2017-03-26 12:40:20,Afternoon,Weekend
Bread,2017-03-26 12:40:45,Afternoon,Weekend
Coffee,2017-03-26 12:52:53,Afternoon,Weekend
Juice,2017-03-26 12:52:53,Afternoon,Weekend
Brownie,2017-03-26 12:52:53,Afternoon,Weekend
Baguette,2017-03-26 13:01:49,Afternoon,Weekend
Bread,2017-03-26 13:02:33,Afternoon,Weekend
Bread,2017-03-26 13:25:51,Afternoon,Weekend
Smoothies,2017-03-26 13:28:49,Afternoon,Weekend
Coffee,2017-03-26 13:37:28,Afternoon,Weekend
Coke,2017-03-26 13:37:28,Afternoon,Weekend
Bread,2017-03-26 13:37:28,Afternoon,Weekend
Cake,2017-03-26 13:37:28,Afternoon,Weekend
Bread,2017-03-26 13:37:28,Afternoon,Weekend
Soup,2017-03-26 13:37:28,Afternoon,Weekend
Coffee,2017-03-26 13:42:21,Afternoon,Weekend
Smoothies,2017-03-26 13:42:21,Afternoon,Weekend
Bread,2017-03-26 13:42:21,Afternoon,Weekend
Cake,2017-03-26 13:42:21,Afternoon,Weekend
Tea,2017-03-26 13:44:38,Afternoon,Weekend
Sandwich,2017-03-26 13:44:38,Afternoon,Weekend
Sandwich,2017-03-26 13:45:58,Afternoon,Weekend
Sandwich,2017-03-26 13:45:58,Afternoon,Weekend
Sandwich,2017-03-26 13:45:58,Afternoon,Weekend
Coke,2017-03-26 13:45:58,Afternoon,Weekend
Juice,2017-03-26 13:45:58,Afternoon,Weekend
Mineral water,2017-03-26 13:45:58,Afternoon,Weekend
Bread,2017-03-26 13:56:27,Afternoon,Weekend
Baguette,2017-03-26 14:17:28,Afternoon,Weekend
Tea,2017-03-26 14:24:42,Afternoon,Weekend
Scone,2017-03-26 14:24:42,Afternoon,Weekend
Medialuna,2017-03-26 14:24:42,Afternoon,Weekend
Coffee,2017-03-26 14:25:29,Afternoon,Weekend
Coffee,2017-03-26 14:30:39,Afternoon,Weekend
Jammie Dodgers,2017-03-26 14:30:39,Afternoon,Weekend
Brownie,2017-03-26 14:30:39,Afternoon,Weekend
Hot chocolate,2017-03-26 14:30:39,Afternoon,Weekend
Hot chocolate,2017-03-26 14:30:39,Afternoon,Weekend
Brownie,2017-03-26 14:47:37,Afternoon,Weekend
Coffee,2017-03-26 14:53:08,Afternoon,Weekend
Coffee,2017-03-26 14:53:08,Afternoon,Weekend
Brownie,2017-03-26 14:53:08,Afternoon,Weekend
Cake,2017-03-26 14:53:08,Afternoon,Weekend
Brownie,2017-03-26 14:54:02,Afternoon,Weekend
Bread,2017-03-26 14:54:02,Afternoon,Weekend
Tea,2017-03-26 14:54:02,Afternoon,Weekend
Coffee,2017-03-26 14:56:06,Afternoon,Weekend
Sandwich,2017-03-26 14:56:06,Afternoon,Weekend
Sandwich,2017-03-26 14:58:07,Afternoon,Weekend
Sandwich,2017-03-26 14:58:07,Afternoon,Weekend
Coke,2017-03-26 14:58:07,Afternoon,Weekend
Juice,2017-03-26 14:58:07,Afternoon,Weekend
Coffee,2017-03-26 15:00:27,Afternoon,Weekend
Tea,2017-03-26 15:00:27,Afternoon,Weekend
Brownie,2017-03-26 15:00:27,Afternoon,Weekend
Sandwich,2017-03-26 15:00:27,Afternoon,Weekend
Sandwich,2017-03-26 15:00:27,Afternoon,Weekend
Bread,2017-03-26 15:00:27,Afternoon,Weekend
Cake,2017-03-26 15:04:50,Afternoon,Weekend
Muffin,2017-03-26 15:06:12,Afternoon,Weekend
Coffee,2017-03-26 15:30:01,Afternoon,Weekend
Coffee,2017-03-26 15:30:01,Afternoon,Weekend
Cake,2017-03-26 15:30:01,Afternoon,Weekend
Smoothies,2017-03-26 15:48:43,Afternoon,Weekend
Sandwich,2017-03-26 15:48:43,Afternoon,Weekend
Coffee,2017-03-26 16:04:40,Afternoon,Weekend
Brownie,2017-03-26 16:04:40,Afternoon,Weekend
Cake,2017-03-26 16:04:40,Afternoon,Weekend
Tea,2017-03-26 16:04:40,Afternoon,Weekend
Vegan Feast,2017-03-26 16:09:51,Afternoon,Weekend
Hot chocolate,2017-03-26 16:09:51,Afternoon,Weekend
Coffee,2017-03-26 16:09:51,Afternoon,Weekend
Brownie,2017-03-26 16:09:51,Afternoon,Weekend
Bread,2017-03-26 16:09:51,Afternoon,Weekend
Cookies,2017-03-26 16:09:51,Afternoon,Weekend
Sandwich,2017-03-26 16:12:40,Afternoon,Weekend
Sandwich,2017-03-26 16:12:40,Afternoon,Weekend
Bread,2017-03-26 16:12:40,Afternoon,Weekend
Juice,2017-03-26 16:12:40,Afternoon,Weekend
Bakewell,2017-03-27 08:30:01,Morning,Weekday
Coffee,2017-03-27 08:30:01,Morning,Weekday
Coffee,2017-03-27 08:34:56,Morning,Weekday
Muffin,2017-03-27 08:34:56,Morning,Weekday
Coffee,2017-03-27 09:29:51,Morning,Weekday
Bread,2017-03-27 09:49:31,Morning,Weekday
Tea,2017-03-27 10:36:19,Morning,Weekday
Toast,2017-03-27 10:36:19,Morning,Weekday
Hot chocolate,2017-03-27 10:37:15,Morning,Weekday
Toast,2017-03-27 10:37:15,Morning,Weekday
Coffee,2017-03-27 10:43:45,Morning,Weekday
Muffin,2017-03-27 10:43:45,Morning,Weekday
Coffee,2017-03-27 10:47:29,Morning,Weekday
Coffee,2017-03-27 10:47:29,Morning,Weekday
Tea,2017-03-27 10:47:29,Morning,Weekday
Coffee,2017-03-27 10:47:53,Morning,Weekday
Toast,2017-03-27 11:09:11,Morning,Weekday
Coffee,2017-03-27 11:12:48,Morning,Weekday
Muffin,2017-03-27 11:12:48,Morning,Weekday
Tea,2017-03-27 11:13:13,Morning,Weekday
Scone,2017-03-27 11:13:13,Morning,Weekday
Tea,2017-03-27 11:14:01,Morning,Weekday
Bread,2017-03-27 11:14:01,Morning,Weekday
Coffee,2017-03-27 11:16:55,Morning,Weekday
Bread,2017-03-27 11:16:55,Morning,Weekday
Coffee,2017-03-27 11:19:26,Morning,Weekday
Tea,2017-03-27 11:19:26,Morning,Weekday
Coffee,2017-03-27 11:31:40,Morning,Weekday
Coffee,2017-03-27 11:31:40,Morning,Weekday
Bread,2017-03-27 11:54:13,Morning,Weekday
Coffee,2017-03-27 11:54:13,Morning,Weekday
Coffee,2017-03-27 12:02:34,Afternoon,Weekday
Coffee,2017-03-27 12:03:57,Afternoon,Weekday
Scone,2017-03-27 12:24:27,Afternoon,Weekday
Bakewell,2017-03-27 12:24:27,Afternoon,Weekday
Hot chocolate,2017-03-27 12:30:36,Afternoon,Weekday
Brownie,2017-03-27 12:30:36,Afternoon,Weekday
Coke,2017-03-27 12:34:27,Afternoon,Weekday
Muffin,2017-03-27 12:34:27,Afternoon,Weekday
Coffee,2017-03-27 12:34:27,Afternoon,Weekday
Coffee,2017-03-27 12:39:53,Afternoon,Weekday
Sandwich,2017-03-27 12:39:53,Afternoon,Weekday
Coke,2017-03-27 13:00:24,Afternoon,Weekday
Chicken Stew,2017-03-27 13:00:24,Afternoon,Weekday
Coffee,2017-03-27 13:12:59,Afternoon,Weekday
Tea,2017-03-27 13:12:59,Afternoon,Weekday
The Nomad,2017-03-27 13:12:59,Afternoon,Weekday
Scone,2017-03-27 13:12:59,Afternoon,Weekday
Coffee,2017-03-27 13:16:08,Afternoon,Weekday
Coffee,2017-03-27 13:19:27,Afternoon,Weekday
Coffee,2017-03-27 13:19:27,Afternoon,Weekday
Chicken Stew,2017-03-27 13:19:27,Afternoon,Weekday
Bread,2017-03-27 13:21:52,Afternoon,Weekday
Bakewell,2017-03-27 13:39:18,Afternoon,Weekday
Brownie,2017-03-27 13:42:10,Afternoon,Weekday
Jammie Dodgers,2017-03-27 13:42:10,Afternoon,Weekday
Bread,2017-03-27 13:42:10,Afternoon,Weekday
Chicken Stew,2017-03-27 13:42:10,Afternoon,Weekday
Sandwich,2017-03-27 13:42:10,Afternoon,Weekday
Tea,2017-03-27 13:42:10,Afternoon,Weekday
Tea,2017-03-27 13:42:10,Afternoon,Weekday
Coffee,2017-03-27 13:53:18,Afternoon,Weekday
Coffee,2017-03-27 14:12:05,Afternoon,Weekday
Coke,2017-03-27 14:12:05,Afternoon,Weekday
Sandwich,2017-03-27 14:12:05,Afternoon,Weekday
Coffee,2017-03-27 14:14:05,Afternoon,Weekday
Jammie Dodgers,2017-03-27 14:14:05,Afternoon,Weekday
Coffee,2017-03-27 14:41:31,Afternoon,Weekday
Coke,2017-03-27 14:41:31,Afternoon,Weekday
Mineral water,2017-03-27 14:41:31,Afternoon,Weekday
Bakewell,2017-03-27 14:41:31,Afternoon,Weekday
Salad,2017-03-27 14:41:31,Afternoon,Weekday
Sandwich,2017-03-27 14:47:26,Afternoon,Weekday
Coffee,2017-03-27 14:47:26,Afternoon,Weekday
Bakewell,2017-03-27 14:47:26,Afternoon,Weekday
Coffee,2017-03-27 15:30:50,Afternoon,Weekday
Tea,2017-03-27 15:32:09,Afternoon,Weekday
Muffin,2017-03-27 15:32:09,Afternoon,Weekday
Coffee,2017-03-27 15:33:17,Afternoon,Weekday
Bread,2017-03-27 15:33:17,Afternoon,Weekday
Soup,2017-03-27 15:36:11,Afternoon,Weekday
Tea,2017-03-27 15:36:11,Afternoon,Weekday
Cookies,2017-03-27 15:36:41,Afternoon,Weekday
Tea,2017-03-27 16:05:51,Afternoon,Weekday
Coffee,2017-03-27 16:12:55,Afternoon,Weekday
Sandwich,2017-03-27 16:12:55,Afternoon,Weekday
Mineral water,2017-03-27 16:50:24,Afternoon,Weekday
Coffee,2017-03-28 08:55:06,Morning,Weekday
Coffee,2017-03-28 09:19:15,Morning,Weekday
Bread,2017-03-28 09:19:15,Morning,Weekday
Coffee,2017-03-28 09:27:00,Morning,Weekday
Bread,2017-03-28 09:51:26,Morning,Weekday
Coffee,2017-03-28 10:04:52,Morning,Weekday
Toast,2017-03-28 10:04:52,Morning,Weekday
Coffee,2017-03-28 10:05:19,Morning,Weekday
Coffee,2017-03-28 10:11:49,Morning,Weekday
Coffee,2017-03-28 10:11:49,Morning,Weekday
Bakewell,2017-03-28 10:11:49,Morning,Weekday
Coffee,2017-03-28 10:36:56,Morning,Weekday
Coffee,2017-03-28 10:36:56,Morning,Weekday
Sandwich,2017-03-28 10:36:56,Morning,Weekday
Coffee,2017-03-28 10:39:01,Morning,Weekday
Coffee,2017-03-28 10:49:15,Morning,Weekday
Pastry,2017-03-28 10:49:15,Morning,Weekday
Baguette,2017-03-28 10:54:26,Morning,Weekday
Coffee,2017-03-28 11:06:59,Morning,Weekday
Tea,2017-03-28 11:06:59,Morning,Weekday
Cookies,2017-03-28 11:06:59,Morning,Weekday
Coffee,2017-03-28 11:17:22,Morning,Weekday
Tea,2017-03-28 11:17:22,Morning,Weekday
Coffee,2017-03-28 11:19:39,Morning,Weekday
Hot chocolate,2017-03-28 11:19:39,Morning,Weekday
Pastry,2017-03-28 11:19:39,Morning,Weekday
Jammie Dodgers,2017-03-28 11:21:43,Morning,Weekday
Cookies,2017-03-28 11:21:43,Morning,Weekday
Bakewell,2017-03-28 11:21:43,Morning,Weekday
Coffee,2017-03-28 11:21:43,Morning,Weekday
Coffee,2017-03-28 11:28:39,Morning,Weekday
Coffee,2017-03-28 11:28:39,Morning,Weekday
Pastry,2017-03-28 11:28:39,Morning,Weekday
Pastry,2017-03-28 11:33:06,Morning,Weekday
Coffee,2017-03-28 11:33:06,Morning,Weekday
Tea,2017-03-28 11:33:06,Morning,Weekday
Coffee,2017-03-28 11:48:03,Morning,Weekday
Pastry,2017-03-28 12:05:40,Afternoon,Weekday
Coffee,2017-03-28 12:14:03,Afternoon,Weekday
Farm House,2017-03-28 12:22:28,Afternoon,Weekday
Coffee,2017-03-28 12:32:11,Afternoon,Weekday
Pastry,2017-03-28 12:50:35,Afternoon,Weekday
Truffles,2017-03-28 12:50:35,Afternoon,Weekday
Bakewell,2017-03-28 12:50:35,Afternoon,Weekday
Baguette,2017-03-28 12:51:57,Afternoon,Weekday
Bread,2017-03-28 12:51:57,Afternoon,Weekday
Eggs,2017-03-28 12:56:04,Afternoon,Weekday
Coke,2017-03-28 13:00:27,Afternoon,Weekday
Coffee,2017-03-28 13:00:27,Afternoon,Weekday
Sandwich,2017-03-28 13:00:27,Afternoon,Weekday
Muffin,2017-03-28 13:00:27,Afternoon,Weekday
Bakewell,2017-03-28 13:01:09,Afternoon,Weekday
Coffee,2017-03-28 13:01:09,Afternoon,Weekday
Soup,2017-03-28 13:01:09,Afternoon,Weekday
Cake,2017-03-28 13:13:51,Afternoon,Weekday
Muffin,2017-03-28 13:13:51,Afternoon,Weekday
Toast,2017-03-28 13:19:55,Afternoon,Weekday
Sandwich,2017-03-28 13:19:55,Afternoon,Weekday
Mineral water,2017-03-28 13:19:55,Afternoon,Weekday
Coke,2017-03-28 13:19:55,Afternoon,Weekday
Juice,2017-03-28 13:27:27,Afternoon,Weekday
Bread,2017-03-28 13:27:27,Afternoon,Weekday
Toast,2017-03-28 13:27:27,Afternoon,Weekday
Sandwich,2017-03-28 13:27:27,Afternoon,Weekday
Sandwich,2017-03-28 13:27:27,Afternoon,Weekday
Bakewell,2017-03-28 13:27:27,Afternoon,Weekday
Sandwich,2017-03-28 13:30:48,Afternoon,Weekday
Mineral water,2017-03-28 13:30:48,Afternoon,Weekday
Tea,2017-03-28 13:31:19,Afternoon,Weekday
Sandwich,2017-03-28 13:31:19,Afternoon,Weekday
Tea,2017-03-28 13:31:59,Afternoon,Weekday
Sandwich,2017-03-28 13:31:59,Afternoon,Weekday
Soup,2017-03-28 13:47:25,Afternoon,Weekday
Coffee,2017-03-28 13:47:25,Afternoon,Weekday
Soup,2017-03-28 13:53:42,Afternoon,Weekday
Muffin,2017-03-28 13:58:38,Afternoon,Weekday
Tea,2017-03-28 13:58:38,Afternoon,Weekday
Coffee,2017-03-28 14:01:36,Afternoon,Weekday
Sandwich,2017-03-28 14:01:36,Afternoon,Weekday
Soup,2017-03-28 14:08:05,Afternoon,Weekday
Coffee,2017-03-28 14:08:05,Afternoon,Weekday
Muffin,2017-03-28 14:08:05,Afternoon,Weekday
Soup,2017-03-28 14:18:01,Afternoon,Weekday
Cake,2017-03-28 14:18:01,Afternoon,Weekday
Juice,2017-03-28 14:18:01,Afternoon,Weekday
Soup,2017-03-28 14:22:30,Afternoon,Weekday
Salad,2017-03-28 14:22:30,Afternoon,Weekday
Bread,2017-03-28 14:24:11,Afternoon,Weekday
Hot chocolate,2017-03-28 14:36:21,Afternoon,Weekday
Coffee,2017-03-28 14:36:21,Afternoon,Weekday
Toast,2017-03-28 14:36:21,Afternoon,Weekday
Muffin,2017-03-28 14:36:21,Afternoon,Weekday
Coffee,2017-03-28 14:42:33,Afternoon,Weekday
Bread,2017-03-28 14:47:22,Afternoon,Weekday
Toast,2017-03-28 14:55:33,Afternoon,Weekday
Tea,2017-03-28 15:14:56,Afternoon,Weekday
Cookies,2017-03-28 15:14:56,Afternoon,Weekday
Coffee,2017-03-28 15:29:15,Afternoon,Weekday
Scone,2017-03-28 15:29:15,Afternoon,Weekday
Coffee,2017-03-28 15:30:25,Afternoon,Weekday
Chicken Stew,2017-03-28 15:30:25,Afternoon,Weekday
Bread,2017-03-28 15:39:03,Afternoon,Weekday
Cookies,2017-03-28 15:39:03,Afternoon,Weekday
Cookies,2017-03-28 16:02:33,Afternoon,Weekday
Muffin,2017-03-28 16:02:33,Afternoon,Weekday
Cookies,2017-03-28 16:40:55,Afternoon,Weekday
Bread,2017-03-28 16:40:55,Afternoon,Weekday
Coffee,2017-03-28 16:52:03,Afternoon,Weekday
Coffee,2017-03-28 16:52:03,Afternoon,Weekday
Salad,2017-03-28 16:52:03,Afternoon,Weekday
Coffee,2017-03-29 08:21:23,Morning,Weekday
Coffee,2017-03-29 08:29:28,Morning,Weekday
Hot chocolate,2017-03-29 08:33:51,Morning,Weekday
Bread,2017-03-29 08:33:51,Morning,Weekday
Cookies,2017-03-29 08:33:51,Morning,Weekday
Bread,2017-03-29 08:43:53,Morning,Weekday
Tea,2017-03-29 09:00:15,Morning,Weekday
Juice,2017-03-29 09:00:15,Morning,Weekday
Cookies,2017-03-29 09:00:15,Morning,Weekday
Bread,2017-03-29 09:23:51,Morning,Weekday
Spanish Brunch,2017-03-29 09:23:51,Morning,Weekday
Granola,2017-03-29 09:45:17,Morning,Weekday
Smoothies,2017-03-29 10:17:10,Morning,Weekday
Farm House,2017-03-29 10:26:24,Morning,Weekday
Hot chocolate,2017-03-29 10:26:24,Morning,Weekday
Bread,2017-03-29 10:40:42,Morning,Weekday
Coffee,2017-03-29 10:46:30,Morning,Weekday
Bread,2017-03-29 10:51:12,Morning,Weekday
Cake,2017-03-29 10:51:12,Morning,Weekday
Coffee,2017-03-29 10:51:12,Morning,Weekday
Coffee,2017-03-29 10:51:12,Morning,Weekday
Coffee,2017-03-29 10:51:12,Morning,Weekday
Toast,2017-03-29 11:10:49,Morning,Weekday
Coffee,2017-03-29 11:10:49,Morning,Weekday
Coffee,2017-03-29 11:17:09,Morning,Weekday
Coffee,2017-03-29 11:17:09,Morning,Weekday
Bread,2017-03-29 11:28:04,Morning,Weekday
Coffee,2017-03-29 11:33:05,Morning,Weekday
Bread,2017-03-29 11:44:25,Morning,Weekday
Juice,2017-03-29 11:50:14,Morning,Weekday
Coke,2017-03-29 11:50:14,Morning,Weekday
Medialuna,2017-03-29 11:50:14,Morning,Weekday
Sandwich,2017-03-29 11:50:14,Morning,Weekday
Coffee,2017-03-29 12:02:09,Afternoon,Weekday
Toast,2017-03-29 12:02:09,Afternoon,Weekday
Coffee,2017-03-29 12:23:10,Afternoon,Weekday
Coffee,2017-03-29 12:40:48,Afternoon,Weekday
Tea,2017-03-29 12:40:48,Afternoon,Weekday
Cake,2017-03-29 12:40:48,Afternoon,Weekday
Medialuna,2017-03-29 12:40:48,Afternoon,Weekday
Bread,2017-03-29 12:46:00,Afternoon,Weekday
Spanish Brunch,2017-03-29 12:48:39,Afternoon,Weekday
Art Tray,2017-03-29 12:48:39,Afternoon,Weekday
Coffee,2017-03-29 12:48:39,Afternoon,Weekday
Coffee,2017-03-29 12:48:39,Afternoon,Weekday
Juice,2017-03-29 12:48:39,Afternoon,Weekday
Coffee,2017-03-29 12:58:43,Afternoon,Weekday
Bread,2017-03-29 12:58:43,Afternoon,Weekday
Chicken Stew,2017-03-29 12:58:43,Afternoon,Weekday
Soup,2017-03-29 12:58:43,Afternoon,Weekday
Bread,2017-03-29 12:58:43,Afternoon,Weekday
Coffee,2017-03-29 13:17:18,Afternoon,Weekday
Tea,2017-03-29 13:18:31,Afternoon,Weekday
Coffee,2017-03-29 13:18:31,Afternoon,Weekday
Cookies,2017-03-29 13:18:31,Afternoon,Weekday
Sandwich,2017-03-29 13:18:31,Afternoon,Weekday
Bread,2017-03-29 13:29:00,Afternoon,Weekday
Tea,2017-03-29 13:37:14,Afternoon,Weekday
Cake,2017-03-29 13:37:14,Afternoon,Weekday
Soup,2017-03-29 13:37:14,Afternoon,Weekday
Bread,2017-03-29 13:45:30,Afternoon,Weekday
Tea,2017-03-29 13:58:07,Afternoon,Weekday
Coffee,2017-03-29 13:58:07,Afternoon,Weekday
Soup,2017-03-29 13:58:07,Afternoon,Weekday
Cake,2017-03-29 13:58:07,Afternoon,Weekday
Scone,2017-03-29 14:04:20,Afternoon,Weekday
Coffee,2017-03-29 14:04:20,Afternoon,Weekday
Bread,2017-03-29 14:10:44,Afternoon,Weekday
Muffin,2017-03-29 14:10:44,Afternoon,Weekday
Coffee,2017-03-29 14:14:24,Afternoon,Weekday
Spanish Brunch,2017-03-29 14:14:24,Afternoon,Weekday
Coffee,2017-03-29 14:47:20,Afternoon,Weekday
Tea,2017-03-29 14:47:20,Afternoon,Weekday
Coffee,2017-03-29 14:47:20,Afternoon,Weekday
Tea,2017-03-29 14:48:07,Afternoon,Weekday
Tea,2017-03-29 14:48:07,Afternoon,Weekday
Raw bars,2017-03-29 14:48:07,Afternoon,Weekday
Coffee,2017-03-29 15:33:59,Afternoon,Weekday
Medialuna,2017-03-29 15:33:59,Afternoon,Weekday
Muffin,2017-03-29 15:33:59,Afternoon,Weekday
Bread,2017-03-29 15:37:31,Afternoon,Weekday
Coffee,2017-03-29 15:37:31,Afternoon,Weekday
Bread,2017-03-29 15:37:31,Afternoon,Weekday
Drinking chocolate spoons ,2017-03-29 15:37:31,Afternoon,Weekday
Coffee,2017-03-29 16:01:01,Afternoon,Weekday
Tea,2017-03-29 16:01:01,Afternoon,Weekday
Tiffin,2017-03-29 16:01:01,Afternoon,Weekday
Spanish Brunch,2017-03-29 16:15:25,Afternoon,Weekday
Truffles,2017-03-29 16:15:25,Afternoon,Weekday
Coffee,2017-03-29 16:15:25,Afternoon,Weekday
Coffee,2017-03-29 16:15:25,Afternoon,Weekday
Coffee,2017-03-29 16:46:43,Afternoon,Weekday
Juice,2017-03-29 16:47:36,Afternoon,Weekday
Tea,2017-03-29 16:48:23,Afternoon,Weekday
Coffee,2017-03-29 16:54:48,Afternoon,Weekday
Jammie Dodgers,2017-03-29 16:54:48,Afternoon,Weekday
Soup,2017-03-29 16:59:23,Afternoon,Weekday
Tea,2017-03-29 16:59:23,Afternoon,Weekday
Cake,2017-03-29 16:59:23,Afternoon,Weekday
Coffee,2017-03-30 08:34:54,Morning,Weekday
Christmas common,2017-03-30 08:40:05,Morning,Weekday
Christmas common,2017-03-30 08:41:02,Morning,Weekday
Christmas common,2017-03-30 08:41:54,Morning,Weekday
Hot chocolate,2017-03-30 08:56:11,Morning,Weekday
Hot chocolate,2017-03-30 08:56:11,Morning,Weekday
Coffee,2017-03-30 08:56:11,Morning,Weekday
Toast,2017-03-30 08:56:11,Morning,Weekday
Coffee,2017-03-30 08:57:10,Morning,Weekday
Mortimer,2017-03-30 08:57:29,Morning,Weekday
Bread,2017-03-30 09:05:13,Morning,Weekday
Bread,2017-03-30 09:08:34,Morning,Weekday
Muffin,2017-03-30 09:08:34,Morning,Weekday
Coffee,2017-03-30 09:13:42,Morning,Weekday
Cookies,2017-03-30 09:13:42,Morning,Weekday
Coffee,2017-03-30 09:17:49,Morning,Weekday
Tea,2017-03-30 09:18:40,Morning,Weekday
Tea,2017-03-30 09:18:40,Morning,Weekday
Cake,2017-03-30 09:18:40,Morning,Weekday
Coffee,2017-03-30 09:53:11,Morning,Weekday
Coffee,2017-03-30 09:53:11,Morning,Weekday
Bread,2017-03-30 09:59:48,Morning,Weekday
Tea,2017-03-30 10:26:47,Morning,Weekday
Toast,2017-03-30 10:26:47,Morning,Weekday
Bread,2017-03-30 10:26:47,Morning,Weekday
Bread,2017-03-30 10:31:44,Morning,Weekday
Coffee,2017-03-30 10:31:44,Morning,Weekday
Hot chocolate,2017-03-30 10:31:44,Morning,Weekday
Bread,2017-03-30 10:38:13,Morning,Weekday
Baguette,2017-03-30 10:41:15,Morning,Weekday
Bakewell,2017-03-30 10:41:15,Morning,Weekday
Jammie Dodgers,2017-03-30 10:43:01,Morning,Weekday
Smoothies,2017-03-30 10:43:01,Morning,Weekday
Jammie Dodgers,2017-03-30 10:45:56,Morning,Weekday
Tiffin,2017-03-30 10:45:56,Morning,Weekday
Cake,2017-03-30 10:58:52,Morning,Weekday
Bread,2017-03-30 10:58:52,Morning,Weekday
Coffee,2017-03-30 10:58:52,Morning,Weekday
Coffee,2017-03-30 10:58:52,Morning,Weekday
Baguette,2017-03-30 10:58:52,Morning,Weekday
Bread,2017-03-30 11:00:00,Morning,Weekday
Farm House,2017-03-30 11:11:32,Morning,Weekday
Coffee,2017-03-30 11:12:01,Morning,Weekday
Coffee,2017-03-30 11:18:11,Morning,Weekday
Juice,2017-03-30 11:18:41,Morning,Weekday
Hot chocolate,2017-03-30 11:18:41,Morning,Weekday
Muffin,2017-03-30 11:18:41,Morning,Weekday
Coffee,2017-03-30 11:26:24,Morning,Weekday
Muffin,2017-03-30 11:26:24,Morning,Weekday
Bread,2017-03-30 11:49:19,Morning,Weekday
Cake,2017-03-30 11:49:19,Morning,Weekday
Jammie Dodgers,2017-03-30 11:49:19,Morning,Weekday
Tea,2017-03-30 11:49:19,Morning,Weekday
Truffles,2017-03-30 11:49:19,Morning,Weekday
Coffee,2017-03-30 12:02:28,Afternoon,Weekday
Bakewell,2017-03-30 12:02:28,Afternoon,Weekday
Sandwich,2017-03-30 12:04:38,Afternoon,Weekday
Cake,2017-03-30 12:19:27,Afternoon,Weekday
Truffles,2017-03-30 12:19:27,Afternoon,Weekday
Salad,2017-03-30 12:34:38,Afternoon,Weekday
Juice,2017-03-30 12:38:19,Afternoon,Weekday
Cake,2017-03-30 12:38:19,Afternoon,Weekday
Sandwich,2017-03-30 12:38:19,Afternoon,Weekday
Coffee,2017-03-30 12:39:29,Afternoon,Weekday
Chicken Stew,2017-03-30 12:39:29,Afternoon,Weekday
Coke,2017-03-30 12:57:31,Afternoon,Weekday
Tea,2017-03-30 12:57:31,Afternoon,Weekday
Cake,2017-03-30 12:57:31,Afternoon,Weekday
Extra Salami or Feta,2017-03-30 13:46:24,Afternoon,Weekday
Salad,2017-03-30 13:46:24,Afternoon,Weekday
Toast,2017-03-30 13:46:24,Afternoon,Weekday
Coffee,2017-03-30 13:46:24,Afternoon,Weekday
Coffee,2017-03-30 14:08:30,Afternoon,Weekday
Sandwich,2017-03-30 14:08:30,Afternoon,Weekday
Truffles,2017-03-30 14:11:45,Afternoon,Weekday
Soup,2017-03-30 14:11:45,Afternoon,Weekday
Cookies,2017-03-30 14:11:45,Afternoon,Weekday
Toast,2017-03-30 14:13:51,Afternoon,Weekday
Coffee,2017-03-30 14:13:51,Afternoon,Weekday
Cake,2017-03-30 14:27:25,Afternoon,Weekday
Coffee,2017-03-30 14:27:25,Afternoon,Weekday
Coffee,2017-03-30 14:52:54,Afternoon,Weekday
Coffee,2017-03-30 14:52:54,Afternoon,Weekday
Cake,2017-03-30 14:52:54,Afternoon,Weekday
Tiffin,2017-03-30 14:52:54,Afternoon,Weekday
Bread,2017-03-30 14:52:54,Afternoon,Weekday
Bread,2017-03-30 15:08:36,Afternoon,Weekday
Coffee,2017-03-30 15:09:18,Afternoon,Weekday
Tea,2017-03-30 15:09:18,Afternoon,Weekday
Cake,2017-03-30 15:09:18,Afternoon,Weekday
Coffee,2017-03-30 15:16:17,Afternoon,Weekday
Tea,2017-03-30 15:16:17,Afternoon,Weekday
Sandwich,2017-03-30 15:16:17,Afternoon,Weekday
Toast,2017-03-30 15:16:17,Afternoon,Weekday
Coffee,2017-03-30 15:16:48,Afternoon,Weekday
Coffee,2017-03-30 15:16:48,Afternoon,Weekday
Cake,2017-03-30 15:16:48,Afternoon,Weekday
Bread,2017-03-30 15:28:57,Afternoon,Weekday
Coffee,2017-03-30 15:30:02,Afternoon,Weekday
Tea,2017-03-30 15:52:36,Afternoon,Weekday
Coffee,2017-03-30 15:52:36,Afternoon,Weekday
Sandwich,2017-03-30 15:52:36,Afternoon,Weekday
Sandwich,2017-03-30 15:52:36,Afternoon,Weekday
Coffee,2017-03-30 15:53:48,Afternoon,Weekday
Tea,2017-03-30 15:53:48,Afternoon,Weekday
Cake,2017-03-30 15:53:48,Afternoon,Weekday
Tea,2017-03-30 15:55:03,Afternoon,Weekday
Coffee,2017-03-30 15:55:03,Afternoon,Weekday
Sandwich,2017-03-30 15:55:03,Afternoon,Weekday
Sandwich,2017-03-30 15:55:03,Afternoon,Weekday
Coffee,2017-03-30 16:23:41,Afternoon,Weekday
Cake,2017-03-30 16:23:41,Afternoon,Weekday
Cake,2017-03-30 16:44:32,Afternoon,Weekday
Coffee,2017-03-30 16:44:32,Afternoon,Weekday
Juice,2017-03-30 16:44:32,Afternoon,Weekday
Tea,2017-03-30 16:47:47,Afternoon,Weekday
Cake,2017-03-30 16:47:47,Afternoon,Weekday
Juice,2017-03-30 16:50:15,Afternoon,Weekday
Coffee,2017-03-30 16:50:15,Afternoon,Weekday
Coffee,2017-03-30 16:50:15,Afternoon,Weekday
Spanish Brunch,2017-03-30 16:50:15,Afternoon,Weekday
Bread,2017-03-30 16:50:15,Afternoon,Weekday
Muffin,2017-03-30 17:03:18,Evening,Weekday
Coffee,2017-03-31 08:24:30,Morning,Weekday
Sandwich,2017-03-31 08:24:30,Morning,Weekday
Coffee,2017-03-31 08:37:47,Morning,Weekday
Coffee,2017-03-31 08:48:12,Morning,Weekday
Toast,2017-03-31 08:48:12,Morning,Weekday
Coffee,2017-03-31 09:03:41,Morning,Weekday
Tiffin,2017-03-31 09:03:41,Morning,Weekday
Coffee,2017-03-31 09:05:18,Morning,Weekday
Coffee,2017-03-31 09:17:42,Morning,Weekday
Coffee,2017-03-31 09:17:42,Morning,Weekday
Toast,2017-03-31 09:17:42,Morning,Weekday
Coffee,2017-03-31 09:18:15,Morning,Weekday
Medialuna,2017-03-31 09:18:15,Morning,Weekday
Medialuna,2017-03-31 09:19:34,Morning,Weekday
Bread,2017-03-31 09:19:34,Morning,Weekday
Tea,2017-03-31 09:19:34,Morning,Weekday
Cookies,2017-03-31 09:45:20,Morning,Weekday
Bread,2017-03-31 09:45:20,Morning,Weekday
Tea,2017-03-31 09:54:52,Morning,Weekday
Hot chocolate,2017-03-31 10:05:25,Morning,Weekday
Tea,2017-03-31 10:05:25,Morning,Weekday
Pastry,2017-03-31 10:05:25,Morning,Weekday
Tiffin,2017-03-31 10:05:25,Morning,Weekday
Coffee,2017-03-31 10:10:19,Morning,Weekday
Bread,2017-03-31 10:28:20,Morning,Weekday
Cake,2017-03-31 10:38:51,Morning,Weekday
Bread,2017-03-31 10:40:20,Morning,Weekday
Bread,2017-03-31 10:40:20,Morning,Weekday
Coffee,2017-03-31 10:48:49,Morning,Weekday
Medialuna,2017-03-31 10:48:49,Morning,Weekday
Farm House,2017-03-31 10:50:05,Morning,Weekday
Jammie Dodgers,2017-03-31 10:52:22,Morning,Weekday
Muffin,2017-03-31 10:52:22,Morning,Weekday
Coffee,2017-03-31 10:52:22,Morning,Weekday
Coffee,2017-03-31 10:52:22,Morning,Weekday
Juice,2017-03-31 10:52:22,Morning,Weekday
Alfajores,2017-03-31 10:56:02,Morning,Weekday
Juice,2017-03-31 10:56:02,Morning,Weekday
Coffee,2017-03-31 10:56:02,Morning,Weekday
Coffee,2017-03-31 10:56:02,Morning,Weekday
Medialuna,2017-03-31 10:56:02,Morning,Weekday
Cookies,2017-03-31 10:56:02,Morning,Weekday
Coffee,2017-03-31 11:16:09,Morning,Weekday
Medialuna,2017-03-31 11:17:32,Morning,Weekday
Bread,2017-03-31 11:17:32,Morning,Weekday
Spanish Brunch,2017-03-31 11:21:32,Morning,Weekday
Coffee,2017-03-31 11:23:20,Morning,Weekday
Bread,2017-03-31 11:23:20,Morning,Weekday
Bread,2017-03-31 11:29:08,Morning,Weekday
Coffee,2017-03-31 11:29:08,Morning,Weekday
Coffee,2017-03-31 11:29:57,Morning,Weekday
Alfajores,2017-03-31 11:29:57,Morning,Weekday
Bread,2017-03-31 11:34:26,Morning,Weekday
Coke,2017-03-31 11:34:26,Morning,Weekday
Bread,2017-03-31 11:34:26,Morning,Weekday
Cookies,2017-03-31 11:34:26,Morning,Weekday
Cookies,2017-03-31 11:41:58,Morning,Weekday
Bread,2017-03-31 11:41:58,Morning,Weekday
Bread,2017-03-31 11:45:31,Morning,Weekday
Cookies,2017-03-31 11:45:31,Morning,Weekday
Bread,2017-03-31 11:58:29,Morning,Weekday
Coffee,2017-03-31 12:12:43,Afternoon,Weekday
Toast,2017-03-31 12:13:24,Afternoon,Weekday
Coffee,2017-03-31 12:13:24,Afternoon,Weekday
Coffee,2017-03-31 12:14:14,Afternoon,Weekday
Coffee,2017-03-31 12:14:14,Afternoon,Weekday
Pastry,2017-03-31 12:14:14,Afternoon,Weekday
Coffee,2017-03-31 12:15:06,Afternoon,Weekday
Juice,2017-03-31 12:22:50,Afternoon,Weekday
Muffin,2017-03-31 12:22:50,Afternoon,Weekday
Farm House,2017-03-31 12:40:03,Afternoon,Weekday
Coffee,2017-03-31 13:05:37,Afternoon,Weekday
Coffee,2017-03-31 13:17:42,Afternoon,Weekday
Medialuna,2017-03-31 13:17:42,Afternoon,Weekday
Bread,2017-03-31 13:22:26,Afternoon,Weekday
Brownie,2017-03-31 13:22:26,Afternoon,Weekday
Salad,2017-03-31 13:25:17,Afternoon,Weekday
Extra Salami or Feta,2017-03-31 13:25:17,Afternoon,Weekday
Bread,2017-03-31 13:25:17,Afternoon,Weekday
Baguette,2017-03-31 13:25:17,Afternoon,Weekday
Tea,2017-03-31 13:25:17,Afternoon,Weekday
Bread,2017-03-31 13:25:17,Afternoon,Weekday
Bread,2017-03-31 13:27:04,Afternoon,Weekday
Bread,2017-03-31 13:29:03,Afternoon,Weekday
Hot chocolate,2017-03-31 13:29:03,Afternoon,Weekday
Coffee,2017-03-31 13:29:03,Afternoon,Weekday
Sandwich,2017-03-31 13:29:03,Afternoon,Weekday
Cookies,2017-03-31 13:29:03,Afternoon,Weekday
Chicken Stew,2017-03-31 13:40:19,Afternoon,Weekday
Bread,2017-03-31 13:41:06,Afternoon,Weekday
Sandwich,2017-03-31 13:41:06,Afternoon,Weekday
Sandwich,2017-03-31 13:42:27,Afternoon,Weekday
Coffee,2017-03-31 13:42:27,Afternoon,Weekday
Bread,2017-03-31 13:42:27,Afternoon,Weekday
Sandwich,2017-03-31 13:47:22,Afternoon,Weekday
Coffee,2017-03-31 13:47:22,Afternoon,Weekday
Coffee,2017-03-31 13:47:22,Afternoon,Weekday
Tiffin,2017-03-31 13:57:04,Afternoon,Weekday
Baguette,2017-03-31 14:03:47,Afternoon,Weekday
Spanish Brunch,2017-03-31 14:07:24,Afternoon,Weekday
Salad,2017-03-31 14:07:24,Afternoon,Weekday
Extra Salami or Feta,2017-03-31 14:07:24,Afternoon,Weekday
Coffee,2017-03-31 14:07:24,Afternoon,Weekday
Coffee,2017-03-31 14:07:24,Afternoon,Weekday
Bread,2017-03-31 14:15:35,Afternoon,Weekday
Tiffin,2017-03-31 14:15:35,Afternoon,Weekday
Chicken Stew,2017-03-31 14:18:04,Afternoon,Weekday
Soup,2017-03-31 14:18:04,Afternoon,Weekday
Bread,2017-03-31 14:18:04,Afternoon,Weekday
Brownie,2017-03-31 14:18:38,Afternoon,Weekday
Coffee,2017-03-31 14:18:38,Afternoon,Weekday
Coke,2017-03-31 14:36:20,Afternoon,Weekday
Mineral water,2017-03-31 14:36:20,Afternoon,Weekday
Coffee,2017-03-31 14:36:20,Afternoon,Weekday
Soup,2017-03-31 14:36:20,Afternoon,Weekday
Sandwich,2017-03-31 14:36:20,Afternoon,Weekday
Coffee,2017-03-31 15:10:07,Afternoon,Weekday
Scone,2017-03-31 15:10:07,Afternoon,Weekday
Coffee,2017-03-31 15:15:57,Afternoon,Weekday
Scone,2017-03-31 15:15:57,Afternoon,Weekday
Hot chocolate,2017-03-31 15:18:08,Afternoon,Weekday
Hot chocolate,2017-03-31 15:18:08,Afternoon,Weekday
Bread,2017-03-31 15:18:08,Afternoon,Weekday
Scone,2017-03-31 15:18:08,Afternoon,Weekday
Bread,2017-03-31 15:19:18,Afternoon,Weekday
Cookies,2017-03-31 15:19:18,Afternoon,Weekday
Scone,2017-03-31 15:25:29,Afternoon,Weekday
Bread,2017-03-31 15:25:29,Afternoon,Weekday
Tea,2017-03-31 15:35:02,Afternoon,Weekday
Brownie,2017-03-31 15:35:02,Afternoon,Weekday
Tea,2017-03-31 15:45:26,Afternoon,Weekday
Bread,2017-03-31 15:45:26,Afternoon,Weekday
Cake,2017-03-31 15:45:26,Afternoon,Weekday
Tea,2017-03-31 15:46:43,Afternoon,Weekday
Pastry,2017-03-31 15:46:43,Afternoon,Weekday
Hot chocolate,2017-03-31 16:06:32,Afternoon,Weekday
Cake,2017-03-31 16:06:32,Afternoon,Weekday
Coffee,2017-03-31 16:13:36,Afternoon,Weekday
Tiffin,2017-03-31 16:13:36,Afternoon,Weekday
Coffee,2017-03-31 16:32:57,Afternoon,Weekday
Bread,2017-03-31 16:34:58,Afternoon,Weekday
Cookies,2017-03-31 16:34:58,Afternoon,Weekday
Coffee,2017-03-31 16:36:55,Afternoon,Weekday
Coffee,2017-03-31 16:45:13,Afternoon,Weekday
Brownie,2017-03-31 16:45:13,Afternoon,Weekday
Scone,2017-03-31 16:53:39,Afternoon,Weekday
Coke,2017-03-31 16:53:39,Afternoon,Weekday
Coffee,2017-03-31 16:53:39,Afternoon,Weekday
Soup,2017-03-31 16:53:39,Afternoon,Weekday
Coffee,2017-03-31 17:23:57,Evening,Weekday
Juice,2017-03-31 17:23:57,Evening,Weekday
Coffee,2017-01-04 08:11:00,Morning,Weekend
Coffee,2017-01-04 08:47:55,Morning,Weekend
Bread,2017-01-04 08:51:05,Morning,Weekend
Sandwich,2017-01-04 09:07:50,Morning,Weekend
Bread,2017-01-04 09:07:50,Morning,Weekend
Cake,2017-01-04 09:07:50,Morning,Weekend
Cake,2017-01-04 09:07:50,Morning,Weekend
Farm House,2017-01-04 09:21:57,Morning,Weekend
Bread,2017-01-04 09:21:57,Morning,Weekend
Cake,2017-01-04 09:21:57,Morning,Weekend
Bread,2017-01-04 09:24:02,Morning,Weekend
Bread,2017-01-04 09:25:08,Morning,Weekend
Cookies,2017-01-04 09:25:08,Morning,Weekend
Scone,2017-01-04 09:33:35,Morning,Weekend
Toast,2017-01-04 09:33:35,Morning,Weekend
Coffee,2017-01-04 09:33:35,Morning,Weekend
Coke,2017-01-04 09:33:35,Morning,Weekend
Coffee,2017-01-04 09:35:19,Morning,Weekend
Bread,2017-01-04 09:35:19,Morning,Weekend
Cookies,2017-01-04 09:35:19,Morning,Weekend
Brownie,2017-01-04 09:35:19,Morning,Weekend
Juice,2017-01-04 09:35:51,Morning,Weekend
Farm House,2017-01-04 09:38:52,Morning,Weekend
Scone,2017-01-04 09:55:11,Morning,Weekend
Bread,2017-01-04 09:55:11,Morning,Weekend
Bread,2017-01-04 09:55:25,Morning,Weekend
Pastry,2017-01-04 10:04:32,Morning,Weekend
Coffee,2017-01-04 10:22:55,Morning,Weekend
Coffee,2017-01-04 10:22:55,Morning,Weekend
Bread,2017-01-04 10:28:45,Morning,Weekend
Alfajores,2017-01-04 10:28:45,Morning,Weekend
Tiffin,2017-01-04 10:28:45,Morning,Weekend
Bread,2017-01-04 10:29:45,Morning,Weekend
Coffee,2017-01-04 10:30:48,Morning,Weekend
Scone,2017-01-04 10:30:48,Morning,Weekend
Coffee granules ,2017-01-04 10:31:56,Morning,Weekend
Bread,2017-01-04 10:40:35,Morning,Weekend
Sandwich,2017-01-04 10:40:35,Morning,Weekend
Brownie,2017-01-04 10:40:35,Morning,Weekend
Cookies,2017-01-04 10:40:35,Morning,Weekend
Bread,2017-01-04 10:40:35,Morning,Weekend
Coffee,2017-01-04 10:49:19,Morning,Weekend
Cookies,2017-01-04 10:49:19,Morning,Weekend
Pastry,2017-01-04 10:49:52,Morning,Weekend
Coffee,2017-01-04 10:49:52,Morning,Weekend
Coffee,2017-01-04 10:50:30,Morning,Weekend
Bread,2017-01-04 10:55:12,Morning,Weekend
Cookies,2017-01-04 10:55:12,Morning,Weekend
Cake,2017-01-04 10:55:12,Morning,Weekend
Bread,2017-01-04 10:58:01,Morning,Weekend
Coffee,2017-01-04 10:58:01,Morning,Weekend
Truffles,2017-01-04 10:58:01,Morning,Weekend
Coffee,2017-01-04 11:14:37,Morning,Weekend
Coffee,2017-01-04 11:14:37,Morning,Weekend
Coffee,2017-01-04 11:16:41,Morning,Weekend
Juice,2017-01-04 11:16:41,Morning,Weekend
Toast,2017-01-04 11:16:41,Morning,Weekend
Bread,2017-01-04 11:22:25,Morning,Weekend
Bread,2017-01-04 11:22:25,Morning,Weekend
Baguette,2017-01-04 11:27:02,Morning,Weekend
Coffee,2017-01-04 11:27:02,Morning,Weekend
Truffles,2017-01-04 11:27:02,Morning,Weekend
Medialuna,2017-01-04 11:27:02,Morning,Weekend
Alfajores,2017-01-04 11:27:02,Morning,Weekend
Juice,2017-01-04 11:27:02,Morning,Weekend
Coffee,2017-01-04 11:27:37,Morning,Weekend
Cookies,2017-01-04 11:27:37,Morning,Weekend
Coffee,2017-01-04 11:29:27,Morning,Weekend
The Nomad,2017-01-04 11:29:27,Morning,Weekend
Bread,2017-01-04 11:29:42,Morning,Weekend
Baguette,2017-01-04 11:29:42,Morning,Weekend
Bread,2017-01-04 11:32:02,Morning,Weekend
Granola,2017-01-04 11:40:00,Morning,Weekend
Coffee,2017-01-04 11:40:00,Morning,Weekend
Bread,2017-01-04 12:01:57,Afternoon,Weekend
Tea,2017-01-04 12:01:57,Afternoon,Weekend
Pastry,2017-01-04 12:01:57,Afternoon,Weekend
Coffee,2017-01-04 12:03:34,Afternoon,Weekend
Coffee,2017-01-04 12:03:34,Afternoon,Weekend
Crisps,2017-01-04 12:06:02,Afternoon,Weekend
Bread,2017-01-04 12:08:57,Afternoon,Weekend
Bread,2017-01-04 12:13:35,Afternoon,Weekend
Smoothies,2017-01-04 12:13:35,Afternoon,Weekend
Spanish Brunch,2017-01-04 12:13:35,Afternoon,Weekend
Coffee,2017-01-04 12:13:35,Afternoon,Weekend
Coffee,2017-01-04 12:14:46,Afternoon,Weekend
Juice,2017-01-04 12:16:14,Afternoon,Weekend
Tea,2017-01-04 12:27:46,Afternoon,Weekend
Coffee,2017-01-04 12:27:46,Afternoon,Weekend
Coffee,2017-01-04 12:41:46,Afternoon,Weekend
Tea,2017-01-04 12:41:46,Afternoon,Weekend
Cake,2017-01-04 12:41:46,Afternoon,Weekend
Pastry,2017-01-04 12:41:46,Afternoon,Weekend
Coffee,2017-01-04 12:47:31,Afternoon,Weekend
Tiffin,2017-01-04 12:47:31,Afternoon,Weekend
Cake,2017-01-04 12:53:17,Afternoon,Weekend
Coffee,2017-01-04 12:56:36,Afternoon,Weekend
Spanish Brunch,2017-01-04 12:56:36,Afternoon,Weekend
The Nomad,2017-01-04 12:56:36,Afternoon,Weekend
Cake,2017-01-04 12:56:36,Afternoon,Weekend
Tiffin,2017-01-04 12:56:36,Afternoon,Weekend
Bread,2017-01-04 13:03:07,Afternoon,Weekend
Bread,2017-01-04 13:03:07,Afternoon,Weekend
Brownie,2017-01-04 13:03:07,Afternoon,Weekend
Bread,2017-01-04 13:06:44,Afternoon,Weekend
Juice,2017-01-04 13:06:44,Afternoon,Weekend
Coffee,2017-01-04 13:06:44,Afternoon,Weekend
The Nomad,2017-01-04 13:06:44,Afternoon,Weekend
Sandwich,2017-01-04 13:06:44,Afternoon,Weekend
Bread,2017-01-04 13:08:42,Afternoon,Weekend
Alfajores,2017-01-04 13:08:42,Afternoon,Weekend
Alfajores,2017-01-04 13:08:42,Afternoon,Weekend
Bread,2017-01-04 13:17:00,Afternoon,Weekend
Smoothies,2017-01-04 13:17:00,Afternoon,Weekend
Coffee,2017-01-04 13:17:00,Afternoon,Weekend
Muffin,2017-01-04 13:17:00,Afternoon,Weekend
Sandwich,2017-01-04 13:17:00,Afternoon,Weekend
Bread,2017-01-04 13:22:45,Afternoon,Weekend
Coffee,2017-01-04 13:33:58,Afternoon,Weekend
Juice,2017-01-04 13:33:58,Afternoon,Weekend
Truffles,2017-01-04 13:33:58,Afternoon,Weekend
Sandwich,2017-01-04 13:33:58,Afternoon,Weekend
Sandwich,2017-01-04 13:33:58,Afternoon,Weekend
Pastry,2017-01-04 13:33:58,Afternoon,Weekend
Coke,2017-01-04 13:33:58,Afternoon,Weekend
Tea,2017-01-04 13:36:26,Afternoon,Weekend
Soup,2017-01-04 13:36:26,Afternoon,Weekend
Chicken Stew,2017-01-04 13:36:26,Afternoon,Weekend
Coke,2017-01-04 14:07:44,Afternoon,Weekend
Soup,2017-01-04 14:07:44,Afternoon,Weekend
Sandwich,2017-01-04 14:12:29,Afternoon,Weekend
Truffles,2017-01-04 14:12:29,Afternoon,Weekend
Coffee,2017-01-04 14:12:29,Afternoon,Weekend
Pastry,2017-01-04 14:12:29,Afternoon,Weekend
Cookies,2017-01-04 14:15:57,Afternoon,Weekend
Cake,2017-01-04 14:15:57,Afternoon,Weekend
Brownie,2017-01-04 14:15:57,Afternoon,Weekend
Coffee,2017-01-04 14:15:57,Afternoon,Weekend
Bread,2017-01-04 14:18:47,Afternoon,Weekend
Coffee,2017-01-04 14:28:00,Afternoon,Weekend
Bread,2017-01-04 14:28:00,Afternoon,Weekend
Soup,2017-01-04 14:28:00,Afternoon,Weekend
Scone,2017-01-04 14:45:27,Afternoon,Weekend
Bread,2017-01-04 14:47:50,Afternoon,Weekend
Cake,2017-01-04 14:47:50,Afternoon,Weekend
Medialuna,2017-01-04 14:51:20,Afternoon,Weekend
Bread,2017-01-04 14:51:20,Afternoon,Weekend
Muffin,2017-01-04 14:51:20,Afternoon,Weekend
Coffee,2017-01-04 14:51:20,Afternoon,Weekend
Sandwich,2017-01-04 14:51:20,Afternoon,Weekend
Honey,2017-01-04 15:34:46,Afternoon,Weekend
Scandinavian,2017-01-04 15:34:46,Afternoon,Weekend
Coffee,2017-01-04 15:35:08,Afternoon,Weekend
Alfajores,2017-01-04 15:44:07,Afternoon,Weekend
Brownie,2017-01-04 15:44:07,Afternoon,Weekend
Cake,2017-01-04 15:44:07,Afternoon,Weekend
Bread,2017-01-04 15:48:13,Afternoon,Weekend
Coffee,2017-01-04 15:49:12,Afternoon,Weekend
Mineral water,2017-01-04 15:54:46,Afternoon,Weekend
Truffles,2017-01-04 15:58:51,Afternoon,Weekend
Spanish Brunch,2017-01-04 15:58:51,Afternoon,Weekend
Soup,2017-01-04 16:08:10,Afternoon,Weekend
Bread,2017-01-04 16:08:10,Afternoon,Weekend
Coffee,2017-01-04 16:08:10,Afternoon,Weekend
Sandwich,2017-01-04 16:18:11,Afternoon,Weekend
Bread,2017-01-04 16:46:41,Afternoon,Weekend
Coffee,2017-01-04 17:30:11,Evening,Weekend
Coffee,2017-01-04 17:30:11,Evening,Weekend
Chicken Stew,2017-01-04 17:30:11,Evening,Weekend
Extra Salami or Feta,2017-01-04 17:30:11,Evening,Weekend
Tea,2017-01-04 17:39:33,Evening,Weekend
Bread,2017-01-04 17:39:33,Evening,Weekend
Coffee,2017-01-04 17:39:33,Evening,Weekend
Scone,2017-01-04 17:39:33,Evening,Weekend
Medialuna,2017-01-04 17:39:33,Evening,Weekend
Bread,2017-01-04 17:39:33,Evening,Weekend
Tea,2017-02-04 09:49:32,Morning,Weekend
Granola,2017-02-04 09:49:32,Morning,Weekend
Bread,2017-02-04 09:50:15,Morning,Weekend
Hot chocolate,2017-02-04 09:51:23,Morning,Weekend
Bread,2017-02-04 09:51:23,Morning,Weekend
Tiffin,2017-02-04 09:51:23,Morning,Weekend
Bread,2017-02-04 09:51:48,Morning,Weekend
Coffee,2017-02-04 09:53:06,Morning,Weekend
Coffee,2017-02-04 09:54:40,Morning,Weekend
Coffee,2017-02-04 09:54:56,Morning,Weekend
Coffee,2017-02-04 10:14:47,Morning,Weekend
Coffee,2017-02-04 10:14:47,Morning,Weekend
Cake,2017-02-04 10:14:47,Morning,Weekend
Cookies,2017-02-04 10:14:47,Morning,Weekend
Hot chocolate,2017-02-04 10:16:19,Morning,Weekend
Coffee,2017-02-04 10:16:19,Morning,Weekend
Cake,2017-02-04 10:16:19,Morning,Weekend
Coffee,2017-02-04 10:24:09,Morning,Weekend
Pastry,2017-02-04 10:24:09,Morning,Weekend
Muffin,2017-02-04 10:29:19,Morning,Weekend
Coffee,2017-02-04 10:29:19,Morning,Weekend
Coffee,2017-02-04 10:29:19,Morning,Weekend
Bread,2017-02-04 10:37:18,Morning,Weekend
Coffee,2017-02-04 10:37:18,Morning,Weekend
Coffee,2017-02-04 10:37:18,Morning,Weekend
Coffee,2017-02-04 10:49:32,Morning,Weekend
Coffee,2017-02-04 10:49:32,Morning,Weekend
Coffee,2017-02-04 10:49:32,Morning,Weekend
Coffee,2017-02-04 10:50:11,Morning,Weekend
Coffee,2017-02-04 10:50:11,Morning,Weekend
Medialuna,2017-02-04 10:50:11,Morning,Weekend
Bread,2017-02-04 10:50:59,Morning,Weekend
Tea,2017-02-04 10:53:22,Morning,Weekend
Coffee,2017-02-04 10:53:22,Morning,Weekend
Cookies,2017-02-04 10:53:22,Morning,Weekend
Coffee,2017-02-04 11:03:28,Morning,Weekend
Bread,2017-02-04 11:03:28,Morning,Weekend
Bread,2017-02-04 11:07:04,Morning,Weekend
Coffee,2017-02-04 11:14:08,Morning,Weekend
Cake,2017-02-04 11:27:03,Morning,Weekend
Brownie,2017-02-04 11:27:03,Morning,Weekend
Bread,2017-02-04 11:30:27,Morning,Weekend
Farm House,2017-02-04 11:30:27,Morning,Weekend
Pastry,2017-02-04 11:48:02,Morning,Weekend
Cake,2017-02-04 11:48:02,Morning,Weekend
Coffee,2017-02-04 12:00:43,Afternoon,Weekend
Sandwich,2017-02-04 12:00:43,Afternoon,Weekend
Bread,2017-02-04 12:00:43,Afternoon,Weekend
Scandinavian,2017-02-04 12:00:43,Afternoon,Weekend
Fudge,2017-02-04 12:00:43,Afternoon,Weekend
Bread,2017-02-04 12:02:22,Afternoon,Weekend
Coffee,2017-02-04 12:10:01,Afternoon,Weekend
Jammie Dodgers,2017-02-04 12:10:01,Afternoon,Weekend
Tiffin,2017-02-04 12:10:01,Afternoon,Weekend
Juice,2017-02-04 12:10:01,Afternoon,Weekend
Bread,2017-02-04 12:55:39,Afternoon,Weekend
Coffee,2017-02-04 13:00:31,Afternoon,Weekend
Sandwich,2017-02-04 13:00:31,Afternoon,Weekend
Spanish Brunch,2017-02-04 13:02:44,Afternoon,Weekend
Truffles,2017-02-04 13:06:37,Afternoon,Weekend
Crisps,2017-02-04 13:06:37,Afternoon,Weekend
Sandwich,2017-02-04 13:06:37,Afternoon,Weekend
Bread,2017-02-04 13:19:35,Afternoon,Weekend
Muffin,2017-02-04 13:19:35,Afternoon,Weekend
Coke,2017-02-04 13:19:35,Afternoon,Weekend
Sandwich,2017-02-04 13:19:35,Afternoon,Weekend
Tea,2017-02-04 13:19:35,Afternoon,Weekend
Farm House,2017-02-04 13:19:35,Afternoon,Weekend
Coffee,2017-02-04 13:27:50,Afternoon,Weekend
Pastry,2017-02-04 13:27:50,Afternoon,Weekend
Bread,2017-02-04 13:27:50,Afternoon,Weekend
Scone,2017-02-04 13:49:13,Afternoon,Weekend
Pastry,2017-02-04 13:49:13,Afternoon,Weekend
Cake,2017-02-04 13:49:13,Afternoon,Weekend
Alfajores,2017-02-04 13:49:13,Afternoon,Weekend
Coffee,2017-02-04 13:51:55,Afternoon,Weekend
Cake,2017-02-04 13:51:55,Afternoon,Weekend
Argentina Night,2017-02-04 13:52:54,Afternoon,Weekend
Soup,2017-02-04 13:54:41,Afternoon,Weekend
Cake,2017-02-04 14:34:38,Afternoon,Weekend
Cake,2017-02-04 14:34:38,Afternoon,Weekend
Smoothies,2017-02-04 14:34:38,Afternoon,Weekend
Cake,2017-02-04 14:35:24,Afternoon,Weekend
Pastry,2017-02-04 14:48:28,Afternoon,Weekend
Bread,2017-02-04 14:48:28,Afternoon,Weekend
Truffles,2017-02-04 14:48:28,Afternoon,Weekend
Coffee,2017-02-04 15:01:07,Afternoon,Weekend
Tea,2017-02-04 15:01:07,Afternoon,Weekend
Scone,2017-02-04 15:01:07,Afternoon,Weekend
Bread,2017-02-04 15:01:07,Afternoon,Weekend
Cake,2017-02-04 15:03:28,Afternoon,Weekend
Bread,2017-02-04 15:03:28,Afternoon,Weekend
Sandwich,2017-02-04 15:03:28,Afternoon,Weekend
Sandwich,2017-02-04 15:03:28,Afternoon,Weekend
Sandwich,2017-02-04 15:07:03,Afternoon,Weekend
Coffee,2017-02-04 15:07:03,Afternoon,Weekend
Coffee,2017-02-04 15:19:49,Afternoon,Weekend
Coffee,2017-02-04 15:19:49,Afternoon,Weekend
Cake,2017-02-04 15:19:49,Afternoon,Weekend
Coffee,2017-02-04 15:22:05,Afternoon,Weekend
Juice,2017-02-04 15:22:05,Afternoon,Weekend
Spanish Brunch,2017-02-04 15:22:05,Afternoon,Weekend
Coffee,2017-02-04 15:26:57,Afternoon,Weekend
Coffee,2017-02-04 15:26:57,Afternoon,Weekend
Coffee,2017-02-04 15:26:57,Afternoon,Weekend
Cake,2017-02-04 15:26:57,Afternoon,Weekend
Sandwich,2017-02-04 15:26:57,Afternoon,Weekend
Cookies,2017-02-04 15:28:48,Afternoon,Weekend
Cake,2017-02-04 15:35:18,Afternoon,Weekend
Tea,2017-02-04 15:35:18,Afternoon,Weekend
Cake,2017-02-04 15:48:41,Afternoon,Weekend
Cookies,2017-02-04 15:48:41,Afternoon,Weekend
Bread,2017-02-04 15:48:41,Afternoon,Weekend
Juice,2017-02-04 15:48:41,Afternoon,Weekend
Farm House,2017-03-04 08:24:14,Morning,Weekday
Coffee,2017-03-04 09:25:59,Morning,Weekday
Coffee,2017-03-04 09:27:41,Morning,Weekday
Bread,2017-03-04 09:27:41,Morning,Weekday
Coffee,2017-03-04 09:36:40,Morning,Weekday
Tea,2017-03-04 10:06:44,Morning,Weekday
Coffee,2017-03-04 10:09:47,Morning,Weekday
Coffee,2017-03-04 10:09:47,Morning,Weekday
Coffee,2017-03-04 10:14:05,Morning,Weekday
Coffee,2017-03-04 10:14:05,Morning,Weekday
Pastry,2017-03-04 10:14:05,Morning,Weekday
Sandwich,2017-03-04 10:14:05,Morning,Weekday
Bread,2017-03-04 10:21:31,Morning,Weekday
Scone,2017-03-04 10:21:31,Morning,Weekday
Coffee,2017-03-04 10:22:30,Morning,Weekday
Coffee,2017-03-04 10:22:30,Morning,Weekday
Toast,2017-03-04 10:22:30,Morning,Weekday
Granola,2017-03-04 10:22:30,Morning,Weekday
Coffee,2017-03-04 10:23:33,Morning,Weekday
Coffee,2017-03-04 10:23:33,Morning,Weekday
Pastry,2017-03-04 10:23:33,Morning,Weekday
Cake,2017-03-04 10:23:33,Morning,Weekday
Tea,2017-03-04 10:24:19,Morning,Weekday
Farm House,2017-03-04 10:42:28,Morning,Weekday
Coffee,2017-03-04 10:45:41,Morning,Weekday
Coffee,2017-03-04 10:54:19,Morning,Weekday
Pastry,2017-03-04 10:54:19,Morning,Weekday
Coffee,2017-03-04 11:14:22,Morning,Weekday
Truffles,2017-03-04 11:14:22,Morning,Weekday
Pastry,2017-03-04 11:14:22,Morning,Weekday
Bread,2017-03-04 11:14:22,Morning,Weekday
Bread,2017-03-04 11:22:43,Morning,Weekday
Coffee,2017-03-04 11:44:04,Morning,Weekday
Coffee,2017-03-04 11:44:04,Morning,Weekday
Coffee granules ,2017-03-04 11:44:04,Morning,Weekday
The Nomad,2017-03-04 11:58:00,Morning,Weekday
Bread,2017-03-04 12:02:58,Afternoon,Weekday
Bread,2017-03-04 12:03:37,Afternoon,Weekday
Cookies,2017-03-04 12:03:37,Afternoon,Weekday
Bread,2017-03-04 12:04:16,Afternoon,Weekday
Truffles,2017-03-04 12:04:40,Afternoon,Weekday
Coffee,2017-03-04 12:17:43,Afternoon,Weekday
Sandwich,2017-03-04 12:17:43,Afternoon,Weekday
Cake,2017-03-04 12:17:43,Afternoon,Weekday
Coffee,2017-03-04 12:18:59,Afternoon,Weekday
Toast,2017-03-04 12:18:59,Afternoon,Weekday
Tea,2017-03-04 12:21:02,Afternoon,Weekday
Coffee,2017-03-04 12:21:02,Afternoon,Weekday
Toast,2017-03-04 12:21:02,Afternoon,Weekday
Scandinavian,2017-03-04 12:21:02,Afternoon,Weekday
Farm House,2017-03-04 12:21:02,Afternoon,Weekday
Bread,2017-03-04 12:23:27,Afternoon,Weekday
Coffee,2017-03-04 12:23:58,Afternoon,Weekday
Coffee,2017-03-04 13:19:54,Afternoon,Weekday
Scone,2017-03-04 13:27:45,Afternoon,Weekday
Bread,2017-03-04 13:27:45,Afternoon,Weekday
Spanish Brunch,2017-03-04 13:27:45,Afternoon,Weekday
Coffee,2017-03-04 13:47:58,Afternoon,Weekday
Coffee,2017-03-04 13:47:58,Afternoon,Weekday
Cookies,2017-03-04 13:47:58,Afternoon,Weekday
Mineral water,2017-03-04 13:48:44,Afternoon,Weekday
Truffles,2017-03-04 13:48:44,Afternoon,Weekday
Coke,2017-03-04 13:48:44,Afternoon,Weekday
Scone,2017-03-04 13:48:44,Afternoon,Weekday
Sandwich,2017-03-04 13:55:18,Afternoon,Weekday
Soup,2017-03-04 13:55:18,Afternoon,Weekday
Coffee,2017-03-04 14:06:24,Afternoon,Weekday
Coffee,2017-03-04 14:17:59,Afternoon,Weekday
Coffee,2017-03-04 14:17:59,Afternoon,Weekday
Medialuna,2017-03-04 14:17:59,Afternoon,Weekday
Cake,2017-03-04 14:17:59,Afternoon,Weekday
Tea,2017-03-04 14:42:03,Afternoon,Weekday
Sandwich,2017-03-04 14:42:03,Afternoon,Weekday
Bread,2017-03-04 14:44:53,Afternoon,Weekday
Coffee,2017-03-04 14:46:49,Afternoon,Weekday
Coffee,2017-03-04 14:46:49,Afternoon,Weekday
Sandwich,2017-03-04 14:46:49,Afternoon,Weekday
Coffee,2017-03-04 14:50:23,Afternoon,Weekday
Bread,2017-03-04 14:50:23,Afternoon,Weekday
Scone,2017-03-04 14:50:23,Afternoon,Weekday
Coffee,2017-03-04 14:52:18,Afternoon,Weekday
Coffee,2017-03-04 15:25:35,Afternoon,Weekday
Jammie Dodgers,2017-03-04 15:25:35,Afternoon,Weekday
Juice,2017-03-04 15:25:35,Afternoon,Weekday
Cookies,2017-03-04 15:26:10,Afternoon,Weekday
Soup,2017-03-04 15:28:44,Afternoon,Weekday
Bread,2017-03-04 15:33:37,Afternoon,Weekday
Sandwich,2017-03-04 15:33:37,Afternoon,Weekday
Tea,2017-03-04 15:38:36,Afternoon,Weekday
Cookies,2017-03-04 15:38:36,Afternoon,Weekday
Cookies,2017-03-04 15:48:05,Afternoon,Weekday
Cake,2017-03-04 15:48:05,Afternoon,Weekday
Tea,2017-03-04 15:48:05,Afternoon,Weekday
Tea,2017-03-04 15:53:30,Afternoon,Weekday
Coffee,2017-03-04 15:53:30,Afternoon,Weekday
Alfajores,2017-03-04 15:53:30,Afternoon,Weekday
Medialuna,2017-03-04 16:04:17,Afternoon,Weekday
Scone,2017-03-04 16:19:26,Afternoon,Weekday
Bread,2017-03-04 16:19:26,Afternoon,Weekday
Tea,2017-03-04 16:20:49,Afternoon,Weekday
Alfajores,2017-03-04 16:20:49,Afternoon,Weekday
Toast,2017-03-04 16:20:49,Afternoon,Weekday
Soup,2017-03-04 16:28:24,Afternoon,Weekday
Coffee,2017-03-04 16:28:24,Afternoon,Weekday
Medialuna,2017-03-04 16:28:24,Afternoon,Weekday
Tiffin,2017-03-04 16:46:44,Afternoon,Weekday
Cookies,2017-03-04 16:46:44,Afternoon,Weekday
Hot chocolate,2017-03-04 16:46:44,Afternoon,Weekday
Coffee,2017-03-04 16:50:02,Afternoon,Weekday
Cookies,2017-03-04 16:59:16,Afternoon,Weekday
Alfajores,2017-03-04 17:08:35,Evening,Weekday
Bread,2017-03-04 17:18:40,Evening,Weekday
Bread,2017-03-04 17:19:05,Evening,Weekday
Tea,2017-03-04 17:36:10,Evening,Weekday
Hot chocolate,2017-03-04 17:36:10,Evening,Weekday
Cake,2017-03-04 17:36:10,Evening,Weekday
Salad,2017-03-04 17:36:10,Evening,Weekday
Coffee,2017-03-04 17:36:10,Evening,Weekday
Coffee,2017-04-04 07:58:54,Morning,Weekday
Bread,2017-04-04 08:01:35,Morning,Weekday
Mineral water,2017-04-04 08:01:35,Morning,Weekday
Coffee,2017-04-04 08:24:12,Morning,Weekday
Cookies,2017-04-04 08:24:12,Morning,Weekday
Coffee,2017-04-04 08:26:02,Morning,Weekday
Toast,2017-04-04 08:26:02,Morning,Weekday
Cake,2017-04-04 08:38:17,Morning,Weekday
Pastry,2017-04-04 08:38:17,Morning,Weekday
Coffee,2017-04-04 08:52:41,Morning,Weekday
Coffee,2017-04-04 08:53:04,Morning,Weekday
Coffee,2017-04-04 09:04:01,Morning,Weekday
Extra Salami or Feta,2017-04-04 09:04:01,Morning,Weekday
Bread,2017-04-04 09:14:41,Morning,Weekday
Pastry,2017-04-04 09:14:41,Morning,Weekday
Tea,2017-04-04 09:15:32,Morning,Weekday
Coke,2017-04-04 09:21:30,Morning,Weekday
Coffee,2017-04-04 09:22:01,Morning,Weekday
Bread,2017-04-04 09:27:37,Morning,Weekday
Coffee,2017-04-04 10:36:10,Morning,Weekday
Coffee,2017-04-04 10:36:10,Morning,Weekday
Pastry,2017-04-04 10:36:10,Morning,Weekday
Coffee,2017-04-04 10:38:57,Morning,Weekday
Coffee,2017-04-04 10:44:32,Morning,Weekday
Coffee,2017-04-04 10:46:43,Morning,Weekday
Coffee,2017-04-04 10:46:43,Morning,Weekday
Bread,2017-04-04 11:04:29,Morning,Weekday
Honey,2017-04-04 11:04:29,Morning,Weekday
Jammie Dodgers,2017-04-04 11:04:29,Morning,Weekday
Bread,2017-04-04 11:09:31,Morning,Weekday
Coffee,2017-04-04 11:09:31,Morning,Weekday
Jammie Dodgers,2017-04-04 11:09:31,Morning,Weekday
Coffee,2017-04-04 11:23:21,Morning,Weekday
Bread,2017-04-04 11:23:21,Morning,Weekday
Bread,2017-04-04 11:23:21,Morning,Weekday
Pastry,2017-04-04 11:35:40,Morning,Weekday
Bread,2017-04-04 11:35:40,Morning,Weekday
Coffee,2017-04-04 11:42:23,Morning,Weekday
Eggs,2017-04-04 11:43:29,Morning,Weekday
Bread,2017-04-04 11:47:40,Morning,Weekday
Cake,2017-04-04 11:47:40,Morning,Weekday
Coffee,2017-04-04 11:52:09,Morning,Weekday
Bread,2017-04-04 11:59:23,Morning,Weekday
Juice,2017-04-04 12:11:45,Afternoon,Weekday
Bread,2017-04-04 12:11:45,Afternoon,Weekday
Coffee,2017-04-04 12:18:12,Afternoon,Weekday
Coffee,2017-04-04 12:18:56,Afternoon,Weekday
Coffee,2017-04-04 12:19:48,Afternoon,Weekday
Extra Salami or Feta,2017-04-04 12:19:48,Afternoon,Weekday
Coffee,2017-04-04 12:30:44,Afternoon,Weekday
Coffee,2017-04-04 12:30:44,Afternoon,Weekday
Coffee,2017-04-04 12:30:44,Afternoon,Weekday
Bread,2017-04-04 12:30:44,Afternoon,Weekday
Coffee,2017-04-04 12:35:44,Afternoon,Weekday
Coffee,2017-04-04 12:50:44,Afternoon,Weekday
Juice,2017-04-04 12:50:44,Afternoon,Weekday
Mineral water,2017-04-04 12:50:44,Afternoon,Weekday
Salad,2017-04-04 12:50:44,Afternoon,Weekday
Sandwich,2017-04-04 12:50:44,Afternoon,Weekday
Drinking chocolate spoons ,2017-04-04 12:50:44,Afternoon,Weekday
Chicken Stew,2017-04-04 12:53:58,Afternoon,Weekday
Mineral water,2017-04-04 12:53:58,Afternoon,Weekday
Tea,2017-04-04 12:53:58,Afternoon,Weekday
Coffee,2017-04-04 13:02:00,Afternoon,Weekday
Bread,2017-04-04 13:02:00,Afternoon,Weekday
Coffee,2017-04-04 13:51:33,Afternoon,Weekday
Salad,2017-04-04 13:51:33,Afternoon,Weekday
Bread,2017-04-04 13:52:36,Afternoon,Weekday
Cookies,2017-04-04 13:59:37,Afternoon,Weekday
Tea,2017-04-04 14:25:12,Afternoon,Weekday
Soup,2017-04-04 14:25:12,Afternoon,Weekday
Soup,2017-04-04 14:25:12,Afternoon,Weekday
Coffee,2017-04-04 14:29:06,Afternoon,Weekday
Bread,2017-04-04 14:29:06,Afternoon,Weekday
Cake,2017-04-04 14:29:06,Afternoon,Weekday
Juice,2017-04-04 14:29:06,Afternoon,Weekday
Spanish Brunch,2017-04-04 14:29:06,Afternoon,Weekday
Salad,2017-04-04 14:29:06,Afternoon,Weekday
Extra Salami or Feta,2017-04-04 14:29:06,Afternoon,Weekday
Coffee,2017-04-04 14:30:16,Afternoon,Weekday
Cake,2017-04-04 14:30:16,Afternoon,Weekday
Coffee,2017-04-04 14:30:46,Afternoon,Weekday
Cake,2017-04-04 14:30:46,Afternoon,Weekday
Bread,2017-04-04 14:47:31,Afternoon,Weekday
Soup,2017-04-04 14:47:31,Afternoon,Weekday
Coffee,2017-04-04 14:52:13,Afternoon,Weekday
Bread,2017-04-04 14:52:13,Afternoon,Weekday
Mineral water,2017-04-04 15:12:06,Afternoon,Weekday
Cookies,2017-04-04 15:12:06,Afternoon,Weekday
Coffee,2017-04-04 15:19:49,Afternoon,Weekday
Tea,2017-04-04 15:19:49,Afternoon,Weekday
Coffee,2017-04-04 15:32:39,Afternoon,Weekday
Baguette,2017-04-04 15:32:39,Afternoon,Weekday
Coffee,2017-04-04 15:37:56,Afternoon,Weekday
Salad,2017-04-04 15:37:56,Afternoon,Weekday
Coffee,2017-04-04 15:41:34,Afternoon,Weekday
Bread,2017-04-04 15:41:34,Afternoon,Weekday
Coffee,2017-04-04 15:43:34,Afternoon,Weekday
Tea,2017-04-04 15:43:34,Afternoon,Weekday
Tea,2017-04-04 15:47:40,Afternoon,Weekday
Tea,2017-04-04 15:47:40,Afternoon,Weekday
Coffee,2017-04-04 15:47:40,Afternoon,Weekday
Coffee,2017-04-04 15:47:40,Afternoon,Weekday
Juice,2017-04-04 15:47:40,Afternoon,Weekday
Cake,2017-04-04 15:47:40,Afternoon,Weekday
Cake,2017-04-04 15:47:40,Afternoon,Weekday
Coffee,2017-04-04 16:13:00,Afternoon,Weekday
Cake,2017-04-04 16:13:00,Afternoon,Weekday
Cake,2017-04-04 16:13:50,Afternoon,Weekday
Cake,2017-04-04 16:13:50,Afternoon,Weekday
Coffee,2017-04-04 16:13:50,Afternoon,Weekday
Smoothies,2017-04-04 16:13:50,Afternoon,Weekday
Tea,2017-04-04 16:13:50,Afternoon,Weekday
Chicken Stew,2017-04-04 17:15:27,Evening,Weekday
Tea,2017-04-04 17:15:27,Evening,Weekday
Coffee,2017-05-04 08:32:19,Morning,Weekday
Bread,2017-05-04 08:35:35,Morning,Weekday
Tea,2017-05-04 08:35:35,Morning,Weekday
Hot chocolate,2017-05-04 08:37:21,Morning,Weekday
Bread,2017-05-04 08:37:21,Morning,Weekday
Bread,2017-05-04 08:37:21,Morning,Weekday
Jam,2017-05-04 08:37:21,Morning,Weekday
Christmas common,2017-05-04 08:37:21,Morning,Weekday
Coffee,2017-05-04 08:38:32,Morning,Weekday
Coffee,2017-05-04 09:24:09,Morning,Weekday
Coffee,2017-05-04 09:24:09,Morning,Weekday
Bread,2017-05-04 09:24:09,Morning,Weekday
Coffee,2017-05-04 09:29:47,Morning,Weekday
Hot chocolate,2017-05-04 09:29:47,Morning,Weekday
Hot chocolate,2017-05-04 09:29:47,Morning,Weekday
Pastry,2017-05-04 09:29:47,Morning,Weekday
Tea,2017-05-04 09:35:36,Morning,Weekday
Coffee,2017-05-04 09:35:36,Morning,Weekday
Tea,2017-05-04 10:05:47,Morning,Weekday
Coffee,2017-05-04 10:15:09,Morning,Weekday
Coffee,2017-05-04 10:15:09,Morning,Weekday
Pastry,2017-05-04 10:15:09,Morning,Weekday
Toast,2017-05-04 10:15:09,Morning,Weekday
Bread,2017-05-04 10:30:46,Morning,Weekday
Tea,2017-05-04 10:40:49,Morning,Weekday
Truffles,2017-05-04 10:40:49,Morning,Weekday
Coffee,2017-05-04 10:41:50,Morning,Weekday
Pastry,2017-05-04 10:41:50,Morning,Weekday
Toast,2017-05-04 10:48:34,Morning,Weekday
Bread,2017-05-04 10:48:34,Morning,Weekday
Tea,2017-05-04 10:48:34,Morning,Weekday
Coffee,2017-05-04 10:48:34,Morning,Weekday
Toast,2017-05-04 11:02:01,Morning,Weekday
Coffee,2017-05-04 11:02:01,Morning,Weekday
Bread,2017-05-04 11:02:01,Morning,Weekday
Coffee,2017-05-04 11:05:00,Morning,Weekday
Bread,2017-05-04 11:05:00,Morning,Weekday
Tea,2017-05-04 11:05:00,Morning,Weekday
Pastry,2017-05-04 11:05:00,Morning,Weekday
Muffin,2017-05-04 11:05:00,Morning,Weekday
Pastry,2017-05-04 11:05:53,Morning,Weekday
Coffee,2017-05-04 11:05:53,Morning,Weekday
Tea,2017-05-04 11:10:14,Morning,Weekday
Coffee,2017-05-04 11:10:14,Morning,Weekday
Sandwich,2017-05-04 11:10:14,Morning,Weekday
Salad,2017-05-04 11:30:37,Morning,Weekday
Tea,2017-05-04 11:30:37,Morning,Weekday
Tea,2017-05-04 11:48:01,Morning,Weekday
Pastry,2017-05-04 11:48:01,Morning,Weekday
Farm House,2017-05-04 11:51:48,Morning,Weekday
Coffee,2017-05-04 12:16:32,Afternoon,Weekday
Truffles,2017-05-04 12:16:32,Afternoon,Weekday
Bread,2017-05-04 12:16:32,Afternoon,Weekday
Coffee,2017-05-04 12:41:56,Afternoon,Weekday
Sandwich,2017-05-04 12:41:56,Afternoon,Weekday
Sandwich,2017-05-04 12:43:03,Afternoon,Weekday
Coffee,2017-05-04 12:43:03,Afternoon,Weekday
Salad,2017-05-04 12:44:23,Afternoon,Weekday
Tea,2017-05-04 13:08:42,Afternoon,Weekday
Coffee,2017-05-04 13:08:42,Afternoon,Weekday
Coffee,2017-05-04 13:30:31,Afternoon,Weekday
Tiffin,2017-05-04 13:30:31,Afternoon,Weekday
Bread,2017-05-04 13:30:31,Afternoon,Weekday
Coke,2017-05-04 13:35:05,Afternoon,Weekday
Chicken Stew,2017-05-04 13:35:05,Afternoon,Weekday
Tiffin,2017-05-04 13:35:05,Afternoon,Weekday
Coffee,2017-05-04 13:49:46,Afternoon,Weekday
Muffin,2017-05-04 13:49:46,Afternoon,Weekday
Salad,2017-05-04 13:49:46,Afternoon,Weekday
Extra Salami or Feta,2017-05-04 13:49:46,Afternoon,Weekday
Cake,2017-05-04 14:00:23,Afternoon,Weekday
Bread,2017-05-04 14:15:03,Afternoon,Weekday
Drinking chocolate spoons ,2017-05-04 14:15:03,Afternoon,Weekday
Coffee,2017-05-04 14:20:24,Afternoon,Weekday
Salad,2017-05-04 14:20:24,Afternoon,Weekday
Sandwich,2017-05-04 14:20:24,Afternoon,Weekday
Cake,2017-05-04 14:20:24,Afternoon,Weekday
Cookies,2017-05-04 14:30:07,Afternoon,Weekday
Cake,2017-05-04 14:30:07,Afternoon,Weekday
Coffee,2017-05-04 14:30:07,Afternoon,Weekday
Juice,2017-05-04 14:33:58,Afternoon,Weekday
Coke,2017-05-04 14:33:58,Afternoon,Weekday
Sandwich,2017-05-04 14:33:58,Afternoon,Weekday
Sandwich,2017-05-04 14:33:58,Afternoon,Weekday
Cake,2017-05-04 14:33:58,Afternoon,Weekday
Tiffin,2017-05-04 14:33:58,Afternoon,Weekday
Cake,2017-05-04 14:38:44,Afternoon,Weekday
Coffee,2017-05-04 14:38:44,Afternoon,Weekday
Hot chocolate,2017-05-04 14:38:44,Afternoon,Weekday
Bread,2017-05-04 14:42:43,Afternoon,Weekday
Sandwich,2017-05-04 14:42:43,Afternoon,Weekday
Baguette,2017-05-04 14:44:39,Afternoon,Weekday
Hot chocolate,2017-05-04 14:44:39,Afternoon,Weekday
Bread,2017-05-04 14:49:05,Afternoon,Weekday
Jammie Dodgers,2017-05-04 14:49:05,Afternoon,Weekday
Farm House,2017-05-04 15:17:29,Afternoon,Weekday
Baguette,2017-05-04 15:17:29,Afternoon,Weekday
Pastry,2017-05-04 15:27:29,Afternoon,Weekday
Coke,2017-05-04 15:32:13,Afternoon,Weekday
Bread,2017-05-04 15:33:41,Afternoon,Weekday
Coffee,2017-05-04 15:33:41,Afternoon,Weekday
Scandinavian,2017-05-04 15:47:27,Afternoon,Weekday
Cookies,2017-05-04 15:48:24,Afternoon,Weekday
Coffee,2017-05-04 15:49:51,Afternoon,Weekday
Cake,2017-05-04 15:49:51,Afternoon,Weekday
Cookies,2017-05-04 15:53:16,Afternoon,Weekday
Muffin,2017-05-04 15:53:16,Afternoon,Weekday
Tea,2017-05-04 15:53:16,Afternoon,Weekday
Spanish Brunch,2017-05-04 15:53:16,Afternoon,Weekday
Soup,2017-05-04 15:53:16,Afternoon,Weekday
Bread,2017-05-04 16:07:34,Afternoon,Weekday
Truffles,2017-05-04 16:07:34,Afternoon,Weekday
Cake,2017-05-04 16:07:34,Afternoon,Weekday
Bread,2017-05-04 16:07:34,Afternoon,Weekday
Bread,2017-05-04 16:09:02,Afternoon,Weekday
Coffee,2017-05-04 16:09:02,Afternoon,Weekday
Coffee,2017-05-04 16:12:22,Afternoon,Weekday
Coffee,2017-05-04 16:12:22,Afternoon,Weekday
Cake,2017-05-04 16:12:22,Afternoon,Weekday
Cookies,2017-05-04 16:12:22,Afternoon,Weekday
Bread,2017-05-04 16:12:22,Afternoon,Weekday
Tea,2017-05-04 16:27:04,Afternoon,Weekday
Cake,2017-05-04 16:27:04,Afternoon,Weekday
Bread,2017-05-04 16:44:45,Afternoon,Weekday
Tiffin,2017-05-04 16:47:23,Afternoon,Weekday
Bread,2017-05-04 16:47:23,Afternoon,Weekday
Pastry,2017-05-04 16:50:10,Afternoon,Weekday
Cake,2017-05-04 16:56:56,Afternoon,Weekday
Pastry,2017-05-04 17:01:08,Evening,Weekday
Tea,2017-05-04 17:01:08,Evening,Weekday
Coffee,2017-05-04 17:01:08,Evening,Weekday
Chocolates,2017-05-04 17:22:22,Evening,Weekday
Tea,2017-05-04 17:22:22,Evening,Weekday
Coke,2017-05-04 17:22:22,Evening,Weekday
Juice,2017-05-04 17:22:22,Evening,Weekday
Coffee,2017-05-04 17:22:22,Evening,Weekday
Tiffin,2017-05-04 17:22:22,Evening,Weekday
Alfajores,2017-05-04 17:22:22,Evening,Weekday
Cookies,2017-05-04 17:22:22,Evening,Weekday
Pastry,2017-05-04 17:22:22,Evening,Weekday
Mineral water,2017-05-04 17:22:22,Evening,Weekday
Juice,2017-05-04 22:15:55,Night,Weekday
Mineral water,2017-05-04 22:15:55,Night,Weekday
Coffee,2017-06-04 08:14:25,Morning,Weekday
Bread,2017-06-04 08:39:19,Morning,Weekday
Toast,2017-06-04 08:45:02,Morning,Weekday
Coffee,2017-06-04 08:58:31,Morning,Weekday
Coffee,2017-06-04 09:15:00,Morning,Weekday
Tiffin,2017-06-04 09:15:00,Morning,Weekday
Bread,2017-06-04 09:15:00,Morning,Weekday
Alfajores,2017-06-04 09:28:32,Morning,Weekday
Tea,2017-06-04 09:28:32,Morning,Weekday
Farm House,2017-06-04 09:37:03,Morning,Weekday
Toast,2017-06-04 09:57:26,Morning,Weekday
Coffee,2017-06-04 09:57:26,Morning,Weekday
Bread,2017-06-04 09:58:32,Morning,Weekday
Juice,2017-06-04 09:58:32,Morning,Weekday
Coffee,2017-06-04 09:59:40,Morning,Weekday
Coffee,2017-06-04 10:07:15,Morning,Weekday
Juice,2017-06-04 10:07:15,Morning,Weekday
Jammie Dodgers,2017-06-04 10:31:26,Morning,Weekday
Coffee,2017-06-04 10:31:26,Morning,Weekday
Bread,2017-06-04 10:45:47,Morning,Weekday
Juice,2017-06-04 10:45:47,Morning,Weekday
Coffee,2017-06-04 10:45:47,Morning,Weekday
Coffee,2017-06-04 10:45:47,Morning,Weekday
Cookies,2017-06-04 10:45:47,Morning,Weekday
Bread,2017-06-04 10:45:47,Morning,Weekday
Tiffin,2017-06-04 10:53:10,Morning,Weekday
Juice,2017-06-04 10:53:10,Morning,Weekday
Tea,2017-06-04 10:53:10,Morning,Weekday
Coffee,2017-06-04 11:18:25,Morning,Weekday
Toast,2017-06-04 11:18:25,Morning,Weekday
Coffee,2017-06-04 11:18:25,Morning,Weekday
Bread,2017-06-04 11:19:09,Morning,Weekday
Tea,2017-06-04 11:27:08,Morning,Weekday
Bread,2017-06-04 11:32:18,Morning,Weekday
Alfajores,2017-06-04 11:32:18,Morning,Weekday
Brioche and salami,2017-06-04 11:32:18,Morning,Weekday
Cake,2017-06-04 11:38:17,Morning,Weekday
Tea,2017-06-04 11:38:17,Morning,Weekday
Christmas common,2017-06-04 11:39:24,Morning,Weekday
Farm House,2017-06-04 11:48:41,Morning,Weekday
Scandinavian,2017-06-04 11:48:41,Morning,Weekday
Alfajores,2017-06-04 11:51:58,Morning,Weekday
Coffee,2017-06-04 11:51:58,Morning,Weekday
Juice,2017-06-04 12:04:05,Afternoon,Weekday
Cookies,2017-06-04 12:04:05,Afternoon,Weekday
Art Tray,2017-06-04 12:04:05,Afternoon,Weekday
Salad,2017-06-04 12:04:05,Afternoon,Weekday
Sandwich,2017-06-04 12:29:23,Afternoon,Weekday
Tea,2017-06-04 12:39:57,Afternoon,Weekday
Tea,2017-06-04 12:39:57,Afternoon,Weekday
Sandwich,2017-06-04 12:39:57,Afternoon,Weekday
Soup,2017-06-04 12:58:25,Afternoon,Weekday
Coffee,2017-06-04 12:58:25,Afternoon,Weekday
Coffee,2017-06-04 12:59:39,Afternoon,Weekday
Sandwich,2017-06-04 12:59:39,Afternoon,Weekday
Bread,2017-06-04 13:00:43,Afternoon,Weekday
Bread,2017-06-04 13:06:45,Afternoon,Weekday
Muffin,2017-06-04 13:30:07,Afternoon,Weekday
Soup,2017-06-04 13:30:07,Afternoon,Weekday
Sandwich,2017-06-04 13:40:57,Afternoon,Weekday
Coffee,2017-06-04 13:40:57,Afternoon,Weekday
Coffee,2017-06-04 13:52:26,Afternoon,Weekday
Tiffin,2017-06-04 13:52:26,Afternoon,Weekday
Coffee,2017-06-04 13:53:23,Afternoon,Weekday
Sandwich,2017-06-04 13:53:23,Afternoon,Weekday
Farm House,2017-06-04 13:58:10,Afternoon,Weekday
Coke,2017-06-04 13:58:10,Afternoon,Weekday
Soup,2017-06-04 13:58:10,Afternoon,Weekday
Coffee,2017-06-04 14:02:13,Afternoon,Weekday
Tiffin,2017-06-04 14:02:13,Afternoon,Weekday
Sandwich,2017-06-04 14:03:53,Afternoon,Weekday
Sandwich,2017-06-04 14:05:53,Afternoon,Weekday
Coffee,2017-06-04 14:05:53,Afternoon,Weekday
Bread,2017-06-04 14:05:53,Afternoon,Weekday
Tea,2017-06-04 14:09:39,Afternoon,Weekday
Coffee,2017-06-04 14:09:39,Afternoon,Weekday
Truffles,2017-06-04 14:09:39,Afternoon,Weekday
Coffee,2017-06-04 14:14:01,Afternoon,Weekday
Tea,2017-06-04 14:19:13,Afternoon,Weekday
Sandwich,2017-06-04 14:19:13,Afternoon,Weekday
Sandwich,2017-06-04 14:19:13,Afternoon,Weekday
Sandwich,2017-06-04 14:28:23,Afternoon,Weekday
Sandwich,2017-06-04 14:28:23,Afternoon,Weekday
Coke,2017-06-04 14:28:23,Afternoon,Weekday
Smoothies,2017-06-04 14:28:23,Afternoon,Weekday
Bread,2017-06-04 14:28:23,Afternoon,Weekday
Coffee,2017-06-04 14:28:23,Afternoon,Weekday
Alfajores,2017-06-04 14:28:23,Afternoon,Weekday
Crisps,2017-06-04 14:28:23,Afternoon,Weekday
Coffee,2017-06-04 14:46:07,Afternoon,Weekday
Coffee,2017-06-04 14:46:07,Afternoon,Weekday
Coffee,2017-06-04 14:46:07,Afternoon,Weekday
Toast,2017-06-04 14:46:07,Afternoon,Weekday
Salad,2017-06-04 14:46:07,Afternoon,Weekday
Tea,2017-06-04 14:52:04,Afternoon,Weekday
Muffin,2017-06-04 14:52:04,Afternoon,Weekday
Bread,2017-06-04 14:52:04,Afternoon,Weekday
Soup,2017-06-04 14:52:04,Afternoon,Weekday
Bread,2017-06-04 14:54:40,Afternoon,Weekday
Tiffin,2017-06-04 14:54:40,Afternoon,Weekday
Toast,2017-06-04 15:03:26,Afternoon,Weekday
Bread,2017-06-04 15:03:26,Afternoon,Weekday
Coffee,2017-06-04 15:09:01,Afternoon,Weekday
Sandwich,2017-06-04 15:09:01,Afternoon,Weekday
Coke,2017-06-04 15:35:08,Afternoon,Weekday
Juice,2017-06-04 16:03:20,Afternoon,Weekday
Coffee,2017-06-04 16:03:20,Afternoon,Weekday
Cookies,2017-06-04 16:03:20,Afternoon,Weekday
Alfajores,2017-06-04 16:18:43,Afternoon,Weekday
Bread,2017-06-04 16:18:43,Afternoon,Weekday
Bread,2017-06-04 16:53:18,Afternoon,Weekday
Mineral water,2017-06-04 16:53:18,Afternoon,Weekday
Muffin,2017-06-04 16:53:18,Afternoon,Weekday
Cake,2017-06-04 16:53:18,Afternoon,Weekday
Tea,2017-06-04 17:00:07,Evening,Weekday
Tiffin,2017-06-04 17:00:07,Evening,Weekday
Tea,2017-06-04 17:14:08,Evening,Weekday
Cookies,2017-06-04 17:14:08,Evening,Weekday
Coffee,2017-07-04 08:26:56,Morning,Weekday
Bread,2017-07-04 08:41:29,Morning,Weekday
Pastry,2017-07-04 08:41:29,Morning,Weekday
Coffee,2017-07-04 08:47:29,Morning,Weekday
Coffee,2017-07-04 08:47:29,Morning,Weekday
Medialuna,2017-07-04 08:47:29,Morning,Weekday
Cookies,2017-07-04 08:47:29,Morning,Weekday
Tiffin,2017-07-04 08:47:29,Morning,Weekday
Toast,2017-07-04 08:47:29,Morning,Weekday
Coffee,2017-07-04 08:57:19,Morning,Weekday
Tea,2017-07-04 08:57:19,Morning,Weekday
Coffee,2017-07-04 09:07:38,Morning,Weekday
Coffee,2017-07-04 09:08:09,Morning,Weekday
Medialuna,2017-07-04 09:08:09,Morning,Weekday
Coffee,2017-07-04 09:14:59,Morning,Weekday
Bread,2017-07-04 09:14:59,Morning,Weekday
Cookies,2017-07-04 09:14:59,Morning,Weekday
Coffee,2017-07-04 09:18:08,Morning,Weekday
Tea,2017-07-04 09:56:40,Morning,Weekday
Cake,2017-07-04 09:56:40,Morning,Weekday
Bread,2017-07-04 09:56:40,Morning,Weekday
Bread,2017-07-04 10:24:47,Morning,Weekday
Bread,2017-07-04 10:24:47,Morning,Weekday
Bread,2017-07-04 10:24:47,Morning,Weekday
Coffee,2017-07-04 10:44:29,Morning,Weekday
Medialuna,2017-07-04 10:44:29,Morning,Weekday
Pastry,2017-07-04 10:44:29,Morning,Weekday
Bread,2017-07-04 10:44:29,Morning,Weekday
Cookies,2017-07-04 10:53:58,Morning,Weekday
Bread,2017-07-04 10:53:58,Morning,Weekday
Bread,2017-07-04 10:53:58,Morning,Weekday
Coffee,2017-07-04 10:58:06,Morning,Weekday
Cookies,2017-07-04 10:58:06,Morning,Weekday
Tea,2017-07-04 10:58:47,Morning,Weekday
Juice,2017-07-04 10:58:47,Morning,Weekday
Muffin,2017-07-04 10:58:47,Morning,Weekday
Bread,2017-07-04 11:00:26,Morning,Weekday
Coffee,2017-07-04 11:00:26,Morning,Weekday
Coffee,2017-07-04 11:01:31,Morning,Weekday
Coffee,2017-07-04 11:13:41,Morning,Weekday
Coffee,2017-07-04 12:05:43,Afternoon,Weekday
Toast,2017-07-04 12:05:43,Afternoon,Weekday
Coffee,2017-07-04 12:31:50,Afternoon,Weekday
Toast,2017-07-04 12:31:50,Afternoon,Weekday
Coffee,2017-07-04 12:32:48,Afternoon,Weekday
Toast,2017-07-04 12:32:48,Afternoon,Weekday
Bread,2017-07-04 12:40:24,Afternoon,Weekday
Coffee,2017-07-04 12:44:51,Afternoon,Weekday
Soup,2017-07-04 12:44:51,Afternoon,Weekday
Coffee,2017-07-04 13:01:51,Afternoon,Weekday
Coke,2017-07-04 13:06:01,Afternoon,Weekday
Soup,2017-07-04 13:06:01,Afternoon,Weekday
Sandwich,2017-07-04 13:06:01,Afternoon,Weekday
Tea,2017-07-04 13:06:01,Afternoon,Weekday
Mineral water,2017-07-04 13:06:01,Afternoon,Weekday
Soup,2017-07-04 13:06:52,Afternoon,Weekday
Coffee,2017-07-04 13:14:10,Afternoon,Weekday
Bread,2017-07-04 13:19:11,Afternoon,Weekday
Baguette,2017-07-04 13:39:11,Afternoon,Weekday
Bread,2017-07-04 13:39:11,Afternoon,Weekday
Coffee,2017-07-04 13:39:11,Afternoon,Weekday
Coffee,2017-07-04 13:39:11,Afternoon,Weekday
Coke,2017-07-04 13:45:41,Afternoon,Weekday
Juice,2017-07-04 13:45:41,Afternoon,Weekday
Truffles,2017-07-04 13:45:41,Afternoon,Weekday
Salad,2017-07-04 13:45:41,Afternoon,Weekday
Coffee,2017-07-04 13:45:41,Afternoon,Weekday
Cake,2017-07-04 13:45:41,Afternoon,Weekday
Sandwich,2017-07-04 13:45:41,Afternoon,Weekday
Chicken Stew,2017-07-04 13:45:41,Afternoon,Weekday
Alfajores,2017-07-04 13:45:41,Afternoon,Weekday
Tiffin,2017-07-04 13:46:25,Afternoon,Weekday
Tea,2017-07-04 13:46:25,Afternoon,Weekday
Truffles,2017-07-04 14:04:11,Afternoon,Weekday
Chicken Stew,2017-07-04 14:04:11,Afternoon,Weekday
Coffee,2017-07-04 14:07:23,Afternoon,Weekday
Coffee,2017-07-04 14:41:23,Afternoon,Weekday
Sandwich,2017-07-04 14:50:02,Afternoon,Weekday
Mineral water,2017-07-04 14:50:02,Afternoon,Weekday
Coffee,2017-07-04 15:01:28,Afternoon,Weekday
Coffee,2017-07-04 15:12:03,Afternoon,Weekday
Cookies,2017-07-04 15:23:37,Afternoon,Weekday
Bread,2017-07-04 15:26:07,Afternoon,Weekday
Cake,2017-07-04 15:26:07,Afternoon,Weekday
Tiffin,2017-07-04 15:26:07,Afternoon,Weekday
Cake,2017-07-04 15:26:46,Afternoon,Weekday
Muffin,2017-07-04 15:26:46,Afternoon,Weekday
Alfajores,2017-07-04 15:26:46,Afternoon,Weekday
Scone,2017-07-04 15:44:15,Afternoon,Weekday
Tea,2017-07-04 15:44:15,Afternoon,Weekday
Coffee,2017-07-04 15:56:41,Afternoon,Weekday
Scone,2017-07-04 15:56:41,Afternoon,Weekday
Coke,2017-07-04 16:09:47,Afternoon,Weekday
Coffee,2017-07-04 16:29:52,Afternoon,Weekday
Coffee,2017-07-04 16:29:52,Afternoon,Weekday
Alfajores,2017-07-04 16:29:52,Afternoon,Weekday
Bread,2017-07-04 16:37:48,Afternoon,Weekday
Chicken Stew,2017-07-04 17:30:07,Evening,Weekday
Sandwich,2017-07-04 17:30:07,Evening,Weekday
Bread,2017-08-04 08:23:46,Morning,Weekend
Pastry,2017-08-04 08:23:46,Morning,Weekend
Farm House,2017-08-04 08:25:07,Morning,Weekend
Bread,2017-08-04 08:33:09,Morning,Weekend
Bread,2017-08-04 08:54:26,Morning,Weekend
Coffee,2017-08-04 08:54:26,Morning,Weekend
Argentina Night,2017-08-04 08:58:19,Morning,Weekend
Argentina Night,2017-08-04 08:59:00,Morning,Weekend
Bread,2017-08-04 08:59:37,Morning,Weekend
Pastry,2017-08-04 09:09:47,Morning,Weekend
Alfajores,2017-08-04 09:09:47,Morning,Weekend
Cake,2017-08-04 09:10:47,Morning,Weekend
Hot chocolate,2017-08-04 09:10:47,Morning,Weekend
Coffee,2017-08-04 09:10:47,Morning,Weekend
Bread,2017-08-04 09:18:55,Morning,Weekend
Bread,2017-08-04 09:19:34,Morning,Weekend
Pastry,2017-08-04 09:19:34,Morning,Weekend
Honey,2017-08-04 09:19:34,Morning,Weekend
Salad,2017-08-04 09:24:00,Morning,Weekend
Extra Salami or Feta,2017-08-04 09:24:00,Morning,Weekend
Coffee,2017-08-04 09:24:00,Morning,Weekend
Bread,2017-08-04 09:24:00,Morning,Weekend
Coffee,2017-08-04 09:24:50,Morning,Weekend
Muffin,2017-08-04 09:24:50,Morning,Weekend
Baguette,2017-08-04 09:24:50,Morning,Weekend
Bread,2017-08-04 09:25:14,Morning,Weekend
Pastry,2017-08-04 09:25:49,Morning,Weekend
Farm House,2017-08-04 09:43:35,Morning,Weekend
Farm House,2017-08-04 09:43:35,Morning,Weekend
Bread,2017-08-04 09:48:32,Morning,Weekend
Baguette,2017-08-04 09:48:32,Morning,Weekend
Scandinavian,2017-08-04 09:48:32,Morning,Weekend
Coffee,2017-08-04 09:55:58,Morning,Weekend
Muffin,2017-08-04 09:55:58,Morning,Weekend
Bread,2017-08-04 09:55:58,Morning,Weekend
Bread,2017-08-04 10:10:25,Morning,Weekend
Bread,2017-08-04 10:10:25,Morning,Weekend
Cake,2017-08-04 10:13:55,Morning,Weekend
Alfajores,2017-08-04 10:13:55,Morning,Weekend
Coffee,2017-08-04 10:13:55,Morning,Weekend
Coffee,2017-08-04 10:21:21,Morning,Weekend
Muffin,2017-08-04 10:21:21,Morning,Weekend
Bread,2017-08-04 10:23:55,Morning,Weekend
Coffee,2017-08-04 10:30:17,Morning,Weekend
Juice,2017-08-04 10:30:17,Morning,Weekend
Coffee,2017-08-04 10:33:51,Morning,Weekend
Spanish Brunch,2017-08-04 10:33:51,Morning,Weekend
The Nomad,2017-08-04 10:33:51,Morning,Weekend
Brownie,2017-08-04 10:33:51,Morning,Weekend
Cookies,2017-08-04 10:33:51,Morning,Weekend
Pastry,2017-08-04 10:35:37,Morning,Weekend
Coffee,2017-08-04 10:35:37,Morning,Weekend
Bread,2017-08-04 10:36:49,Morning,Weekend
Coffee,2017-08-04 10:36:49,Morning,Weekend
Sandwich,2017-08-04 10:36:49,Morning,Weekend
Spanish Brunch,2017-08-04 10:36:49,Morning,Weekend
Bread,2017-08-04 10:36:49,Morning,Weekend
Bread,2017-08-04 10:39:09,Morning,Weekend
Tea,2017-08-04 10:43:56,Morning,Weekend
Granola,2017-08-04 10:43:56,Morning,Weekend
Afternoon with the baker,2017-08-04 10:43:56,Morning,Weekend
Argentina Night,2017-08-04 10:43:56,Morning,Weekend
Afternoon with the baker,2017-08-04 10:44:44,Morning,Weekend
Argentina Night,2017-08-04 10:44:44,Morning,Weekend
Tea,2017-08-04 10:44:44,Morning,Weekend
Truffles,2017-08-04 10:48:43,Morning,Weekend
Coffee,2017-08-04 10:48:43,Morning,Weekend
The Nomad,2017-08-04 10:48:43,Morning,Weekend
Baguette,2017-08-04 10:50:13,Morning,Weekend
Pastry,2017-08-04 10:51:11,Morning,Weekend
Coffee,2017-08-04 11:04:05,Morning,Weekend
Coffee,2017-08-04 11:04:46,Morning,Weekend
Scone,2017-08-04 11:04:46,Morning,Weekend
Alfajores,2017-08-04 11:04:46,Morning,Weekend
Coffee,2017-08-04 11:07:38,Morning,Weekend
Truffles,2017-08-04 11:07:38,Morning,Weekend
Pastry,2017-08-04 11:07:38,Morning,Weekend
Baguette,2017-08-04 11:27:08,Morning,Weekend
Scandinavian,2017-08-04 11:27:08,Morning,Weekend
Cake,2017-08-04 11:27:08,Morning,Weekend
Christmas common,2017-08-04 11:27:08,Morning,Weekend
Coffee,2017-08-04 11:28:11,Morning,Weekend
Tacos/Fajita,2017-08-04 11:28:11,Morning,Weekend
Cake,2017-08-04 11:28:11,Morning,Weekend
Bread,2017-08-04 11:39:13,Morning,Weekend
Coffee,2017-08-04 11:39:13,Morning,Weekend
Cookies,2017-08-04 11:39:13,Morning,Weekend
Scone,2017-08-04 11:39:13,Morning,Weekend
Coffee,2017-08-04 11:51:16,Morning,Weekend
Coffee,2017-08-04 11:54:22,Morning,Weekend
Tea,2017-08-04 11:54:22,Morning,Weekend
Smoothies,2017-08-04 11:54:22,Morning,Weekend
Spanish Brunch,2017-08-04 11:54:22,Morning,Weekend
The Nomad,2017-08-04 11:54:22,Morning,Weekend
Bread,2017-08-04 12:06:07,Afternoon,Weekend
Coffee,2017-08-04 12:10:49,Afternoon,Weekend
Brownie,2017-08-04 12:14:40,Afternoon,Weekend
Muffin,2017-08-04 12:14:40,Afternoon,Weekend
Bread,2017-08-04 12:32:00,Afternoon,Weekend
Sandwich,2017-08-04 12:32:33,Afternoon,Weekend
Coffee,2017-08-04 12:36:05,Afternoon,Weekend
Bread,2017-08-04 12:47:36,Afternoon,Weekend
Coffee,2017-08-04 12:49:53,Afternoon,Weekend
Coke,2017-08-04 12:49:53,Afternoon,Weekend
Tacos/Fajita,2017-08-04 12:49:53,Afternoon,Weekend
Sandwich,2017-08-04 12:58:25,Afternoon,Weekend
Spanish Brunch,2017-08-04 12:58:25,Afternoon,Weekend
Tea,2017-08-04 12:58:25,Afternoon,Weekend
Juice,2017-08-04 12:58:25,Afternoon,Weekend
Coffee,2017-08-04 13:08:16,Afternoon,Weekend
Bread,2017-08-04 13:12:32,Afternoon,Weekend
Coffee,2017-08-04 13:12:32,Afternoon,Weekend
Tea,2017-08-04 13:12:32,Afternoon,Weekend
Cake,2017-08-04 13:12:32,Afternoon,Weekend
Truffles,2017-08-04 13:15:34,Afternoon,Weekend
Tacos/Fajita,2017-08-04 13:15:34,Afternoon,Weekend
Bread,2017-08-04 13:15:34,Afternoon,Weekend
Cake,2017-08-04 13:15:34,Afternoon,Weekend
Cake,2017-08-04 13:21:07,Afternoon,Weekend
Sandwich,2017-08-04 13:32:04,Afternoon,Weekend
Juice,2017-08-04 13:32:04,Afternoon,Weekend
Coffee,2017-08-04 13:32:04,Afternoon,Weekend
Juice,2017-08-04 13:50:39,Afternoon,Weekend
Truffles,2017-08-04 13:50:39,Afternoon,Weekend
Bread,2017-08-04 13:50:39,Afternoon,Weekend
Alfajores,2017-08-04 13:50:39,Afternoon,Weekend
Tacos/Fajita,2017-08-04 13:50:39,Afternoon,Weekend
Bread,2017-08-04 14:02:22,Afternoon,Weekend
Bread,2017-08-04 14:06:50,Afternoon,Weekend
Jam,2017-08-04 14:06:50,Afternoon,Weekend
Coffee,2017-08-04 14:10:12,Afternoon,Weekend
Coffee,2017-08-04 14:24:42,Afternoon,Weekend
Coffee,2017-08-04 14:24:42,Afternoon,Weekend
Brownie,2017-08-04 14:24:42,Afternoon,Weekend
The Nomad,2017-08-04 14:34:11,Afternoon,Weekend
Coffee,2017-08-04 14:37:12,Afternoon,Weekend
Scone,2017-08-04 14:37:12,Afternoon,Weekend
Tea,2017-08-04 14:38:01,Afternoon,Weekend
Juice,2017-08-04 14:38:01,Afternoon,Weekend
Tacos/Fajita,2017-08-04 14:38:01,Afternoon,Weekend
Tacos/Fajita,2017-08-04 14:39:01,Afternoon,Weekend
Juice,2017-08-04 14:39:01,Afternoon,Weekend
Bread,2017-08-04 14:50:22,Afternoon,Weekend
Tacos/Fajita,2017-08-04 14:50:22,Afternoon,Weekend
Scandinavian,2017-08-04 14:58:20,Afternoon,Weekend
Tacos/Fajita,2017-08-04 15:00:50,Afternoon,Weekend
Tea,2017-08-04 15:00:50,Afternoon,Weekend
Coffee,2017-08-04 15:00:50,Afternoon,Weekend
Cake,2017-08-04 15:00:50,Afternoon,Weekend
Honey,2017-08-04 15:00:50,Afternoon,Weekend
Bread,2017-08-04 15:03:00,Afternoon,Weekend
Coffee,2017-08-04 15:03:00,Afternoon,Weekend
Sandwich,2017-08-04 15:03:00,Afternoon,Weekend
Sandwich,2017-08-04 15:03:00,Afternoon,Weekend
Coffee,2017-08-04 15:04:45,Afternoon,Weekend
Juice,2017-08-04 15:04:45,Afternoon,Weekend
Cake,2017-08-04 15:04:45,Afternoon,Weekend
Cake,2017-08-04 15:04:45,Afternoon,Weekend
Bread,2017-08-04 15:08:14,Afternoon,Weekend
Scandinavian,2017-08-04 15:08:14,Afternoon,Weekend
Scandinavian,2017-08-04 15:35:26,Afternoon,Weekend
Coke,2017-08-04 15:40:26,Afternoon,Weekend
Truffles,2017-08-04 15:40:26,Afternoon,Weekend
Brownie,2017-08-04 15:40:26,Afternoon,Weekend
Coffee,2017-08-04 15:44:07,Afternoon,Weekend
Eggs,2017-08-04 15:45:26,Afternoon,Weekend
Cherry me Dried fruit,2017-08-04 15:45:26,Afternoon,Weekend
Honey,2017-08-04 16:01:34,Afternoon,Weekend
Scandinavian,2017-08-04 16:02:06,Afternoon,Weekend
Hot chocolate,2017-08-04 16:05:07,Afternoon,Weekend
Coffee,2017-08-04 16:05:07,Afternoon,Weekend
Coffee,2017-08-04 16:05:07,Afternoon,Weekend
Cake,2017-08-04 16:05:07,Afternoon,Weekend
Toast,2017-08-04 16:05:07,Afternoon,Weekend
Alfajores,2017-08-04 16:06:48,Afternoon,Weekend
Coffee,2017-08-04 16:06:48,Afternoon,Weekend
Tea,2017-08-04 16:06:48,Afternoon,Weekend
Juice,2017-08-04 16:14:28,Afternoon,Weekend
Brownie,2017-08-04 16:14:28,Afternoon,Weekend
Cake,2017-08-04 16:16:03,Afternoon,Weekend
Coffee,2017-08-04 16:16:03,Afternoon,Weekend
Soup,2017-08-04 16:16:03,Afternoon,Weekend
Cake,2017-08-04 16:24:15,Afternoon,Weekend
Coffee,2017-08-04 16:25:09,Afternoon,Weekend
Sandwich,2017-08-04 16:25:09,Afternoon,Weekend
Bread,2017-08-04 16:26:08,Afternoon,Weekend
Muffin,2017-08-04 16:26:08,Afternoon,Weekend
Coffee,2017-08-04 16:30:32,Afternoon,Weekend
Muffin,2017-08-04 16:30:32,Afternoon,Weekend
Alfajores,2017-08-04 16:30:32,Afternoon,Weekend
Coffee,2017-08-04 16:30:32,Afternoon,Weekend
Coffee,2017-08-04 16:37:48,Afternoon,Weekend
Salad,2017-08-04 16:37:48,Afternoon,Weekend
Scandinavian,2017-08-04 16:37:48,Afternoon,Weekend
Tea,2017-08-04 16:40:08,Afternoon,Weekend
Juice,2017-08-04 16:40:08,Afternoon,Weekend
Cake,2017-08-04 16:40:08,Afternoon,Weekend
Vegan Feast,2017-08-04 21:43:15,Night,Weekend
Vegan Feast,2017-08-04 22:41:09,Night,Weekend
Vegan Feast,2017-08-04 22:43:06,Night,Weekend
Vegan Feast,2017-08-04 22:45:51,Night,Weekend
Scandinavian,2017-08-04 22:47:27,Night,Weekend
Vegan Feast,2017-08-04 22:48:52,Night,Weekend
Vegan Feast,2017-08-04 22:56:43,Night,Weekend
Vegan Feast,2017-08-04 23:20:54,Night,Weekend
Hot chocolate,2017-09-04 09:29:57,Morning,Weekend
Coffee,2017-09-04 09:29:57,Morning,Weekend
Cake,2017-09-04 09:29:57,Morning,Weekend
Medialuna,2017-09-04 09:29:57,Morning,Weekend
Coffee,2017-09-04 10:03:08,Morning,Weekend
Pastry,2017-09-04 10:03:08,Morning,Weekend
Bread,2017-09-04 10:03:08,Morning,Weekend
Pastry,2017-09-04 10:08:23,Morning,Weekend
Coffee,2017-09-04 10:08:23,Morning,Weekend
Baguette,2017-09-04 10:36:11,Morning,Weekend
Coffee,2017-09-04 10:39:07,Morning,Weekend
Cake,2017-09-04 10:39:07,Morning,Weekend
Hot chocolate,2017-09-04 10:52:02,Morning,Weekend
Half slice Monster ,2017-09-04 10:52:02,Morning,Weekend
My-5 Fruit Shoot,2017-09-04 10:52:02,Morning,Weekend
Tea,2017-09-04 11:14:28,Morning,Weekend
Coffee,2017-09-04 11:17:43,Morning,Weekend
Toast,2017-09-04 11:17:43,Morning,Weekend
Coffee,2017-09-04 11:22:01,Morning,Weekend
Coffee,2017-09-04 11:30:22,Morning,Weekend
Spanish Brunch,2017-09-04 11:30:22,Morning,Weekend
Extra Salami or Feta,2017-09-04 11:30:22,Morning,Weekend
Tea,2017-09-04 11:31:15,Morning,Weekend
Juice,2017-09-04 11:31:15,Morning,Weekend
Cake,2017-09-04 11:31:15,Morning,Weekend
Bread,2017-09-04 11:34:01,Morning,Weekend
Coffee,2017-09-04 11:40:10,Morning,Weekend
Coffee,2017-09-04 11:40:10,Morning,Weekend
Bread,2017-09-04 11:40:10,Morning,Weekend
Coffee,2017-09-04 11:59:57,Morning,Weekend
Juice,2017-09-04 11:59:57,Morning,Weekend
Spanish Brunch,2017-09-04 11:59:57,Morning,Weekend
Coffee,2017-09-04 12:01:07,Afternoon,Weekend
Bread,2017-09-04 12:04:13,Afternoon,Weekend
Sandwich,2017-09-04 12:04:13,Afternoon,Weekend
Sandwich,2017-09-04 12:04:13,Afternoon,Weekend
Tea,2017-09-04 12:07:57,Afternoon,Weekend
Bread,2017-09-04 12:07:57,Afternoon,Weekend
Farm House,2017-09-04 12:15:00,Afternoon,Weekend
Farm House,2017-09-04 12:22:40,Afternoon,Weekend
Bread,2017-09-04 12:28:01,Afternoon,Weekend
Coffee,2017-09-04 12:31:28,Afternoon,Weekend
Cookies,2017-09-04 12:31:28,Afternoon,Weekend
Extra Salami or Feta,2017-09-04 12:31:28,Afternoon,Weekend
Spanish Brunch,2017-09-04 12:32:03,Afternoon,Weekend
Coffee,2017-09-04 12:32:03,Afternoon,Weekend
Bread,2017-09-04 12:32:03,Afternoon,Weekend
Coffee,2017-09-04 13:04:08,Afternoon,Weekend
Smoothies,2017-09-04 13:06:34,Afternoon,Weekend
Sandwich,2017-09-04 13:06:34,Afternoon,Weekend
Tacos/Fajita,2017-09-04 13:20:23,Afternoon,Weekend
Coke,2017-09-04 13:20:23,Afternoon,Weekend
Coffee,2017-09-04 13:49:21,Afternoon,Weekend
Tacos/Fajita,2017-09-04 13:49:21,Afternoon,Weekend
Toast,2017-09-04 13:49:21,Afternoon,Weekend
Bread,2017-09-04 14:08:37,Afternoon,Weekend
Spanish Brunch,2017-09-04 14:08:37,Afternoon,Weekend
Bread,2017-09-04 14:24:03,Afternoon,Weekend
Truffles,2017-09-04 14:30:09,Afternoon,Weekend
Tea,2017-09-04 14:30:09,Afternoon,Weekend
Spanish Brunch,2017-09-04 14:30:09,Afternoon,Weekend
Christmas common,2017-09-04 14:30:09,Afternoon,Weekend
Muffin,2017-09-04 14:32:58,Afternoon,Weekend
Tacos/Fajita,2017-09-04 14:32:58,Afternoon,Weekend
Coffee,2017-09-04 14:32:58,Afternoon,Weekend
Tea,2017-09-04 14:32:58,Afternoon,Weekend
Coffee,2017-09-04 14:57:06,Afternoon,Weekend
Pastry,2017-09-04 14:57:06,Afternoon,Weekend
Smoothies,2017-09-04 15:04:24,Afternoon,Weekend
